theta_deg	R
0.20825	8.4313387E-001
0.20975	8.4148180E-001
0.21125	8.3805937E-001
0.21275	8.3459383E-001
0.21425	8.3287579E-001
0.21575	8.2929915E-001
0.21725	8.2565176E-001
0.21875	8.2384694E-001
0.22025	8.2009917E-001
0.22175	8.1624979E-001
0.22325	8.1432110E-001
0.22475	8.1032068E-001
0.22625	8.0624640E-001
0.22775	8.0208862E-001
0.22925	7.9995698E-001
0.23075	7.9560047E-001
0.23225	7.9109877E-001
0.23375	7.8651673E-001
0.23525	7.8417951E-001
0.23675	7.7936697E-001
0.23825	7.7437210E-001
0.23975	7.6924610E-001
0.24125	7.6390910E-001
0.24275	7.5838941E-001
0.24425	7.5558788E-001
0.24575	7.4981683E-001
0.24725	7.4377382E-001
0.24875	7.3750788E-001
0.25025	7.3101604E-001
0.25175	7.2422427E-001
0.25325	7.1716189E-001
0.25475	7.0981628E-001
0.25625	7.0207697E-001
0.25775	6.9404846E-001
0.25925	6.8562621E-001
0.26075	6.7684245E-001
0.26225	6.6755193E-001
0.26375	6.5785253E-001
0.26525	6.4764273E-001
0.26675	6.3693208E-001
0.26825	6.2569761E-001
0.26975	6.1382461E-001
0.27125	6.0138756E-001
0.27275	5.8834964E-001
0.27425	5.7467222E-001
0.27575	5.6035203E-001
0.27725	5.4544383E-001
0.27875	5.2201992E-001
0.28025	5.0577945E-001
0.28175	4.8915732E-001
0.28325	4.7226375E-001
0.28475	4.5520192E-001
0.28625	4.3812421E-001
0.28775	4.1277611E-001
0.28925	3.9628011E-001
0.29075	3.8022962E-001
0.29225	3.6470410E-001
0.29375	3.4980518E-001
0.29525	3.2867631E-001
0.29675	3.1545863E-001
0.29825	3.0290121E-001
0.29975	2.8519389E-001
0.30125	2.7413520E-001
0.30275	2.6362249E-001
0.30425	2.4884285E-001
0.30575	2.3970783E-001
0.30725	2.3114257E-001
0.30875	2.2714224E-001
0.31025	2.1803130E-001
0.31175	2.0946895E-001
0.31325	2.0139882E-001
0.31475	1.9376719E-001
0.31625	1.8652689E-001
0.31775	1.7964116E-001
0.31925	1.7308547E-001
0.32075	1.6684842E-001
0.32225	1.6093060E-001
0.32375	1.5534015E-001
0.32525	1.5008558E-001
0.32675	1.4516798E-001
0.32825	1.4057392E-001
0.32975	1.3627222E-001
0.33125	1.3221551E-001
0.33275	1.2834676E-001
0.33425	1.2460795E-001
0.33575	1.2095011E-001
0.33725	1.1734082E-001
0.33875	1.1376813E-001
0.34025	1.1024111E-001
0.34175	1.0678643E-001
0.34325	1.0344287E-001
0.34475	1.0025397E-001
0.34625	9.7259969E-002
0.34775	9.4490014E-002
0.34925	9.1955982E-002
0.35075	8.9649290E-002
0.35225	8.7540790E-002
0.35375	8.5584499E-002
0.35525	8.3723769E-002
0.35675	8.1899129E-002
0.35825	8.0056317E-002
0.35975	7.8153580E-002
0.36125	7.6166913E-002
0.36275	7.4092746E-002
0.36425	7.1947858E-002
0.36575	6.9766127E-002
0.36725	6.7593113E-002
0.36875	6.5479368E-002
0.37025	6.3473769E-002
0.37175	6.1617572E-002
0.37325	5.9939630E-002
0.37475	5.8452941E-002
0.37625	5.7152681E-002
0.37775	5.6015994E-002
0.37925	5.5004243E-002
0.38075	5.4067150E-002
0.38225	5.3149033E-002
0.38375	5.2195717E-002
0.38525	5.1161341E-002
0.38675	5.0013948E-002
0.38825	4.8739240E-002
0.38975	4.7342084E-002
0.39125	4.5845862E-002
0.39275	4.4289656E-002
0.39425	4.2723879E-002
0.39575	4.1204456E-002
0.39725	3.9786778E-002
0.39875	3.8519416E-002
0.40025	3.7438598E-002
0.40175	3.6564037E-002
0.40325	3.5896324E-002
0.40475	3.5416611E-002
0.40625	3.5088278E-002
0.40775	3.4860924E-002
0.40925	3.4675848E-002
0.41075	3.4472615E-002
0.41225	3.4195613E-002
0.41375	3.3800010E-002
0.41525	3.3256236E-002
0.41675	3.2552816E-002
0.41825	3.1697210E-002
0.41975	3.0714901E-002
0.42125	2.9646602E-002
0.42275	2.8544020E-002
0.42425	2.7464459E-002
0.42575	2.6464680E-002
0.42725	2.5594961E-002
0.42875	2.4893882E-002
0.43025	2.4384376E-002
0.43175	2.4071546E-002
0.43325	2.3942247E-002
0.43475	2.3966463E-002
0.43625	2.4100464E-002
0.43775	2.4291201E-002
0.43925	2.4481580E-002
0.44075	2.4616042E-002
0.44225	2.4645736E-002
0.44375	2.4532985E-002
0.44525	2.4254542E-002
0.44675	2.3803521E-002
0.44825	2.3189861E-002
0.44975	2.2439351E-002
0.45125	2.1591166E-002
0.45275	2.0694202E-002
0.45425	1.9802488E-002
0.45575	1.8970059E-002
0.45725	1.8245928E-002
0.45875	1.7669607E-002
0.46025	1.7267626E-002
0.46175	1.7051293E-002
0.46325	1.7015874E-002
0.46475	1.7141158E-002
0.46625	1.7393291E-002
0.46775	1.7727884E-002
0.46925	1.8093910E-002
0.47075	1.8438324E-002
0.47225	1.8710703E-002
0.47375	1.8867647E-002
0.47525	1.8876540E-002
0.47675	1.8718241E-002
0.47825	1.8388644E-002
0.47975	1.7898891E-002
0.48125	1.7274160E-002
0.48275	1.6551280E-002
0.48425	1.5775304E-002
0.48575	1.4995527E-002
0.48725	1.4261315E-002
0.48875	1.3618159E-002
0.49025	1.3104182E-002
0.49175	1.2747188E-002
0.49325	1.2562494E-002
0.49475	1.2551606E-002
0.49625	1.2701963E-002
0.49775	1.2987884E-002
0.49925	1.3372734E-002
0.50075	1.3812119E-002
0.50225	1.4257758E-002
0.50375	1.4661564E-002
0.50525	1.4979471E-002
0.50675	1.5174821E-002
0.50825	1.5221062E-002
0.50975	1.5103733E-002
0.51125	1.4821600E-002
0.51275	1.4386798E-002
0.51425	1.3823912E-002
0.51575	1.3167971E-002
0.51725	1.2461553E-002
0.51875	1.1751229E-002
0.52025	1.1083758E-002
0.52175	1.0502332E-002
0.52325	1.0043200E-002
0.52475	9.7329458E-003
0.52625	9.5865866E-003
0.52775	9.6066128E-003
0.52925	9.7830324E-003
0.53075	1.0094325E-002
0.53225	1.0509230E-002
0.53375	1.0989181E-002
0.53525	1.1491186E-002
0.53675	1.1970951E-002
0.53825	1.2386034E-002
0.53975	1.2698897E-002
0.54125	1.2879579E-002
0.54275	1.2907928E-002
0.54425	1.2775159E-002
0.54575	1.2484609E-002
0.54725	1.2051602E-002
0.54875	1.1502356E-002
0.55025	1.0872052E-002
0.55175	1.0202100E-002
0.55325	9.5369844E-003
0.55475	8.9208484E-003
0.55625	8.3942246E-003
0.55775	7.9910327E-003
0.55925	7.7361539E-003
0.56075	7.6436368E-003
0.56225	7.7157337E-003
0.56375	7.9427948E-003
0.56525	8.3040241E-003
0.56675	8.7690158E-003
0.56825	9.2999786E-003
0.56975	9.8544238E-003
0.57125	1.0388205E-002
0.57275	1.0858682E-002
0.57425	1.1227817E-002
0.57575	1.1464958E-002
0.57725	1.1549056E-002
0.57875	1.1470219E-002
0.58025	1.1230369E-002
0.58175	1.0843092E-002
0.58325	1.0332590E-002
0.58475	9.7319763E-003
0.58625	9.0808803E-003
0.58775	8.4226457E-003
0.58925	7.8012813E-003
0.59075	7.2583337E-003
0.59225	6.8299784E-003
0.59375	6.5444447E-003
0.59525	6.4200354E-003
0.59675	6.4638429E-003
0.59825	6.6712513E-003
0.59975	7.0262798E-003
0.60125	7.5026797E-003
0.60275	8.0657275E-003
0.60425	8.6746039E-003
0.60575	9.2851892E-003
0.60725	9.8531442E-003
0.60875	1.0337028E-002
0.61025	1.0701159E-002
0.61175	1.0918131E-002
0.61325	1.0970678E-002
0.61475	1.0852837E-002
0.61625	1.0570380E-002
0.61775	1.0140430E-002
0.61925	9.5903501E-003
0.62075	8.9559257E-003
0.62225	8.2790516E-003
0.62375	7.6049701E-003
0.62525	6.9792978E-003
0.62675	6.4449254E-003
0.62825	6.0389750E-003
0.62975	5.7900655E-003
0.63125	5.7161190E-003
0.63275	5.8229845E-003
0.63425	6.1040344E-003
0.63575	6.5407665E-003
0.63725	7.1042879E-003
0.63875	7.7574495E-003
0.64025	8.4573645E-003
0.64175	9.1580870E-003
0.64325	9.8133767E-003
0.64475	1.0379451E-002
0.64625	1.0817806E-002
0.64775	1.1097838E-002
0.64925	1.1199154E-002
0.65075	1.1113198E-002
0.65225	1.0844044E-002
0.65375	1.0408266E-002
0.65525	9.8338723E-003
0.65675	9.1585005E-003
0.65825	8.4270025E-003
0.65975	7.6886015E-003
0.66125	6.9937902E-003
0.66275	6.3910801E-003
0.66425	5.9238360E-003
0.66575	5.6273034E-003
0.66725	5.5260803E-003
0.66875	5.6322310E-003
0.67025	5.9441933E-003
0.67175	6.4465906E-003
0.67325	7.1109980E-003
0.67475	7.8976583E-003
0.67625	8.7580839E-003
0.67775	9.6383356E-003
0.67925	1.0482715E-002
0.68075	1.1237478E-002
0.68225	1.1854320E-002
0.68375	1.2293406E-002
0.68525	1.2525897E-002
0.68675	1.2535907E-002
0.68825	1.2321774E-002
0.68975	1.1896526E-002
0.69125	1.1287415E-002
0.69275	1.0534468E-002
0.69425	9.6881613E-003
0.69575	8.8063292E-003
0.69725	7.9505425E-003
0.69875	7.1821702E-003
0.70025	6.5584024E-003
0.70175	6.1284639E-003
0.70325	5.9302831E-003
0.70475	5.9878337E-003
0.70625	6.3093067E-003
0.70775	6.8861954E-003
0.70925	7.6934029E-003
0.71075	8.6903768E-003
0.71225	9.8232944E-003
0.71375	1.1028210E-002
0.71525	1.2235049E-002
0.71675	1.3372085E-002
0.71825	1.4370636E-002
0.71975	1.5169541E-002
0.72125	1.5719227E-002
0.72275	1.5985046E-002
0.72425	1.5949830E-002
0.72575	1.5615447E-002
0.72725	1.5003325E-002
0.72875	1.4153761E-002
0.73025	1.3124014E-002
0.73175	1.1985307E-002
0.73325	1.0818830E-002
0.73475	9.7110709E-003
0.73625	8.7485965E-003
0.73775	8.0125751E-003
0.73925	7.5732921E-003
0.74075	7.4850181E-003
0.74225	7.7817198E-003
0.74375	8.4740045E-003
0.74525	9.5475838E-003
0.74675	1.0963372E-002
0.74825	1.2659180E-002
0.74975	1.4552901E-002
0.75125	1.6547030E-002
0.75275	1.8534355E-002
0.75425	2.0404464E-002
0.75575	2.2050681E-002
0.75725	2.3376925E-002
0.75875	2.4303991E-002
0.76025	2.4774967E-002
0.76175	2.4759652E-002
0.76325	2.4257783E-002
0.76475	2.3301031E-002
0.76625	2.1953521E-002
0.76775	2.0310625E-002
0.76925	1.8495670E-002
0.77075	1.6654342E-002
0.77225	1.4946877E-002
0.77375	1.3538339E-002
0.77525	1.2587650E-002
0.77675	1.2236146E-002
0.77825	1.2596621E-002
0.77975	1.3743649E-002
0.78125	1.5706092E-002
0.78275	1.8462375E-002
0.78425	2.1939095E-002
0.78575	2.6013024E-002
0.78725	3.0516626E-002
0.78875	3.5246462E-002
0.79025	3.9974131E-002
0.79175	4.4458836E-002
0.79325	4.8461258E-002
0.79475	5.1757935E-002
0.79625	5.4156139E-002
0.79775	5.5508852E-002
0.79925	5.5729464E-002
0.80075	5.4805923E-002
0.80225	5.2813269E-002
0.80375	4.9924210E-002
0.80525	4.6416543E-002
0.80675	4.2676385E-002
0.80825	3.9195001E-002
0.80975	3.6556482E-002
0.81125	3.5413448E-002
0.81275	3.6449037E-002
0.81425	4.0326081E-002
0.81575	4.7627743E-002
0.81725	5.8796704E-002
0.81875	7.4082337E-002
0.82025	9.3503930E-002
0.82175	1.1683616E-001
0.82325	1.4361873E-001
0.82475	1.7318858E-001
0.82625	2.0472984E-001
0.82775	2.3733693E-001
0.82925	2.7008373E-001
0.83075	3.0209112E-001
0.83225	3.3258477E-001
0.83375	3.6093631E-001
0.83525	3.8668236E-001
0.83675	4.0952417E-001
0.83825	4.2931125E-001
0.83975	4.4601652E-001
0.84125	4.5970663E-001
0.84275	4.7051427E-001
0.84425	4.7861165E-001
0.84575	4.8418999E-001
0.84725	4.8744321E-001
0.84875	4.8855716E-001
0.85025	4.8770326E-001
0.85175	4.8503554E-001
0.85325	4.8068941E-001
0.85475	4.7478208E-001
0.85625	4.6741450E-001
0.85775	4.5867184E-001
0.85925	4.4862542E-001
0.86075	4.3733358E-001
0.86225	4.2484429E-001
0.86375	4.1119775E-001
0.86525	3.9643103E-001
0.86675	3.8058195E-001
0.86825	3.6369398E-001
0.86975	3.4581900E-001
0.87125	3.2702115E-001
0.87275	3.0738047E-001
0.87425	2.8699690E-001
0.87575	2.6599589E-001
0.87725	2.4453299E-001
0.87875	2.2279730E-001
0.88025	2.0101278E-001
0.88175	1.7943536E-001
0.88325	1.5834737E-001
0.88475	1.3804802E-001
0.88625	1.1884064E-001
0.88775	1.0101691E-001
0.88925	8.4838770E-002
0.89075	7.0520557E-002
0.89225	5.8213554E-002
0.89375	4.7995128E-002
0.89525	3.9863344E-002
0.89675	3.3737116E-002
0.89825	2.9461732E-002
0.89975	2.6819348E-002
0.90125	2.5543900E-002
0.90275	2.5339153E-002
0.90425	2.5898045E-002
0.90575	2.6921311E-002
0.90725	2.8133621E-002
0.90875	2.9296264E-002
0.91025	3.0215831E-002
0.91175	3.0748945E-002
0.91325	3.0803207E-002
0.91475	3.0335009E-002
0.91625	2.9344767E-002
0.91775	2.7870625E-002
0.91925	2.5981119E-002
0.92075	2.3767637E-002
0.92225	2.1336805E-002
0.92375	1.8802954E-002
0.92525	1.6280618E-002
0.92675	1.3877376E-002
0.92825	1.1687395E-002
0.92975	9.7863143E-003
0.93125	8.2279481E-003
0.93275	7.0428788E-003
0.93425	6.2388293E-003
0.93575	5.8023501E-003
0.93725	5.7014623E-003
0.93875	5.8889627E-003
0.94025	6.3061607E-003
0.94175	6.8869120E-003
0.94325	7.5617754E-003
0.94475	8.2621342E-003
0.94625	8.9240270E-003
0.94775	9.4914883E-003
0.94925	9.9192113E-003
0.95075	1.0174332E-002
0.95225	1.0237377E-002
0.95375	1.0102281E-002
0.95525	9.7757047E-003
0.95675	9.2756525E-003
0.95825	8.6295949E-003
0.95975	7.8722443E-003
0.96125	7.0430888E-003
0.96275	6.1838776E-003
0.96425	5.3361491E-003
0.96575	4.5388946E-003
0.96725	3.8264354E-003
0.96875	3.2266404E-003
0.97025	2.7595744E-003
0.97175	2.4366917E-003
0.97325	2.2606151E-003
0.97475	2.2254973E-003
0.97625	2.3178719E-003
0.97775	2.5179109E-003
0.97925	2.8009412E-003
0.98075	3.1391336E-003
0.98225	3.5032460E-003
0.98375	3.8643470E-003
0.98525	4.1954187E-003
0.98675	4.4727870E-003
0.98825	4.6772989E-003
0.98975	4.7952100E-003
0.99125	4.8187096E-003
0.99275	4.7460906E-003
0.99425	4.5815348E-003
0.99575	4.3345653E-003
0.99725	4.0192031E-003
0.99875	3.6529126E-003
1.00025	3.2554006E-003
1.00175	2.8473700E-003
1.00325	2.4492724E-003
1.00475	2.0801499E-003
1.00625	1.7566177E-003
1.00775	1.4920288E-003
1.00925	1.2958554E-003
1.01075	1.1733152E-003
1.01225	1.1252502E-003
1.01375	1.1482603E-003
1.01525	1.2350808E-003
1.01675	1.3751606E-003
1.01825	1.5553989E-003
1.01975	1.7609850E-003
1.02125	1.9762961E-003
1.02275	2.1858246E-003
1.02425	2.3750716E-003
1.02575	2.5313660E-003
1.02725	2.6445426E-003
1.02875	2.7074353E-003
1.03025	2.7161543E-003
1.03175	2.6701645E-003
1.03325	2.5721695E-003
1.03475	2.4278306E-003
1.03625	2.2453386E-003
1.03775	2.0348483E-003
1.03925	1.8078212E-003
1.04075	1.5763021E-003
1.04225	1.3521916E-003
1.04375	1.1465505E-003
1.04525	9.6898677E-004
1.04675	8.2715630E-004
1.04825	7.2640402E-004
1.04975	6.6955469E-004
1.05125	6.5685809E-004
1.05275	6.8608066E-004
1.05425	7.5272453E-004
1.05575	8.5035566E-004
1.05725	9.7101810E-004
1.05875	1.1057172E-003
1.06025	1.2449531E-003
1.06175	1.3792868E-003
1.06325	1.4998942E-003
1.06475	1.5990753E-003
1.06625	1.6706698E-003
1.06775	1.7103512E-003
1.06925	1.7157939E-003
1.07075	1.6867220E-003
1.07225	1.6248487E-003
1.07375	1.5337199E-003
1.07525	1.4184667E-003
1.07675	1.2854738E-003
1.07825	1.1419797E-003
1.07975	9.9563436E-004
1.08125	8.5404894E-004
1.08275	7.2435848E-004
1.08425	6.1283068E-004
1.08575	5.2453106E-004
1.08725	4.6306549E-004
1.08875	4.3041087E-004
1.09025	4.2684315E-004
1.09175	4.5096877E-004
1.09325	4.9984950E-004
1.09475	5.6921522E-004
1.09625	6.5374729E-004
1.09775	7.4741663E-004
1.09925	8.4385544E-004
1.10075	9.3673769E-004
1.10225	1.0201414E-003
1.10375	1.0888694E-003
1.10525	1.1387197E-003
1.10675	1.1666878E-003
1.10825	1.1711000E-003
1.10975	1.1516813E-003
1.11125	1.1095426E-003
1.11275	1.0470941E-003
1.11425	9.6788362E-004
1.11575	8.7636436E-004
1.11725	7.7760982E-004
1.11875	6.7699468E-004
1.12025	5.7986559E-004
1.12175	4.9123046E-004
1.12325	4.1548055E-004
1.12475	3.5616002E-004
1.12625	3.1579231E-004
1.12775	2.9576430E-004
1.12925	2.9627586E-004
1.13075	3.1635491E-004
1.13225	3.5393710E-004
1.13375	4.0600539E-004
1.13525	4.6878241E-004
1.13675	5.3796376E-004
1.13825	6.0898036E-004
1.13975	6.7727116E-004
1.14125	7.3854934E-004
1.14275	7.8904489E-004
1.14425	8.2570966E-004
1.14575	8.4637321E-004
1.14725	8.4984419E-004
1.14875	8.3594956E-004
1.15025	8.0551312E-004
1.15175	7.6028152E-004
1.15325	7.0280343E-004
1.15475	6.3627469E-004
1.15625	5.6435424E-004
1.15775	4.9095496E-004
1.15925	4.2001615E-004
1.16075	3.5527005E-004
1.16225	3.0001919E-004
1.16375	2.5694477E-004
1.16525	2.2796167E-004
1.16675	2.1412867E-004
1.16825	2.1561461E-004
1.16975	2.3171664E-004
1.17125	2.6092431E-004
1.17275	3.0102261E-004
1.17425	3.4923013E-004
1.17575	4.0236328E-004
1.17725	4.5702016E-004
1.17875	5.0977594E-004
1.18025	5.5737625E-004
1.18175	5.9692247E-004
1.18325	6.2603381E-004
1.18475	6.4298062E-004
1.18625	6.4677297E-004
1.18775	6.3720415E-004
1.18925	6.1484316E-004
1.19075	5.8098388E-004
1.19225	5.3755607E-004
1.19375	4.8700586E-004
1.19525	4.3215166E-004
1.19675	3.7601823E-004
1.19825	3.2165708E-004
1.19975	2.7196563E-004
1.20125	2.2952005E-004
1.20275	1.9643171E-004
1.20425	1.7423797E-004
1.20575	1.6382821E-004
1.20725	1.6540673E-004
1.20875	1.7849116E-004
1.21025	2.0194918E-004
1.21175	2.3407192E-004
1.21325	2.7268130E-004
1.21475	3.1526468E-004
1.21625	3.5912701E-004
1.21775	4.0155047E-004
1.21925	4.3995175E-004
1.22075	4.7202536E-004
1.22225	4.9586938E-004
1.22375	5.1008392E-004
1.22525	5.1384181E-004
1.22675	5.0692604E-004
1.22825	4.8973475E-004
1.22975	4.6325178E-004
1.23125	4.2898342E-004
1.23275	3.8886574E-004
1.23425	3.4514550E-004
1.23575	3.0024521E-004
1.23725	2.5661843E-004
1.23875	2.1660715E-004
1.24025	1.8230865E-004
1.24175	1.5546053E-004
1.24325	1.3734898E-004
1.24475	1.2874488E-004
1.24625	1.2986935E-004
1.24775	1.4038956E-004
1.24925	1.5944445E-004
1.25075	1.8569986E-004
1.25225	2.1743019E-004
1.25375	2.5262302E-004
1.25525	2.8909970E-004
1.25675	3.2464319E-004
1.25825	3.5712461E-004
1.25975	3.8462173E-004
1.26125	4.0552096E-004
1.26275	4.1860432E-004
1.26425	4.2311230E-004
1.26575	4.1878282E-004
1.26725	4.0586205E-004
1.26875	3.8508532E-004
1.27025	3.5763034E-004
1.27175	3.2504427E-004
1.27325	2.8915168E-004
1.27475	2.5194717E-004
1.27625	2.1548013E-004
1.27775	1.8173552E-004
1.27925	1.5251871E-004
1.28075	1.2935129E-004
1.28225	1.1338593E-004
1.28375	1.0534699E-004
1.28525	1.0549902E-004
1.28675	1.1364269E-004
1.28825	1.2913554E-004
1.28975	1.5093388E-004
1.29125	1.7765269E-004
1.29275	2.0764231E-004
1.29425	2.3907927E-004
1.29575	2.7006987E-004
1.29725	2.9875987E-004
1.29875	3.2344394E-004
1.30025	3.4266635E-004
1.30175	3.5530454E-004
1.30325	3.6063095E-004
1.30475	3.5834909E-004
1.30625	3.4860361E-004
1.30775	3.3196362E-004
1.30925	3.0938358E-004
1.31075	2.8214286E-004
1.31225	2.5176883E-004
1.31375	2.1994858E-004
1.31525	1.8843375E-004
1.31675	1.5894388E-004
1.31825	1.3307224E-004
1.31975	1.1219892E-004
1.32125	9.7414173E-005
1.32275	8.9457011E-005
1.32425	8.8672299E-005
1.32575	9.4990908E-005
1.32725	1.0793456E-004
1.32875	1.2664672E-004
1.33025	1.4994723E-004
1.33175	1.7640600E-004
1.33325	2.0443025E-004
1.33475	2.3235726E-004
1.33625	2.5854792E-004
1.33775	2.8147653E-004
1.33925	2.9981381E-004
1.34075	3.1249944E-004
1.34225	3.1880068E-004
1.34375	3.1835231E-004
1.34525	3.1117615E-004
1.34675	2.9767683E-004
1.34825	2.7861667E-004
1.34975	2.5507135E-004
1.35125	2.2836705E-004
1.35275	2.0000471E-004
1.35425	1.7157319E-004
1.35575	1.4465726E-004
1.35725	1.2074568E-004
1.35875	1.0114572E-004
1.36025	8.6910033E-005
1.36175	7.8779070E-005
1.36325	7.7141885E-005
1.36475	8.2016799E-005
1.36625	9.3052447E-005
1.36775	1.0954962E-004
1.36925	1.3050303E-004
1.37075	1.5466074E-004
1.37225	1.8059745E-004
1.37375	2.0679706E-004
1.37525	2.3173896E-004
1.37675	2.5398386E-004
1.37825	2.7225344E-004
1.37975	2.8550110E-004
1.38125	2.9296830E-004
1.38275	2.9422602E-004
1.38425	2.8919749E-004
1.38575	2.7816248E-004
1.38725	2.6174044E-004
1.38875	2.4085586E-004
1.39025	2.1668476E-004
1.39175	1.9058671E-004
1.39325	1.6402703E-004
1.39475	1.3849221E-004
1.39625	1.1540586E-004
1.39775	9.6048832E-005
1.39925	8.1488019E-005
1.40075	7.2517985E-005
1.40225	6.9617876E-005
1.40375	7.2926268E-005
1.40525	8.2234888E-005
1.40675	9.7000353E-005
1.40825	1.1637342E-004
1.40975	1.3924435E-004
1.41125	1.6430294E-004
1.41275	1.9011217E-004
1.41425	2.1519084E-004
1.41575	2.3810072E-004
1.41725	2.5753051E-004
1.41875	2.7237003E-004
1.42025	2.8177147E-004
1.42175	2.8519510E-004
1.42325	2.8243850E-004
1.42475	2.7364903E-004
1.42625	2.5931781E-004
1.42775	2.4025342E-004
1.42925	2.1753753E-004
1.43075	1.9246292E-004
1.43225	1.6645883E-004
1.43375	1.4100844E-004
1.43525	1.1756364E-004
1.43675	9.7462595E-005
1.43825	8.1854334E-005
1.43975	7.1635048E-005
1.44125	6.7398869E-005
1.44275	6.9406371E-005
1.44425	7.7571436E-005
1.44575	9.1466994E-005
1.44725	1.1034816E-004
1.44875	1.3319148E-004
1.45025	1.5874761E-004
1.45175	1.8560638E-004
1.45325	2.1227227E-004
1.45475	2.3724734E-004
1.45625	2.5911865E-004
1.45775	2.7664204E-004
1.45925	2.8881730E-004
1.46075	2.9494715E-004
1.46225	2.9467727E-004
1.46375	2.8801581E-004
1.46525	2.7533260E-004
1.46675	2.5733971E-004
1.46825	2.3505301E-004
1.46975	2.0973844E-004
1.47125	1.8284257E-004
1.47275	1.5591335E-004
1.47425	1.3051507E-004
1.47575	1.0814202E-004
1.47725	9.0135058E-005
1.47875	7.7605619E-005
1.48025	7.1370479E-005
1.48175	7.1901428E-005
1.48325	7.9293823E-005
1.48475	9.3256822E-005
1.48625	1.1312644E-004
1.48775	1.3790028E-004
1.48925	1.6629188E-004
1.49075	1.9679943E-004
1.49225	2.2778679E-004
1.49375	2.5757140E-004
1.49525	2.8451666E-004
1.49675	3.0712408E-004
1.49825	3.2412086E-004
1.49975	3.3453456E-004
1.50125	3.3775353E-004
1.50275	3.3356636E-004
1.50425	3.2217900E-004
1.50575	3.0421041E-004
1.50725	2.8066579E-004
1.50875	2.5288807E-004
1.51025	2.2248896E-004
1.51175	1.9126365E-004
1.51325	1.6109167E-004
1.51475	1.3383201E-004
1.51625	1.1121835E-004
1.51775	9.4760784E-005
1.51925	8.5658779E-005
1.52075	8.4729865E-005
1.52225	9.2357077E-005
1.52375	1.0845867E-004
1.52525	1.3248244E-004
1.52675	1.6342501E-004
1.52825	1.9987649E-004
1.52975	2.4008742E-004
1.53125	2.8205654E-004
1.53275	3.2363526E-004
1.53425	3.6264400E-004
1.53575	3.9699278E-004
1.53725	4.2479980E-004
1.53875	4.4450126E-004
1.54025	4.5494604E-004
1.54175	4.5547276E-004
1.54325	4.4596495E-004
1.54475	4.2688072E-004
1.54625	3.9925237E-004
1.54775	3.6465321E-004
1.54925	3.2512855E-004
1.55075	2.8309567E-004
1.55225	2.4121797E-004
1.55375	2.0226394E-004
1.55525	1.6896088E-004
1.55675	1.4385091E-004
1.55825	1.2915443E-004
1.55975	1.2664421E-004
1.56125	1.3753306E-004
1.56275	1.6238239E-004
1.56425	2.0103758E-004
1.56575	2.5259939E-004
1.56725	3.1543444E-004
1.56875	3.8722734E-004
1.57025	4.6506998E-004
1.57175	5.4558506E-004
1.57325	6.2507822E-004
1.57475	6.9971470E-004
1.57625	7.6571782E-004
1.57775	8.1957952E-004
1.57925	8.5827732E-004
1.58075	8.7948190E-004
1.58225	8.8174257E-004
1.58375	8.6463883E-004
1.58525	8.2889019E-004
1.58675	7.7641843E-004
1.58825	7.1035861E-004
1.58975	6.3501613E-004
1.59125	5.5577455E-004
1.59275	4.7895921E-004
1.59425	4.1166160E-004
1.59575	3.6153049E-004
1.59725	3.3652867E-004
1.59875	3.4465728E-004
1.60025	3.9365387E-004
1.60175	4.9067807E-004
1.60325	6.4199965E-004
1.60475	8.5270603E-004
1.60625	1.1264447E-003
1.60775	1.4652109E-003
1.60925	1.8691912E-003
1.61075	2.3366651E-003
1.61225	2.8639615E-003
1.61375	3.4454681E-003
1.61525	4.0736878E-003
1.61675	4.7393660E-003
1.61825	5.4316954E-003
1.61975	6.1386139E-003
1.62125	6.8471967E-003
1.62275	7.5440751E-003
1.62425	8.2158633E-003
1.62575	8.8495370E-003
1.62725	9.4327424E-003
1.62875	9.9540558E-003
1.63025	1.0403234E-002
1.63175	1.0771450E-002
1.63325	1.1051541E-002
1.63475	1.1238194E-002
1.63625	1.1328137E-002
1.63775	1.1320190E-002
1.63925	1.1215288E-002
1.64075	1.1016412E-002
1.64225	1.0728455E-002
1.64375	1.0358042E-002
1.64525	9.9133654E-003
1.64675	9.4039058E-003
1.64825	8.8401958E-003
1.64975	8.2335174E-003
1.65125	7.5955731E-003
1.65275	6.9381618E-003
1.65425	6.2728585E-003
1.65575	5.6107254E-003
1.65725	4.9620750E-003
1.65875	4.3362640E-003
1.66025	3.7415302E-003
1.66175	3.1848564E-003
1.66325	2.6718595E-003
1.66475	2.2067188E-003
1.66625	1.7921426E-003
1.66775	1.4293920E-003
1.66925	1.1183652E-003
1.67075	8.5771771E-004
1.67225	6.4502045E-004
1.67375	4.7693891E-004
1.67525	3.4941922E-004
1.67675	2.5787915E-004
1.67825	1.9739213E-004
1.67975	1.6286614E-004
1.68125	1.4921260E-004
1.68275	1.5150190E-004
1.68425	1.6510174E-004
1.68575	1.8579348E-004
1.68725	2.0986334E-004
1.68875	2.3416633E-004
1.69025	2.5616374E-004
1.69175	2.7393366E-004
1.69325	2.8615724E-004
1.69475	2.9208243E-004
1.69625	2.9146913E-004
1.69775	2.8452015E-004
1.69925	2.7180184E-004
1.70075	2.5416026E-004
1.70225	2.3263603E-004
1.70375	2.0838210E-004
1.70525	1.8258885E-004
1.70675	1.5641691E-004
1.70825	1.3094173E-004
1.70975	1.0710910E-004
1.71125	8.5700776E-005
1.71275	6.7311812E-005
1.71425	5.2337167E-005
1.71575	4.0968916E-005
1.71725	3.3204116E-005
1.71875	2.8862583E-005
1.72025	2.7613441E-005
1.72175	2.9007631E-005
1.72325	3.2513599E-005
1.72475	3.7553273E-005
1.72625	4.3536023E-005
1.72775	4.9889550E-005
1.72925	5.6086410E-005
1.73075	6.1665851E-005
1.73225	6.6250432E-005
1.73375	6.9557027E-005
1.73525	7.1402050E-005
1.73675	7.1701557E-005
1.73825	7.0466085E-005
1.73975	6.7791792E-005
1.74125	6.3847881E-005
1.74275	5.8861671E-005
1.74425	5.3101685E-005
1.74575	4.6860252E-005
1.74725	4.0436262E-005
1.74875	3.4119021E-005
1.75025	2.8173812E-005
1.75175	2.2829618E-005
1.75325	1.8269520E-005
1.75475	1.4624015E-005
1.75625	1.1967606E-005
1.75775	1.0318725E-005
1.75925	9.6427921E-006
1.76075	9.8579767E-006
1.76225	1.0843063E-005
1.76375	1.2446760E-005
1.76525	1.4497825E-005
1.76675	1.6815406E-005
1.76825	1.9219049E-005
1.76975	2.1537915E-005
1.77125	2.3618819E-005
1.77275	2.5332776E-005
1.77425	2.6579948E-005
1.77575	2.7292795E-005
1.77725	2.7437454E-005
1.77875	2.7013373E-005
1.78025	2.6051255E-005
1.78175	2.4609539E-005
1.78325	2.2769524E-005
1.78475	2.0629655E-005
1.78625	1.8299221E-005
1.78775	1.5891905E-005
1.78925	1.3519587E-005
1.79075	1.1286626E-005
1.79225	9.2849768E-006
1.79375	7.5901912E-006
1.79525	6.2584700E-006
1.79675	5.3247481E-006
1.79825	4.8019392E-006
1.79975	4.6812852E-006
1.80125	4.9338564E-006
1.80275	5.5130949E-006
1.80425	6.3582143E-006
1.80575	7.3981728E-006
1.80725	8.5559059E-006
1.80875	9.7525535E-006
1.81025	1.0911478E-005
1.81175	1.1961996E-005
1.81325	1.2842656E-005
1.81475	1.3504033E-005
1.81625	1.3910748E-005
1.81775	1.4042666E-005
1.81925	1.3895161E-005
1.82075	1.3478508E-005
1.82225	1.2816599E-005
1.82375	1.1945120E-005
1.82525	1.0909363E-005
1.82675	9.7617476E-006
1.82825	8.5590500E-006
1.82975	7.3594356E-006
1.83125	6.2193194E-006
1.83275	5.1903062E-006
1.83425	4.3164232E-006
1.83575	3.6319307E-006
1.83725	3.1598622E-006
1.83875	2.9113623E-006
1.84025	2.8857428E-006
1.84175	3.0711280E-006
1.84325	3.4455361E-006
1.84475	3.9783104E-006
1.84625	4.6318378E-006
1.84775	5.3635604E-006
1.84925	6.1282140E-006
1.85075	6.8801983E-006
1.85225	7.5759485E-006
1.85375	8.1761391E-006
1.85525	8.6475975E-006
1.85675	8.9648611E-006
1.85825	9.1112661E-006
1.85975	9.0796157E-006
1.86125	8.8722991E-006
1.86275	8.5009633E-006
1.86425	7.9857327E-006
1.86575	7.3540286E-006
1.86725	6.6390648E-006
1.86875	5.8780302E-006
1.87025	5.1099837E-006
1.87175	4.3735363E-006
1.87325	3.7044986E-006
1.87475	3.1337418E-006
1.87625	2.6856053E-006
1.87775	2.3770381E-006
1.87925	2.2174920E-006
1.88075	2.2092606E-006
1.88225	2.3479254E-006
1.88375	2.6226076E-006
1.88525	3.0161038E-006
1.88675	3.5051605E-006
1.88825	4.0612249E-006
1.88975	4.6518485E-006
1.89125	5.2426030E-006
1.89275	5.7992615E-006
1.89425	6.2899167E-006
1.89575	6.6868083E-006
1.89725	6.9677753E-006
1.89875	7.1173181E-006
1.90025	7.1272730E-006
1.90175	6.9971547E-006
1.90325	6.7341448E-006
1.90475	6.3527509E-006
1.90625	5.8741039E-006
1.90775	5.3248837E-006
1.90925	4.7357989E-006
1.91075	4.1396224E-006
1.91225	3.5688572E-006
1.91375	3.0532624E-006
1.91525	2.6177029E-006
1.91675	2.2807919E-006
1.91825	2.0546322E-006
1.91975	1.9455267E-006
1.92125	1.9550969E-006
1.92275	2.0810778E-006
1.92425	2.3173425E-006
1.92575	2.6532134E-006
1.92725	3.0726383E-006
1.92875	3.5539319E-006
1.93025	4.0705058E-006
1.93175	4.5925599E-006
1.93325	5.0893432E-006
1.93475	5.5314958E-006
1.93625	5.8930641E-006
1.93775	6.1530741E-006
1.93925	6.2966046E-006
1.94075	6.3154607E-006
1.94225	6.2084923E-006
1.94375	5.9816339E-006
1.94525	5.6476520E-006
1.94675	5.2256219E-006
1.94825	4.7400194E-006
1.94975	4.2193392E-006
1.95125	3.6941294E-006
1.95275	3.1945372E-006
1.95425	2.7476983E-006
1.95575	2.3755485E-006
1.95725	2.0936814E-006
1.95875	1.9115430E-006
1.96025	1.8336978E-006
1.96175	1.8613617E-006
1.96325	1.9932963E-006
1.96475	2.2255185E-006
1.96625	2.5500337E-006
1.96775	2.9533751E-006
1.96925	3.4158850E-006
1.97075	3.9122669E-006
1.97225	4.4134022E-006
1.97375	4.8888824E-006
1.97525	5.3096383E-006
1.97675	5.6501594E-006
1.97825	5.8901105E-006
1.97975	6.0153693E-006
1.98125	6.0186276E-006
1.98275	5.8996702E-006
1.98425	5.6654012E-006
1.98575	5.3296003E-006
1.98725	4.9123360E-006
1.98875	4.4389149E-006
1.99025	3.9382494E-006
1.99175	3.4406301E-006
1.99325	2.9750954E-006
1.99475	2.5668703E-006
1.99625	2.2354945E-006
1.99775	1.9941904E-006
1.99925	1.8505681E-006
2.00075	1.8081759E-006
2.00225	1.8679768E-006
2.00375	2.0288712E-006
2.00525	2.2869503E-006
2.00675	2.6339067E-006
2.00825	3.0555354E-006
2.00975	3.5312089E-006
2.01125	4.0347536E-006
2.01275	4.5365032E-006
2.01425	5.0059489E-006
2.01575	5.4143384E-006
2.01725	5.7368120E-006
2.01875	5.9539498E-006
2.02025	6.0527800E-006
2.02175	6.0273710E-006
2.02325	5.8790920E-006
2.02475	5.6165968E-006
2.02625	5.2554892E-006
2.02775	4.8176089E-006
2.02925	4.3298201E-006
2.03075	3.8221906E-006
2.03225	3.3255963E-006
2.03375	2.8689915E-006
2.03525	2.4769092E-006
2.03675	2.1678436E-006
2.03825	1.9539905E-006
2.03975	1.8422662E-006
2.04125	1.8359310E-006
2.04275	1.9358104E-006
2.04425	2.1403584E-006
2.04575	2.4444942E-006
2.04725	2.8378590E-006
2.04875	3.3035167E-006
2.05025	3.8178669E-006
2.05175	4.3520040E-006
2.05325	4.8741267E-006
2.05475	5.3523536E-006
2.05625	5.7573475E-006
2.05775	6.0644052E-006
2.05925	6.2549543E-006
2.06075	6.3175207E-006
2.06225	6.2482836E-006
2.06375	6.0512689E-006
2.06525	5.7381972E-006
2.06675	5.3279432E-006
2.06825	4.8455759E-006
2.06975	4.3208470E-006
2.07125	3.7861266E-006
2.07275	3.2738196E-006
2.07425	2.8136342E-006
2.07575	2.4302478E-006
2.07725	2.1420069E-006
2.07875	1.9609643E-006
2.08025	1.8939822E-006
2.08175	1.9440893E-006
2.08325	2.1111714E-006
2.08475	2.3914902E-006
2.08625	2.7762871E-006
2.08775	3.2503126E-006
2.08925	3.7912182E-006
2.09075	4.3703280E-006
2.09225	4.9546811E-006
2.09375	5.5098044E-006
2.09525	6.0025327E-006
2.09675	6.4034502E-006
2.09825	6.6887278E-006
2.09975	6.8414320E-006
2.10125	6.8523773E-006
2.10275	6.7206224E-006
2.10425	6.4536225E-006
2.10575	6.0669768E-006
2.10725	5.5837231E-006
2.10875	5.0330796E-006
2.11025	4.4486192E-006
2.11175	3.8658723E-006
2.11325	3.3195981E-006
2.11475	2.8411052E-006
2.11625	2.4562025E-006
2.11775	2.1842307E-006
2.11925	2.0382449E-006
2.12075	2.0258851E-006
2.12225	2.1501169E-006
2.12375	2.4091796E-006
2.12525	2.7956175E-006
2.12675	3.2949590E-006
2.12825	3.8848939E-006
2.12975	4.5356578E-006
2.13125	5.2117421E-006
2.13275	5.8745654E-006
2.13425	6.4855117E-006
2.13575	7.0087735E-006
2.13725	7.4137083E-006
2.13875	7.6766382E-006
2.14025	7.7821187E-006
2.14175	7.7237628E-006
2.14325	7.5045946E-006
2.14475	7.1370046E-006
2.14625	6.6422713E-006
2.14775	6.0495422E-006
2.14925	5.3942817E-006
2.15075	4.7160802E-006
2.15225	4.0559544E-006
2.15375	3.4533784E-006
2.15525	2.9435682E-006
2.15675	2.5554946E-006
2.15825	2.3109590E-006
2.15975	2.2245670E-006
2.16125	2.3040604E-006
2.16275	2.5503714E-006
2.16425	2.9570585E-006
2.16575	3.5093797E-006
2.16725	4.1836320E-006
2.16875	4.9474202E-006
2.17025	5.7611237E-006
2.17175	6.5804438E-006
2.17325	7.3595038E-006
2.17475	8.0540476E-006
2.17625	8.6243390E-006
2.17775	9.0375752E-006
2.17925	9.2698001E-006
2.18075	9.3072704E-006
2.18225	9.1472521E-006
2.18375	8.7982980E-006
2.18525	8.2799525E-006
2.18675	7.6218885E-006
2.18825	6.8624977E-006
2.18975	6.0468565E-006
2.19125	5.2241530E-006
2.19275	4.4446274E-006
2.19425	3.7563564E-006
2.19575	3.2022590E-006
2.19725	2.8177274E-006
2.19875	2.6290570E-006
2.20025	2.6525786E-006
2.20175	2.8941513E-006
2.20325	3.3487511E-006
2.20475	4.0001296E-006
2.20625	4.8208117E-006
2.20775	5.7727743E-006
2.20925	6.8090458E-006
2.21075	7.8761896E-006
2.21225	8.9174309E-006
2.21375	9.8761175E-006
2.21525	1.0699172E-005
2.21675	1.1340312E-005
2.21825	1.1762830E-005
2.21975	1.1941844E-005
2.22125	1.1865863E-005
2.22275	1.1537704E-005
2.22425	1.0974682E-005
2.22575	1.0208073E-005
2.22725	9.2817736E-006
2.22875	8.2501592E-006
2.23025	7.1751674E-006
2.23175	6.1227956E-006
2.23325	5.1592529E-006
2.23475	4.3470909E-006
2.23625	3.7416248E-006
2.23775	3.3878016E-006
2.23925	3.3176855E-006
2.24075	3.5485457E-006
2.24225	4.0815735E-006
2.24375	4.9013047E-006
2.24525	5.9758227E-006
2.24675	7.2578905E-006
2.24825	8.6870705E-006
2.24975	1.0192782E-005
2.25125	1.1698107E-005
2.25275	1.3124090E-005
2.25425	1.4394231E-005
2.25575	1.5438894E-005
2.25725	1.6199441E-005
2.25875	1.6631837E-005
2.26025	1.6709577E-005
2.26175	1.6425731E-005
2.26325	1.5793996E-005
2.26475	1.4848578E-005
2.26625	1.3642905E-005
2.26775	1.2247196E-005
2.26925	1.0744945E-005
2.27075	9.2286109E-006
2.27225	7.7946643E-006
2.27375	6.5383147E-006
2.27525	5.5481637E-006
2.27675	4.9010609E-006
2.27825	4.6574519E-006
2.27975	4.8574830E-006
2.28125	5.5180958E-006
2.28275	6.6312705E-006
2.28425	8.1635371E-006
2.28575	1.0056849E-005
2.28725	1.2230798E-005
2.28875	1.4586175E-005
2.29025	1.7009757E-005
2.29175	1.9380161E-005
2.29325	2.1574484E-005
2.29475	2.3475342E-005
2.29625	2.4977911E-005
2.29775	2.5996478E-005
2.29925	2.6470074E-005
2.30075	2.6366934E-005
2.30225	2.5687461E-005
2.30375	2.4465537E-005
2.30525	2.2768085E-005
2.30675	2.0692736E-005
2.30825	1.8363744E-005
2.30975	1.5926265E-005
2.31125	1.3539201E-005
2.31275	1.1366988E-005
2.31425	9.5706409E-006
2.31575	8.2985352E-006
2.31725	7.6774750E-006
2.31875	7.8045023E-006
2.32025	8.7399894E-006
2.32175	1.0502380E-005
2.32325	1.3064935E-005
2.32475	1.6354861E-005
2.32625	2.0255073E-005
2.32775	2.4608764E-005
2.32925	2.9226647E-005
2.33075	3.3896242E-005
2.33225	3.8392620E-005
2.33375	4.2489944E-005
2.33525	4.5973327E-005
2.33675	4.8650909E-005
2.33825	5.0365892E-005
2.33975	5.1007861E-005
2.34125	5.0522660E-005
2.34275	4.8919806E-005
2.34425	4.6276629E-005
2.34575	4.2738524E-005
2.34725	3.8515307E-005
2.34875	3.3873788E-005
2.35025	2.9126641E-005
2.35175	2.4618314E-005
2.35325	2.0708467E-005
2.35475	1.7753649E-005
2.35625	1.6087970E-005
2.35775	1.6003616E-005
2.35925	1.7731987E-005
2.36075	2.1426300E-005
2.36225	2.7146652E-005
2.36375	3.4848832E-005
2.36525	4.4378146E-005
2.36675	5.5469234E-005
2.36825	6.7752553E-005
2.36975	8.0767124E-005
2.37125	9.3978691E-005
2.37275	1.0680283E-004
2.37425	1.1863203E-004
2.37575	1.2886664E-004
2.37725	1.3694895E-004
2.37875	1.4239905E-004
2.38025	1.4485081E-004
2.38175	1.4408649E-004
2.38325	1.4006720E-004
2.38475	1.3295921E-004
2.38625	1.2315379E-004
2.38775	1.1127925E-004
2.38925	9.8204713E-005
2.39075	8.5033396E-005
2.39225	7.3085881E-005
2.39375	6.3872918E-005
2.39525	5.9057846E-005
2.39675	6.0409708E-005
2.39825	6.9747621E-005
2.39975	8.8878092E-005
2.40125	1.1952793E-004
2.40275	1.6327651E-004
2.40425	2.2149045E-004
2.40575	2.9526421E-004
2.40725	3.8536717E-004
2.40875	4.9219641E-004
2.41025	6.1573664E-004
2.41175	7.5552636E-004
2.41325	9.1063359E-004
2.41475	1.0796451E-003
2.41625	1.2606692E-003
2.41775	1.4513585E-003
2.41925	1.6489502E-003
2.42075	1.8503302E-003
2.42225	2.0521136E-003
2.42375	2.2507431E-003
2.42525	2.4425951E-003
2.42675	2.6240761E-003
2.42825	2.7917190E-003
2.42975	2.9422611E-003
2.43125	3.0727184E-003
2.43275	3.1804545E-003
2.43425	3.2632477E-003
2.43575	3.3193531E-003
2.43725	3.3475619E-003
2.43875	3.3472367E-003
2.44025	3.3183480E-003
2.44175	3.2614723E-003
2.44325	3.1777825E-003
2.44475	3.0690096E-003
2.44625	2.9373991E-003
2.44775	2.7856347E-003
2.44925	2.6167692E-003
2.45075	2.4341373E-003
2.45225	2.2412667E-003
2.45375	2.0417834E-003
2.45525	1.8393091E-003
2.45675	1.6373653E-003
2.45825	1.4392819E-003
2.45975	1.2481221E-003
2.46125	1.0666242E-003
2.46275	8.9715450E-004
2.46425	7.4166630E-004
2.46575	6.0166139E-004
2.46725	4.7815920E-004
2.46875	3.7168089E-004
2.47025	2.8225608E-004
2.47175	2.0945531E-004
2.47325	1.5244495E-004
2.47475	1.1005599E-004
2.47625	8.0856647E-005
2.47775	6.3222607E-005
2.47925	5.5401291E-005
2.48075	5.5571894E-005
2.48225	6.1902327E-005
2.48375	7.2604606E-005
2.48525	8.5987405E-005
2.48675	1.0050391E-004
2.48825	1.1479253E-004
2.48975	1.2770857E-004
2.49125	1.3834600E-004
2.49275	1.4604820E-004
2.49425	1.5040746E-004
2.49575	1.5125445E-004
2.49725	1.4863843E-004
2.49875	1.4279904E-004
2.50025	1.3413424E-004
2.50175	1.2316288E-004
2.50325	1.1048705E-004
2.50475	9.6753261E-005
2.50625	8.2615901E-005
2.50775	6.8703477E-005
2.50925	5.5589178E-005
2.51075	4.3766267E-005
2.51225	3.3629047E-005
2.51375	2.5460386E-005
2.51525	1.9426152E-005
2.51675	1.5576179E-005
2.51825	1.3851053E-005
2.51975	1.4093247E-005
2.52125	1.6061525E-005
2.52275	1.9447654E-005
2.52425	2.3895062E-005
2.52575	2.9018904E-005
2.52725	3.4426932E-005
2.52875	3.9740098E-005
2.53025	4.4611519E-005
2.53175	4.8742673E-005
2.53325	5.1895928E-005
2.53475	5.3902681E-005
2.53625	5.4667657E-005
2.53775	5.4169024E-005
2.53925	5.2455038E-005
2.54075	4.9637594E-005
2.54225	4.5882985E-005
2.54375	4.1400584E-005
2.54525	3.6429821E-005
2.54675	3.1226129E-005
2.54825	2.6046353E-005
2.54975	2.1134229E-005
2.55125	1.6706783E-005
2.55275	1.2942961E-005
2.55425	9.9754880E-006
2.55575	7.8870435E-006
2.55725	6.7104966E-006
2.55875	6.4321598E-006
2.56025	6.9964258E-006
2.56175	8.3105951E-006
2.56325	1.0249681E-005
2.56475	1.2661922E-005
2.56625	1.5375925E-005
2.56775	1.8209717E-005
2.56925	2.0981230E-005
2.57075	2.3518964E-005
2.57225	2.5671632E-005
2.57375	2.7316022E-005
2.57525	2.8362527E-005
2.57675	2.8758497E-005
2.57825	2.8489365E-005
2.57975	2.7577795E-005
2.58125	2.6081019E-005
2.58275	2.4086556E-005
2.58425	2.1706635E-005
2.58575	1.9071467E-005
2.58725	1.6321577E-005
2.58875	1.3599281E-005
2.59025	1.1039740E-005
2.59175	8.7623075E-006
2.59325	6.8634536E-006
2.59475	5.4124048E-006
2.59625	4.4501539E-006
2.59775	3.9913093E-006
2.59925	4.0272748E-006
2.60075	4.5290158E-006
2.60225	5.4484958E-006
2.60375	6.7192113E-006
2.60525	8.2571887E-006
2.60675	9.9638592E-006
2.60825	1.1731285E-005
2.60975	1.3449155E-005
2.61125	1.5012320E-005
2.61275	1.6327633E-005
2.61425	1.7319326E-005
2.61575	1.7932718E-005
2.61725	1.8136287E-005
2.61875	1.7922368E-005
2.62025	1.7306633E-005
2.62175	1.6326600E-005
2.62325	1.5039202E-005
2.62475	1.3517587E-005
2.62625	1.1846950E-005
2.62775	1.0119418E-005
2.62925	8.4279154E-006
2.63075	6.8594059E-006
2.63225	5.4884385E-006
2.63375	4.3723398E-006
2.63525	3.5491873E-006
2.63675	3.0388426E-006
2.63825	2.8460711E-006
2.63975	2.9638438E-006
2.64125	3.3750782E-006
2.64275	4.0522414E-006
2.64425	4.9557289E-006
2.64575	6.0328339E-006
2.64725	7.2188086E-006
2.64875	8.4404937E-006
2.65025	9.6217536E-006
2.65175	1.0689486E-005
2.65325	1.1578955E-005
2.65475	1.2237886E-005
2.65625	1.2629094E-005
2.65775	1.2731934E-005
2.65925	1.2542713E-005
2.66075	1.2074374E-005
2.66225	1.1355490E-005
2.66375	1.0428625E-005
2.66525	9.3480194E-006
2.66675	8.1763974E-006
2.66825	6.9808375E-006
2.66975	5.8277133E-006
2.67125	4.7772483E-006
2.67275	3.8786570E-006
2.67425	3.1671002E-006
2.67575	2.6633286E-006
2.67725	2.3758976E-006
2.67875	2.3046900E-006
2.68025	2.4438716E-006
2.68175	2.7828169E-006
2.68325	3.3047554E-006
2.68475	3.9843148E-006
2.68625	4.7857216E-006
2.68775	5.6630684E-006
2.68925	6.5630011E-006
2.69075	7.4290906E-006
2.69225	8.2067463E-006
2.69375	8.8475808E-006
2.69525	9.3126919E-006
2.69675	9.5747428E-006
2.69825	9.6190743E-006
2.69975	9.4440366E-006
2.70125	9.0608237E-006
2.70275	8.4928033E-006
2.70425	7.7743616E-006
2.70575	6.9490816E-006
2.70725	6.0670127E-006
2.70875	5.1809084E-006
2.71025	4.3416071E-006
2.71175	3.5932342E-006
2.71325	2.9693633E-006
2.71475	2.4912858E-006
2.71625	2.1689555E-006
2.71775	2.0040895E-006
2.71925	1.9939307E-006
2.72075	2.1338305E-006
2.72225	2.4174703E-006
2.72375	2.8348331E-006
2.72525	3.3692311E-006
2.72675	3.9951274E-006
2.72825	4.6780128E-006
2.72975	5.3765457E-006
2.73125	6.0462967E-006
2.73275	6.6439561E-006
2.73425	7.1310774E-006
2.73575	7.4768936E-006
2.73725	7.6601091E-006
2.73875	7.6698580E-006
2.74025	7.5060411E-006
2.74175	7.1791837E-006
2.74325	6.7098781E-006
2.74475	6.1277237E-006
2.74625	5.4696043E-006
2.74775	4.7770923E-006
2.74925	4.0929058E-006
2.75075	3.4567597E-006
2.75225	2.9013406E-006
2.75375	2.4495121E-006
2.75525	2.1137087E-006
2.75675	1.8977340E-006
2.75825	1.8001979E-006
2.75975	1.8180375E-006
2.76125	1.9485010E-006
2.76275	2.1887240E-006
2.76425	2.5332401E-006
2.76575	2.9707742E-006
2.76725	3.4819254E-006
2.76875	4.0388863E-006
2.77025	4.6073501E-006
2.77175	5.1499514E-006
2.77325	5.6301701E-006
2.77475	6.0158077E-006
2.77625	6.2815179E-006
2.77775	6.4103506E-006
2.77925	6.3944844E-006
2.78075	6.2354084E-006
2.78225	5.9437230E-006
2.78375	5.5385708E-006
2.78525	5.0466078E-006
2.78675	4.5002907E-006
2.78825	3.9353245E-006
2.78975	3.3872773E-006
2.79125	2.8878251E-006
2.79275	2.4614301E-006
2.79425	2.1234760E-006
2.79575	1.8805365E-006
2.79725	1.7327345E-006
2.79875	1.6772350E-006
2.80025	1.7113636E-006
2.80175	1.8339749E-006
2.80325	2.0445116E-006
2.80475	2.3402501E-006
2.80625	2.7130784E-006
2.80775	3.1472780E-006
2.80925	3.6192862E-006
2.81075	4.0995242E-006
2.81225	4.5556130E-006
2.81375	4.9559630E-006
2.81525	5.2729156E-006
2.81675	5.4849679E-006
2.81825	5.5780974E-006
2.81975	5.5463706E-006
2.82125	5.3921053E-006
2.82275	5.1257198E-006
2.82425	4.7652520E-006
2.82575	4.3353539E-006
2.82725	3.8655485E-006
2.82875	3.3875906E-006
2.83025	2.9321159E-006
2.83175	2.5251277E-006
2.83325	2.1852552E-006
2.83475	1.9226591E-006
2.83625	1.7400350E-006
2.83775	1.6353692E-006
2.83925	1.6053565E-006
2.84075	1.6480690E-006
2.84225	1.7637657E-006
2.84375	1.9535337E-006
2.84525	2.2163881E-006
2.84675	2.5461229E-006
2.84825	2.9292421E-006
2.84975	3.3448030E-006
2.85125	3.7662032E-006
2.85275	4.1642284E-006
2.85425	4.5104239E-006
2.85575	4.7800213E-006
2.85725	4.9539972E-006
2.85875	5.0202957E-006
2.86025	4.9744099E-006
2.86175	4.8195457E-006
2.86325	4.5664769E-006
2.86475	4.2330157E-006
2.86625	3.8429134E-006
2.86775	3.4239677E-006
2.86925	3.0052722E-006
2.87075	2.6138807E-006
2.87225	2.2715728E-006
2.87375	1.9926306E-006
2.87525	1.7834019E-006
2.87675	1.6438743E-006
2.87825	1.5706975E-006
2.87975	1.5604847E-006
2.88125	1.6120791E-006
2.88275	1.7268862E-006
2.88425	1.9071684E-006
2.88575	2.1530273E-006
2.88725	2.4593182E-006
2.88875	2.8137272E-006
2.89025	3.1967184E-006
2.89175	3.5833443E-006
2.89325	3.9462375E-006
2.89475	4.2588968E-006
2.89625	4.4984831E-006
2.89775	4.6477821E-006
2.89925	4.6963032E-006
2.90075	4.6407790E-006
2.90225	4.4852404E-006
2.90375	4.2408237E-006
2.90525	3.9251718E-006
2.90675	3.5612570E-006
2.90825	3.1754146E-006
2.90975	2.7945825E-006
2.91125	2.4431138E-006
2.91275	2.1398730E-006
2.91425	1.8964812E-006
2.91575	1.7173456E-006
2.91725	1.6015128E-006
2.91875	1.5456790E-006
2.92025	1.5472070E-006
2.92175	1.6059561E-006
2.92325	1.7242074E-006
2.92475	1.9047150E-006
2.92625	2.1476710E-006
2.92775	2.4477833E-006
2.92925	2.7926083E-006
2.93075	3.1627283E-006
2.93225	3.5336766E-006
2.93375	3.8789244E-006
2.93525	4.1730414E-006
2.93675	4.3943501E-006
2.93825	4.5267529E-006
2.93975	4.5607699E-006
2.94125	4.4940048E-006
2.94275	4.3312457E-006
2.94425	4.0842533E-006
2.94575	3.7711134E-006
2.94725	3.4149575E-006
2.94875	3.0418423E-006
2.95025	2.6778891E-006
2.95175	2.3461046E-006
2.95325	2.0636767E-006
2.95475	1.8405767E-006
2.95625	1.6799945E-006
2.95775	1.5804917E-006
2.95925	1.5390631E-006
2.96075	1.5539330E-006
2.96225	1.6259777E-006
2.96375	1.7582079E-006
2.96525	1.9535082E-006
2.96675	2.2115310E-006
2.96825	2.5259405E-006
2.96975	2.8830648E-006
2.97125	3.2624080E-006
2.97275	3.6388062E-006
2.97425	3.9854831E-006
2.97575	4.2771576E-006
2.97725	4.4925691E-006
2.97875	4.6161881E-006
2.98025	4.6391788E-006
2.98175	4.5598331E-006
2.98325	4.3836681E-006
2.98475	4.1232061E-006
2.98625	3.7973143E-006
2.98775	3.4298632E-006
2.98925	3.0475380E-006
2.99075	2.6768860E-006
2.99225	2.3410962E-006
2.99375	2.0573145E-006
2.99525	1.8353834E-006
2.99675	1.6784848E-006
2.99825	1.5855036E-006
2.99975	1.5541923E-006
3.00125	1.5838690E-006
3.00275	1.6765213E-006
3.00425	1.8358405E-006
3.00575	2.0645462E-006
3.00725	2.3610742E-006
3.00875	2.7169317E-006
3.01025	3.1157199E-006
3.01175	3.5341436E-006
3.01325	3.9445836E-006
3.01475	4.3183900E-006
3.01625	4.6290202E-006
3.01775	4.8544948E-006
3.01925	4.9789978E-006
3.02075	4.9937894E-006
3.02225	4.8976331E-006
3.02375	4.6969303E-006
3.02525	4.4055264E-006
3.02675	4.0440368E-006
3.02825	3.6384222E-006
3.02975	3.2176422E-006
3.03125	2.8105151E-006
3.03275	2.4423118E-006
3.03425	2.1319802E-006
3.03575	1.8909084E-006
3.03725	1.7237072E-006
3.03875	1.6307368E-006
3.04025	1.6113427E-006
3.04175	1.6663995E-006
3.04325	1.7990214E-006
3.04475	2.0130626E-006
3.04625	2.3099992E-006
3.04775	2.6854625E-006
3.04925	3.1268380E-006
3.05075	3.6128245E-006
3.05225	4.1150802E-006
3.05375	4.6013160E-006
3.05525	5.0389017E-006
3.05675	5.3981348E-006
3.05825	5.6547174E-006
3.05975	5.7913830E-006
3.06125	5.7988309E-006
3.06275	5.6761983E-006
3.06425	5.4312072E-006
3.06575	5.0799467E-006
3.06725	4.6461269E-006
3.06875	4.1595708E-006
3.07025	3.6537288E-006
3.07175	3.1623545E-006
3.07325	2.7158360E-006
3.07475	2.3381365E-006
3.07625	2.0453281E-006
3.07775	1.8462857E-006
3.07925	1.7452360E-006
3.08075	1.7449728E-006
3.08225	1.8491343E-006
3.08375	2.0623118E-006
3.08525	2.3877803E-006
3.08675	2.8237901E-006
3.08825	3.3600429E-006
3.08975	3.9758502E-006
3.09125	4.6406817E-006
3.09275	5.3168396E-006
3.09425	5.9632989E-006
3.09575	6.5397130E-006
3.09725	7.0097954E-006
3.09875	7.3438641E-006
3.10025	7.5205758E-006
3.10175	7.5280727E-006
3.10325	7.3647034E-006
3.10475	7.0393917E-006
3.10625	6.5715763E-006
3.10775	5.9905724E-006
3.10925	5.3340445E-006
3.11075	4.6453656E-006
3.11225	3.9698816E-006
3.11375	3.3505867E-006
3.11525	2.8242191E-006
3.11675	2.4189912E-006
3.11825	2.1546768E-006
3.11975	2.0447735E-006
3.12125	2.0993668E-006
3.12275	2.3268512E-006
3.12425	2.7332246E-006
3.12575	3.3189624E-006
3.12725	4.0748378E-006
3.12875	4.9786040E-006
3.13025	5.9940421E-006
3.13175	7.0727888E-006
3.13325	8.1582621E-006
3.13475	9.1905349E-006
3.13625	1.0111073E-005
3.13775	1.0866735E-005
3.13925	1.1412970E-005
3.14075	1.1716315E-005
3.14225	1.1756404E-005
3.14375	1.1527546E-005
3.14525	1.1039816E-005
3.14675	1.0319455E-005
3.14825	9.4083680E-006
3.14975	8.3623663E-006
3.15125	7.2480657E-006
3.15275	6.1384608E-006
3.15425	5.1077486E-006
3.15575	4.2263550E-006
3.15725	3.5572832E-006
3.15875	3.1544557E-006
3.16025	3.0627102E-006
3.16175	3.3181784E-006
3.16325	3.9474430E-006
3.16475	4.9645605E-006
3.16625	6.3664666E-006
3.16775	8.1283724E-006
3.16925	1.0201112E-005
3.17075	1.2511563E-005
3.17225	1.4966070E-005
3.17375	1.7455990E-005
3.17525	1.9864114E-005
3.17675	2.2071246E-005
3.17825	2.3962608E-005
3.17975	2.5434039E-005
3.18125	2.6398156E-005
3.18275	2.6790305E-005
3.18425	2.6574158E-005
3.18575	2.5746522E-005
3.18725	2.4341050E-005
3.18875	2.2430484E-005
3.19025	2.0127189E-005
3.19175	1.7581900E-005
3.19325	1.4980648E-005
3.19475	1.2540142E-005
3.19625	1.0502024E-005
3.19775	9.1264237E-006
3.19925	8.6850750E-006
3.20075	9.4538400E-006
3.20225	1.1704225E-005
3.20375	1.5693551E-005
3.20525	2.1653992E-005
3.20675	2.9781362E-005
3.20825	4.0224917E-005
3.20975	5.3078980E-005
3.21125	6.8376830E-005
3.21275	8.6086591E-005
3.21425	1.0610879E-004
3.21575	1.2827532E-004
3.21725	1.5234998E-004
3.21875	1.7803129E-004
3.22025	2.0495702E-004
3.22175	2.3271186E-004
3.22325	2.6083697E-004
3.22475	2.8884213E-004
3.22625	3.1621978E-004
3.22775	3.4245942E-004
3.22925	3.6706240E-004
3.23075	3.8955529E-004
3.23225	4.0950207E-004
3.23375	4.2651355E-004
3.23525	4.4025638E-004
3.23675	4.5046068E-004
3.23825	4.5692726E-004
3.23975	4.5953333E-004
3.24125	4.5823806E-004
3.24275	4.5308433E-004
3.24425	4.4419852E-004
3.24575	4.3178562E-004
3.24725	4.1612145E-004
3.24875	3.9754182E-004
3.25025	3.7642979E-004
3.25175	3.5320432E-004
3.25325	3.2830884E-004
3.25475	3.0220285E-004
3.25625	2.7535224E-004
3.25775	2.4822063E-004
3.25925	2.2125825E-004
3.26075	1.9489045E-004
3.26225	1.6950625E-004
3.26375	1.4544844E-004
3.26525	1.2300562E-004
3.26675	1.0240699E-004
3.26825	8.3820021E-005
3.26975	6.7350382E-005
3.27125	5.3043983E-005
3.27275	4.0891278E-005
3.27425	3.0832154E-005
3.27575	2.2762286E-005
3.27725	1.6539585E-005
3.27875	1.1991118E-005
3.28025	8.9204950E-006
3.28175	7.1157142E-006
3.28325	6.3571210E-006
3.28475	6.4251130E-006
3.28625	7.1070949E-006
3.28775	8.2034330E-006
3.28925	9.5323458E-006
3.29075	1.0933775E-005
3.29225	1.2272232E-005
3.29375	1.3438656E-005
3.29525	1.4351163E-005
3.29675	1.4954780E-005
3.29825	1.5220205E-005
3.29975	1.5141673E-005
3.30125	1.4734132E-005
3.30275	1.4029883E-005
3.30425	1.3074914E-005
3.30575	1.1925171E-005
3.30725	1.0642873E-005
3.30875	9.2929913E-006
3.31025	7.9397578E-006
3.31175	6.6431276E-006
3.31325	5.4551379E-006
3.31475	4.4165126E-006
3.31625	3.5540938E-006
3.31775	2.8799452E-006
3.31925	2.3926507E-006
3.32075	2.0806144E-006
3.32225	1.9263525E-006
3.32375	1.9102990E-006
3.32525	2.0128884E-006
3.32675	2.2145966E-006
3.32825	2.4946164E-006
3.32975	2.8294569E-006
3.33125	3.1925631E-006
3.33275	3.5554074E-006
3.33425	3.8897065E-006
3.33575	4.1699996E-006
3.33725	4.3758505E-006
3.33875	4.4932513E-006
3.34025	4.5151819E-006
3.34175	4.4415306E-006
3.34325	4.2786278E-006
3.34475	4.0385671E-006
3.34625	3.7383427E-006
3.34775	3.3987005E-006
3.34925	3.0425479E-006
3.35075	2.6928376E-006
3.35225	2.3700929E-006
3.35375	2.0900077E-006
3.35525	1.8617546E-006
3.35675	1.6875376E-006
3.35825	1.5635701E-006
3.35975	1.4821874E-006
3.36125	1.4344125E-006
3.36275	1.4122402E-006
3.36425	1.4100751E-006
3.36575	1.4251151E-006
3.36725	1.4567407E-006
3.36875	1.5052267E-006
3.37025	1.5701806E-006
3.37175	1.6491914E-006
3.37325	1.7371010E-006
3.37475	1.8261539E-006
3.37625	1.9069935E-006
3.37775	1.9702168E-006
3.37925	2.0080543E-006
3.38075	2.0157597E-006
3.38225	1.9924285E-006
3.38375	1.9411243E-006
3.38525	1.8683112E-006
3.38675	1.7826926E-006
3.38825	1.6936661E-006
3.38975	1.6097121E-006
3.39125	1.5370892E-006
3.39275	1.4791588E-006
3.39425	1.4364451E-006
3.39575	1.4073104E-006
3.39725	1.3889257E-006
3.39875	1.3781970E-006
3.40025	1.3724099E-006
3.40175	1.3695266E-006
3.40325	1.3682003E-006
3.40475	1.3676375E-006
3.40625	1.3674173E-006
3.40775	1.3673380E-006
3.40925	1.3673116E-006
3.41075	1.3673035E-006
3.41225	1.3673013E-006
3.41375	1.3673007E-006
3.41525	1.3673006E-006
3.41675	1.3673005E-006
3.41825	1.3673005E-006
3.41975	1.3673005E-006
3.42125	1.3673005E-006
3.42275	1.3673005E-006
3.42425	1.3673005E-006
3.42575	1.3673005E-006
3.42725	1.3673005E-006
3.42875	1.3673005E-006
3.43025	1.3673005E-006
3.43175	1.3673005E-006
3.43325	1.3673005E-006
3.43475	1.3673005E-006
3.43625	1.3673005E-006
3.43775	1.3673005E-006
3.43925	1.3673005E-006
3.44075	1.3673005E-006
3.44225	1.3673005E-006
3.44375	1.3673005E-006
3.44525	1.3673005E-006
3.44675	1.3673005E-006
3.44825	1.3673005E-006
3.44975	1.3673005E-006
3.45125	1.3673005E-006
3.45275	1.3673005E-006
3.45425	1.3673005E-006
3.45575	1.3673005E-006
3.45725	1.3673005E-006
3.45875	1.3673005E-006
3.46025	1.3673005E-006
3.46175	1.3673005E-006
3.46325	1.3673005E-006
3.46475	1.3673005E-006
3.46625	1.3673005E-006
3.46775	1.3673005E-006
3.46925	1.3673005E-006
3.47075	1.3673005E-006
3.47225	1.3673005E-006
3.47375	1.3673005E-006
3.47525	1.3673005E-006
3.47675	1.3673005E-006
3.47825	1.3673005E-006
3.47975	1.3673005E-006
3.48125	1.3673005E-006
3.48275	1.3673005E-006
3.48425	1.3673005E-006
3.48575	1.3673005E-006
3.48725	1.3673005E-006
3.48875	1.3673005E-006
3.49025	1.3673005E-006
3.49175	1.3673005E-006
3.49325	1.3673005E-006
3.49475	1.3673005E-006
3.49625	1.3673005E-006
3.49775	1.3673005E-006
3.49925	1.3673005E-006
3.50075	1.3673005E-006
3.50225	1.3673005E-006
3.50375	1.3673005E-006
3.50525	1.3673005E-006
3.50675	1.3673005E-006
3.50825	1.3673005E-006
3.50975	1.3673005E-006
3.51125	1.3673005E-006
3.51275	1.3673005E-006
3.51425	1.3673005E-006
3.51575	1.3673005E-006
3.51725	1.3673005E-006
3.51875	1.3673005E-006
3.52025	1.3673005E-006
3.52175	1.3673005E-006
3.52325	1.3673005E-006
3.52475	1.3673005E-006
3.52625	1.3673005E-006
3.52775	1.3673005E-006
3.52925	1.3673005E-006
3.53075	1.3673005E-006
3.53225	1.3673005E-006
3.53375	1.3673005E-006
3.53525	1.3673005E-006
3.53675	1.3673005E-006
3.53825	1.3673005E-006
3.53975	1.3673005E-006
3.54125	1.3673005E-006
3.54275	1.3673005E-006
3.54425	1.3673005E-006
3.54575	1.3673005E-006
3.54725	1.3673005E-006
3.54875	1.3673005E-006
3.55025	1.3673005E-006
3.55175	1.3673005E-006
3.55325	1.3673005E-006
3.55475	1.3673005E-006
3.55625	1.3673005E-006
3.55775	1.3673005E-006
3.55925	1.3673005E-006
3.56075	1.3673005E-006
3.56225	1.3673005E-006
3.56375	1.3673005E-006
3.56525	1.3673005E-006
3.56675	1.3673005E-006
3.56825	1.3673005E-006
3.56975	1.3673005E-006
3.57125	1.3673005E-006
3.57275	1.3673005E-006
3.57425	1.3673005E-006
3.57575	1.3673005E-006
3.57725	1.3673005E-006
3.57875	1.3673005E-006
3.58025	1.3673005E-006
3.58175	1.3673005E-006
3.58325	1.3673005E-006
3.58475	1.3673005E-006
3.58625	1.3673005E-006
3.58775	1.3673005E-006
3.58925	1.3673005E-006
3.59075	1.3673005E-006
3.59225	1.3673005E-006
3.59375	1.3673005E-006
3.59525	1.3673005E-006
3.59675	1.3673005E-006
3.59825	1.3673005E-006
3.59975	1.3673005E-006
3.60125	1.3673005E-006
3.60275	1.3673005E-006
3.60425	1.3673005E-006
3.60575	1.3673005E-006
3.60725	1.3673005E-006
3.60875	1.3673005E-006
3.61025	1.3673005E-006
3.61175	1.3673005E-006
3.61325	1.3673005E-006
3.61475	1.3673005E-006
3.61625	1.3673005E-006
3.61775	1.3673005E-006
3.61925	1.3673005E-006
3.62075	1.3673005E-006
3.62225	1.3673005E-006
3.62375	1.3673005E-006
3.62525	1.3673005E-006
3.62675	1.3673005E-006
3.62825	1.3673005E-006
3.62975	1.3673005E-006
3.63125	1.3673005E-006
3.63275	1.3673005E-006
3.63425	1.3673005E-006
3.63575	1.3673005E-006
3.63725	1.3673005E-006
3.63875	1.3673005E-006
3.64025	1.3673005E-006
3.64175	1.3673005E-006
3.64325	1.3673005E-006
3.64475	1.3673005E-006
3.64625	1.3673005E-006
3.64775	1.3673005E-006
3.64925	1.3673005E-006
3.65075	1.3673005E-006
3.65225	1.3673005E-006
3.65375	1.3673005E-006
3.65525	1.3673005E-006
3.65675	1.3673005E-006
3.65825	1.3673005E-006
3.65975	1.3673005E-006
3.66125	1.3673005E-006
3.66275	1.3673005E-006
3.66425	1.3673005E-006
3.66575	1.3673005E-006
3.66725	1.3673005E-006
3.66875	1.3673005E-006
3.67025	1.3673005E-006
3.67175	1.3673005E-006
3.67325	1.3673005E-006
3.67475	1.3673005E-006
3.67625	1.3673005E-006
3.67775	1.3673005E-006
3.67925	1.3673005E-006
3.68075	1.3673005E-006
3.68225	1.3673005E-006
3.68375	1.3673005E-006
3.68525	1.3673005E-006
3.68675	1.3673005E-006
3.68825	1.3673005E-006
3.68975	1.3673005E-006
3.69125	1.3673005E-006
3.69275	1.3673005E-006
3.69425	1.3673005E-006
3.69575	1.3673005E-006
3.69725	1.3673005E-006
3.69875	1.3673005E-006
3.70025	1.3673005E-006
3.70175	1.3673005E-006
3.70325	1.3673005E-006
3.70475	1.3673005E-006
3.70625	1.3673005E-006
3.70775	1.3673005E-006
3.70925	1.3673005E-006
3.71075	1.3673005E-006
3.71225	1.3673005E-006
3.71375	1.3673005E-006
3.71525	1.3673005E-006
3.71675	1.3673005E-006
3.71825	1.3673005E-006
3.71975	1.3673005E-006
3.72125	1.3673005E-006
3.72275	1.3673005E-006
3.72425	1.3673005E-006
3.72575	1.3673005E-006
3.72725	1.3673005E-006
3.72875	1.3673005E-006
3.73025	1.3673005E-006
3.73175	1.3673005E-006
3.73325	1.3673005E-006
3.73475	1.3673005E-006
3.73625	1.3673005E-006
3.73775	1.3673005E-006
3.73925	1.3673005E-006
3.74075	1.3673005E-006
3.74225	1.3673005E-006
3.74375	1.3673005E-006
3.74525	1.3673005E-006
3.74675	1.3673005E-006
3.74825	1.3673005E-006
3.74975	1.3673005E-006
3.75125	1.3673005E-006
3.75275	1.3673005E-006
3.75425	1.3673005E-006
3.75575	1.3673005E-006
3.75725	1.3673005E-006
3.75875	1.3673005E-006
3.76025	1.3673005E-006
3.76175	1.3673005E-006
3.76325	1.3673005E-006
3.76475	1.3673005E-006
3.76625	1.3673005E-006
3.76775	1.3673005E-006
3.76925	1.3673005E-006
3.77075	1.3673005E-006
3.77225	1.3673005E-006
3.77375	1.3673005E-006
3.77525	1.3673005E-006
3.77675	1.3673005E-006
3.77825	1.3673005E-006
3.77975	1.3673005E-006
3.78125	1.3673005E-006
3.78275	1.3673005E-006
3.78425	1.3673005E-006
3.78575	1.3673005E-006
3.78725	1.3673005E-006
3.78875	1.3673005E-006
3.79025	1.3673005E-006
3.79175	1.3673005E-006
3.79325	1.3673005E-006
3.79475	1.3673005E-006
3.79625	1.3673005E-006
3.79775	1.3673005E-006
3.79925	1.3673005E-006
3.80075	1.3673005E-006
3.80225	1.3673005E-006
3.80375	1.3673005E-006
3.80525	1.3673005E-006
3.80675	1.3673005E-006
3.80825	1.3673005E-006
3.80975	1.3673005E-006
3.81125	1.3673005E-006
3.81275	1.3673005E-006
3.81425	1.3673005E-006
3.81575	1.3673005E-006
3.81725	1.3673005E-006
3.81875	1.3673005E-006
3.82025	1.3673005E-006
3.82175	1.3673005E-006
3.82325	1.3673005E-006
3.82475	1.3673005E-006
3.82625	1.3673005E-006
3.82775	1.3673005E-006
3.82925	1.3673005E-006
3.83075	1.3673005E-006
3.83225	1.3673005E-006
3.83375	1.3673005E-006
3.83525	1.3673005E-006
3.83675	1.3673005E-006
3.83825	1.3673005E-006
3.83975	1.3673005E-006
3.84125	1.3673005E-006
3.84275	1.3673005E-006
3.84425	1.3673005E-006
3.84575	1.3673005E-006
3.84725	1.3673005E-006
3.84875	1.3673005E-006
3.85025	1.3673005E-006
3.85175	1.3673005E-006
3.85325	1.3673005E-006
3.85475	1.3673005E-006
3.85625	1.3673005E-006
3.85775	1.3673005E-006
3.85925	1.3673005E-006
3.86075	1.3673005E-006
3.86225	1.3673005E-006
3.86375	1.3673005E-006
3.86525	1.3673005E-006
3.86675	1.3673005E-006
3.86825	1.3673005E-006
3.86975	1.3673005E-006
3.87125	1.3673005E-006
3.87275	1.3673005E-006
3.87425	1.3673005E-006
3.87575	1.3673005E-006
3.87725	1.3673005E-006
3.87875	1.3673005E-006
3.88025	1.3673005E-006
3.88175	1.3673005E-006
3.88325	1.3673005E-006
3.88475	1.3673005E-006
3.88625	1.3673005E-006
3.88775	1.3673005E-006
3.88925	1.3673005E-006
3.89075	1.3673005E-006
3.89225	1.3673005E-006
3.89375	1.3673005E-006
3.89525	1.3673005E-006
3.89675	1.3673005E-006
3.89825	1.3673005E-006
3.89975	1.3673005E-006
3.90125	1.3673005E-006
3.90275	1.3673005E-006
3.90425	1.3673005E-006
3.90575	1.3673005E-006
3.90725	1.3673005E-006
3.90875	1.3673005E-006
3.91025	1.3673005E-006
3.91175	1.3673005E-006
3.91325	1.3673005E-006
3.91475	1.3673005E-006
3.91625	1.3673005E-006
3.91775	1.3673005E-006
3.91925	1.3673005E-006
3.92075	1.3673006E-006
3.92225	1.3673011E-006
3.92375	1.3673032E-006
3.92525	1.3673098E-006
3.92675	1.3673290E-006
3.92825	1.3673812E-006
3.92975	1.3675112E-006
3.93125	1.3678069E-006
3.93275	1.3684248E-006
3.93425	1.3696059E-006
3.93575	1.3716669E-006
3.93725	1.3749424E-006
3.93875	1.3796619E-006
3.94025	1.3857858E-006
3.94175	1.3928616E-006
3.94325	1.3999884E-006
3.94475	1.4059636E-006
3.94625	1.4096003E-006
3.94775	1.4101071E-006
3.94925	1.4073672E-006
3.95075	1.4019832E-006
3.95225	1.3950607E-006
3.95375	1.3878426E-006
3.95525	1.3813557E-006
3.95675	1.3762088E-006
3.95825	1.3725934E-006
3.95975	1.3704399E-006
3.96125	1.3696709E-006
3.96275	1.3704963E-006
3.96425	1.3737492E-006
3.96575	1.3812714E-006
3.96725	1.3963069E-006
3.96875	1.4237750E-006
3.97025	1.4702042E-006
3.97175	1.5430937E-006
3.97325	1.6496087E-006
3.97475	1.7947783E-006
3.97625	1.9796419E-006
3.97775	2.1999349E-006
3.97925	2.4457831E-006
3.98075	2.7025364E-006
3.98225	2.9524924E-006
3.98375	3.1770219E-006
3.98525	3.3586205E-006
3.98675	3.4825916E-006
3.98825	3.5383257E-006
3.98975	3.5202545E-006
3.99125	3.4285772E-006
3.99275	3.2697149E-006
3.99425	3.0562944E-006
3.99575	2.8064355E-006
3.99725	2.5422426E-006
3.99875	2.2877714E-006
4.00025	2.0671591E-006
4.00175	1.9038015E-006
4.00325	1.8211982E-006
4.00475	1.8453655E-006
4.00625	2.0077750E-006
4.00775	2.3472542E-006
4.00925	2.9094840E-006
4.01075	3.7437130E-006
4.01225	4.8975071E-006
4.01375	6.4111914E-006
4.01525	8.3135892E-006
4.01675	1.0619928E-005
4.01825	1.3331745E-005
4.01975	1.6437963E-005
4.02125	1.9916168E-005
4.02275	2.3733586E-005
4.02425	2.7847569E-005
4.02575	3.2206015E-005
4.02725	3.6747962E-005
4.02875	4.1404706E-005
4.03025	4.6101370E-005
4.03175	5.0758830E-005
4.03325	5.5295714E-005
4.03475	5.9630420E-005
4.03625	6.3682928E-005
4.03775	6.7376626E-005
4.03925	7.0640053E-005
4.04075	7.3408686E-005
4.04225	7.5626704E-005
4.04375	7.7248733E-005
4.04525	7.8241232E-005
4.04675	7.8583522E-005
4.04825	7.8268487E-005
4.04975	7.7302771E-005
4.05125	7.5706492E-005
4.05275	7.3512492E-005
4.05425	7.0765389E-005
4.05575	6.7520152E-005
4.05725	6.3840664E-005
4.05875	5.9798203E-005
4.06025	5.5469733E-005
4.06175	5.0936102E-005
4.06325	4.6280045E-005
4.06475	4.1583698E-005
4.06625	3.6926373E-005
4.06775	3.2382333E-005
4.06925	2.8019251E-005
4.07075	2.3897086E-005
4.07225	2.0067555E-005
4.07375	1.6573733E-005
4.07525	1.3449483E-005
4.07675	1.0718572E-005
4.07825	8.3933164E-006
4.07975	6.4730289E-006
4.08125	4.9428318E-006
4.08275	3.7737416E-006
4.08425	2.9247940E-006
4.08575	2.3473983E-006
4.08725	1.9910874E-006
4.08875	1.8090968E-006
4.09025	1.7620721E-006
4.09175	1.8189004E-006
4.09325	1.9549020E-006
4.09475	2.1486460E-006
4.09625	2.3790374E-006
4.09775	2.6239045E-006
4.09925	2.8604125E-006
4.10075	3.0668132E-006
4.10225	3.2246089E-006
4.10375	3.3203421E-006
4.10525	3.3465947E-006
4.10675	3.3022093E-006
4.10825	3.1919446E-006
4.10975	3.0257802E-006
4.11125	2.8179263E-006
4.11275	2.5854824E-006
4.11425	2.3466591E-006
4.11575	2.1186515E-006
4.11725	1.9154845E-006
4.11875	1.7463387E-006
4.12025	1.6148366E-006
4.12175	1.5194935E-006
4.12325	1.4551331E-006
4.12475	1.4147512E-006
4.12625	1.3912389E-006
4.12775	1.3785537E-006
4.12925	1.3722204E-006
4.13075	1.3692976E-006
4.13225	1.3680522E-006
4.13375	1.3675624E-006
4.13525	1.3673849E-006
4.13675	1.3673257E-006
4.13825	1.3673074E-006
4.13975	1.3673023E-006
4.14125	1.3673009E-006
4.14275	1.3673006E-006
4.14425	1.3673006E-006
4.14575	1.3673005E-006
4.14725	1.3673005E-006
4.14875	1.3673005E-006
4.15025	1.3673005E-006
4.15175	1.3673005E-006
4.15325	1.3673005E-006
4.15475	1.3673005E-006
4.15625	1.3673005E-006
4.15775	1.3673005E-006
4.15925	1.3673005E-006
4.16075	1.3673005E-006
4.16225	1.3673005E-006
4.16375	1.3673005E-006
4.16525	1.3673005E-006
4.16675	1.3673005E-006
4.16825	1.3673005E-006
4.16975	1.3673005E-006
4.17125	1.3673005E-006
4.17275	1.3673005E-006
4.17425	1.3673005E-006
4.17575	1.3673005E-006
4.17725	1.3673005E-006
4.17875	1.3673005E-006
4.18025	1.3673005E-006
4.18175	1.3673005E-006
4.18325	1.3673005E-006
4.18475	1.3673005E-006
4.18625	1.3673005E-006
4.18775	1.3673005E-006
4.18925	1.3673005E-006
4.19075	1.3673005E-006
4.19225	1.3673005E-006
4.19375	1.3673005E-006
4.19525	1.3673005E-006
4.19675	1.3673005E-006
4.19825	1.3673005E-006
4.19975	1.3673005E-006
4.20125	1.3673005E-006
4.20275	1.3673005E-006
4.20425	1.3673005E-006
4.20575	1.3673005E-006
4.20725	1.3673005E-006
4.20875	1.3673005E-006
4.21025	1.3673005E-006
4.21175	1.3673005E-006
4.21325	1.3673005E-006
4.21475	1.3673005E-006
4.21625	1.3673005E-006
4.21775	1.3673005E-006
4.21925	1.3673005E-006
4.22075	1.3673005E-006
4.22225	1.3673005E-006
4.22375	1.3673005E-006
4.22525	1.3673005E-006
4.22675	1.3673005E-006
4.22825	1.3673005E-006
4.22975	1.3673005E-006
4.23125	1.3673005E-006
4.23275	1.3673005E-006
4.23425	1.3673005E-006
4.23575	1.3673005E-006
4.23725	1.3673005E-006
4.23875	1.3673005E-006
4.24025	1.3673005E-006
4.24175	1.3673005E-006
4.24325	1.3673005E-006
4.24475	1.3673005E-006
4.24625	1.3673005E-006
4.24775	1.3673005E-006
4.24925	1.3673005E-006
4.25075	1.3673005E-006
4.25225	1.3673005E-006
4.25375	1.3673005E-006
4.25525	1.3673005E-006
4.25675	1.3673005E-006
4.25825	1.3673005E-006
4.25975	1.3673005E-006
4.26125	1.3673005E-006
4.26275	1.3673005E-006
4.26425	1.3673005E-006
4.26575	1.3673005E-006
4.26725	1.3673005E-006
4.26875	1.3673005E-006
4.27025	1.3673005E-006
4.27175	1.3673005E-006
4.27325	1.3673005E-006
4.27475	1.3673005E-006
4.27625	1.3673005E-006
4.27775	1.3673005E-006
4.27925	1.3673005E-006
4.28075	1.3673005E-006
4.28225	1.3673005E-006
4.28375	1.3673005E-006
4.28525	1.3673005E-006
4.28675	1.3673005E-006
4.28825	1.3673005E-006
4.28975	1.3673005E-006
4.29125	1.3673005E-006
4.29275	1.3673005E-006
4.29425	1.3673005E-006
4.29575	1.3673005E-006
4.29725	1.3673005E-006
4.29875	1.3673005E-006
4.30025	1.3673005E-006
4.30175	1.3673005E-006
4.30325	1.3673005E-006
4.30475	1.3673005E-006
4.30625	1.3673005E-006
4.30775	1.3673005E-006
4.30925	1.3673005E-006
4.31075	1.3673005E-006
4.31225	1.3673005E-006
4.31375	1.3673005E-006
4.31525	1.3673005E-006
4.31675	1.3673005E-006
4.31825	1.3673005E-006
4.31975	1.3673005E-006
4.32125	1.3673005E-006
4.32275	1.3673005E-006
4.32425	1.3673005E-006
4.32575	1.3673005E-006
4.32725	1.3673005E-006
4.32875	1.3673005E-006
4.33025	1.3673005E-006
4.33175	1.3673005E-006
4.33325	1.3673005E-006
4.33475	1.3673005E-006
4.33625	1.3673005E-006
4.33775	1.3673005E-006
4.33925	1.3673005E-006
4.34075	1.3673005E-006
4.34225	1.3673005E-006
4.34375	1.3673005E-006
4.34525	1.3673005E-006
4.34675	1.3673005E-006
4.34825	1.3673005E-006
4.34975	1.3673005E-006
4.35125	1.3673005E-006
4.35275	1.3673005E-006
4.35425	1.3673005E-006
4.35575	1.3673005E-006
4.35725	1.3673005E-006
4.35875	1.3673005E-006
4.36025	1.3673005E-006
4.36175	1.3673005E-006
4.36325	1.3673005E-006
4.36475	1.3673005E-006
4.36625	1.3673005E-006
4.36775	1.3673005E-006
4.36925	1.3673005E-006
4.37075	1.3673005E-006
4.37225	1.3673005E-006
4.37375	1.3673005E-006
4.37525	1.3673005E-006
4.37675	1.3673005E-006
4.37825	1.3673005E-006
4.37975	1.3673005E-006
4.38125	1.3673005E-006
4.38275	1.3673005E-006
4.38425	1.3673005E-006
4.38575	1.3673005E-006
4.38725	1.3673005E-006
4.38875	1.3673005E-006
4.39025	1.3673005E-006
4.39175	1.3673005E-006
4.39325	1.3673005E-006
4.39475	1.3673005E-006
4.39625	1.3673005E-006
4.39775	1.3673005E-006
4.39925	1.3673005E-006
4.40075	1.3673005E-006
4.40225	1.3673005E-006
4.40375	1.3673005E-006
4.40525	1.3673005E-006
4.40675	1.3673005E-006
4.40825	1.3673005E-006
4.40975	1.3673005E-006
4.41125	1.3673005E-006
4.41275	1.3673005E-006
4.41425	1.3673005E-006
4.41575	1.3673005E-006
4.41725	1.3673005E-006
4.41875	1.3673005E-006
4.42025	1.3673005E-006
4.42175	1.3673005E-006
4.42325	1.3673005E-006
4.42475	1.3673005E-006
4.42625	1.3673005E-006
4.42775	1.3673005E-006
4.42925	1.3673005E-006
4.43075	1.3673005E-006
4.43225	1.3673005E-006
4.43375	1.3673005E-006
4.43525	1.3673005E-006
4.43675	1.3673005E-006
4.43825	1.3673005E-006
4.43975	1.3673005E-006
4.44125	1.3673005E-006
4.44275	1.3673005E-006
4.44425	1.3673005E-006
4.44575	1.3673005E-006
4.44725	1.3673005E-006
4.44875	1.3673005E-006
4.45025	1.3673005E-006
4.45175	1.3673005E-006
4.45325	1.3673005E-006
4.45475	1.3673005E-006
4.45625	1.3673005E-006
4.45775	1.3673005E-006
4.45925	1.3673005E-006
4.46075	1.3673005E-006
4.46225	1.3673005E-006
4.46375	1.3673005E-006
4.46525	1.3673005E-006
4.46675	1.3673005E-006
4.46825	1.3673005E-006
4.46975	1.3673005E-006
4.47125	1.3673005E-006
4.47275	1.3673005E-006
4.47425	1.3673005E-006
4.47575	1.3673005E-006
4.47725	1.3673005E-006
4.47875	1.3673005E-006
4.48025	1.3673005E-006
4.48175	1.3673005E-006
4.48325	1.3673005E-006
4.48475	1.3673005E-006
4.48625	1.3673005E-006
4.48775	1.3673005E-006
4.48925	1.3673005E-006
4.49075	1.3673005E-006
4.49225	1.3673005E-006
4.49375	1.3673005E-006
4.49525	1.3673005E-006
4.49675	1.3673005E-006
4.49825	1.3673005E-006
4.49975	1.3673005E-006
4.50125	1.3673005E-006
4.50275	1.3673005E-006
4.50425	1.3673005E-006
4.50575	1.3673005E-006
4.50725	1.3673005E-006
4.50875	1.3673005E-006
4.51025	1.3673005E-006
4.51175	1.3673005E-006
4.51325	1.3673005E-006
4.51475	1.3673005E-006
4.51625	1.3673005E-006
4.51775	1.3673005E-006
4.51925	1.3673005E-006
4.52075	1.3673005E-006
4.52225	1.3673005E-006
4.52375	1.3673005E-006
4.52525	1.3673005E-006
4.52675	1.3673005E-006
4.52825	1.3673005E-006
4.52975	1.3673005E-006
4.53125	1.3673005E-006
4.53275	1.3673005E-006
4.53425	1.3673005E-006
4.53575	1.3673005E-006
4.53725	1.3673005E-006
4.53875	1.3673005E-006
4.54025	1.3673005E-006
4.54175	1.3673005E-006
4.54325	1.3673005E-006
4.54475	1.3673005E-006
4.54625	1.3673005E-006
4.54775	1.3673005E-006
4.54925	1.3673005E-006
4.55075	1.3673005E-006
4.55225	1.3673005E-006
4.55375	1.3673005E-006
4.55525	1.3673005E-006
4.55675	1.3673005E-006
4.55825	1.3673005E-006
4.55975	1.3673005E-006
4.56125	1.3673005E-006
4.56275	1.3673005E-006
4.56425	1.3673005E-006
4.56575	1.3673005E-006
4.56725	1.3673005E-006
4.56875	1.3673005E-006
4.57025	1.3673005E-006
4.57175	1.3673005E-006
4.57325	1.3673005E-006
4.57475	1.3673005E-006
4.57625	1.3673005E-006
4.57775	1.3673005E-006
4.57925	1.3673005E-006
4.58075	1.3673005E-006
4.58225	1.3673005E-006
4.58375	1.3673005E-006
4.58525	1.3673005E-006
4.58675	1.3673005E-006
4.58825	1.3673005E-006
4.58975	1.3673005E-006
4.59125	1.3673005E-006
4.59275	1.3673005E-006
4.59425	1.3673005E-006
4.59575	1.3673005E-006
4.59725	1.3673005E-006
4.59875	1.3673005E-006
4.60025	1.3673005E-006
4.60175	1.3673005E-006
4.60325	1.3673005E-006
4.60475	1.3673005E-006
4.60625	1.3673005E-006
4.60775	1.3673005E-006
4.60925	1.3673005E-006
4.61075	1.3673005E-006
4.61225	1.3673005E-006
4.61375	1.3673005E-006
4.61525	1.3673005E-006
4.61675	1.3673005E-006
4.61825	1.3673005E-006
4.61975	1.3673005E-006
4.62125	1.3673005E-006
4.62275	1.3673005E-006
4.62425	1.3673005E-006
4.62575	1.3673005E-006
4.62725	1.3673005E-006
4.62875	1.3673005E-006
4.63025	1.3673005E-006
4.63175	1.3673005E-006
4.63325	1.3673005E-006
4.63475	1.3673005E-006
4.63625	1.3673005E-006
4.63775	1.3673005E-006
4.63925	1.3673005E-006
4.64075	1.3673005E-006
4.64225	1.3673005E-006
4.64375	1.3673005E-006
4.64525	1.3673005E-006
4.64675	1.3673005E-006
4.64825	1.3673005E-006
4.64975	1.3673005E-006
4.65125	1.3673005E-006
4.65275	1.3673005E-006
4.65425	1.3673005E-006
4.65575	1.3673005E-006
4.65725	1.3673005E-006
4.65875	1.3673005E-006
4.66025	1.3673005E-006
4.66175	1.3673005E-006
4.66325	1.3673005E-006
4.66475	1.3673005E-006
4.66625	1.3673005E-006
4.66775	1.3673005E-006
4.66925	1.3673005E-006
4.67075	1.3673005E-006
4.67225	1.3673005E-006
4.67375	1.3673005E-006
4.67525	1.3673005E-006
4.67675	1.3673005E-006
4.67825	1.3673005E-006
4.67975	1.3673005E-006
4.68125	1.3673005E-006
4.68275	1.3673005E-006
4.68425	1.3673005E-006
4.68575	1.3673005E-006
4.68725	1.3673005E-006
4.68875	1.3673005E-006
4.69025	1.3673005E-006
4.69175	1.3673005E-006
4.69325	1.3673005E-006
4.69475	1.3673005E-006
4.69625	1.3673005E-006
4.69775	1.3673005E-006
4.69925	1.3673005E-006
4.70075	1.3673005E-006
4.70225	1.3673005E-006
4.70375	1.3673005E-006
4.70525	1.3673005E-006
4.70675	1.3673005E-006
4.70825	1.3673005E-006
4.70975	1.3673005E-006
4.71125	1.3673005E-006
4.71275	1.3673005E-006
4.71425	1.3673005E-006
4.71575	1.3673005E-006
4.71725	1.3673005E-006
4.71875	1.3673005E-006
4.72025	1.3673005E-006
4.72175	1.3673005E-006
4.72325	1.3673005E-006
4.72475	1.3673005E-006
4.72625	1.3673005E-006
4.72775	1.3673005E-006
4.72925	1.3673005E-006
4.73075	1.3673005E-006
4.73225	1.3673005E-006
4.73375	1.3673005E-006
4.73525	1.3673005E-006
4.73675	1.3673005E-006
4.73825	1.3673005E-006
4.73975	1.3673005E-006
4.74125	1.3673005E-006
4.74275	1.3673005E-006
4.74425	1.3673005E-006
4.74575	1.3673005E-006
4.74725	1.3673005E-006
4.74875	1.3673005E-006
4.75025	1.3673005E-006
4.75175	1.3673005E-006
4.75325	1.3673005E-006
4.75475	1.3673005E-006
4.75625	1.3673005E-006
4.75775	1.3673005E-006
4.75925	1.3673005E-006
4.76075	1.3673005E-006
4.76225	1.3673005E-006
4.76375	1.3673005E-006
4.76525	1.3673005E-006
4.76675	1.3673005E-006
4.76825	1.3673005E-006
4.76975	1.3673005E-006
4.77125	1.3673005E-006
4.77275	1.3673005E-006
4.77425	1.3673005E-006
4.77575	1.3673005E-006
4.77725	1.3673005E-006
4.77875	1.3673005E-006
4.78025	1.3673005E-006
4.78175	1.3673005E-006
4.78325	1.3673005E-006
4.78475	1.3673005E-006
4.78625	1.3673005E-006
4.78775	1.3673005E-006
4.78925	1.3673005E-006
4.79075	1.3673005E-006
4.79225	1.3673005E-006
4.79375	1.3673005E-006
4.79525	1.3673005E-006
4.79675	1.3673005E-006
4.79825	1.3673005E-006
4.79975	1.3673008E-006
4.80125	1.3673019E-006
4.80275	1.3673066E-006
4.80425	1.3673234E-006
4.80575	1.3673795E-006
4.80725	1.3675511E-006
4.80875	1.3680371E-006
4.81025	1.3693102E-006
4.81175	1.3723944E-006
4.81325	1.3793145E-006
4.81475	1.3937166E-006
4.81625	1.4215618E-006
4.81775	1.4716711E-006
4.81925	1.5558016E-006
4.82075	1.6879511E-006
4.82225	1.8827952E-006
4.82375	2.1535061E-006
4.82525	2.5095021E-006
4.82675	2.9548062E-006
4.82825	3.4874793E-006
4.82975	4.1001758E-006
4.83125	4.7814679E-006
4.83275	5.5173969E-006
4.83425	6.2927734E-006
4.83575	7.0919982E-006
4.83725	7.8994735E-006
4.83875	8.6997325E-006
4.84025	9.4775032E-006
4.84175	1.0217868E-005
4.84325	1.0906442E-005
4.84475	1.1529709E-005
4.84625	1.2075328E-005
4.84775	1.2532445E-005
4.84925	1.2891980E-005
4.85075	1.3146835E-005
4.85225	1.3292070E-005
4.85375	1.3324991E-005
4.85525	1.3245227E-005
4.85675	1.3054711E-005
4.85825	1.2757645E-005
4.85975	1.2360380E-005
4.86125	1.1871244E-005
4.86275	1.1300315E-005
4.86425	1.0659133E-005
4.86575	9.9603913E-006
4.86725	9.2176051E-006
4.86875	8.4448002E-006
4.87025	7.6562646E-006
4.87175	6.8663562E-006
4.87325	6.0894181E-006
4.87475	5.3397384E-006
4.87625	4.6314412E-006
4.87775	3.9781612E-006
4.87925	3.3923125E-006
4.88075	2.8839520E-006
4.88225	2.4593905E-006
4.88375	2.1200058E-006
4.88525	1.8617278E-006
4.88675	1.6755453E-006
4.88825	1.5489913E-006
4.88975	1.4681993E-006
4.89125	1.4199243E-006
4.89275	1.3930043E-006
4.89425	1.3790293E-006
4.89575	1.3722895E-006
4.89725	1.3692750E-006
4.89875	1.3680263E-006
4.90025	1.3675480E-006
4.90175	1.3673787E-006
4.90325	1.3673233E-006
4.90475	1.3673067E-006
4.90625	1.3673020E-006
4.90775	1.3673009E-006
4.90925	1.3673006E-006
4.91075	1.3673006E-006
4.91225	1.3673005E-006
4.91375	1.3673005E-006
4.91525	1.3673005E-006
4.91675	1.3673005E-006
4.91825	1.3673005E-006
4.91975	1.3673005E-006
4.92125	1.3673005E-006
4.92275	1.3673005E-006
4.92425	1.3673005E-006
4.92575	1.3673005E-006
4.92725	1.3673005E-006
4.92875	1.3673005E-006
4.93025	1.3673005E-006
4.93175	1.3673005E-006
4.93325	1.3673005E-006
4.93475	1.3673005E-006
4.93625	1.3673005E-006
4.93775	1.3673005E-006
4.93925	1.3673005E-006
4.94075	1.3673005E-006
4.94225	1.3673005E-006
4.94375	1.3673005E-006
4.94525	1.3673005E-006
4.94675	1.3673005E-006
4.94825	1.3673005E-006
4.94975	1.3673005E-006
4.95125	1.3673005E-006
4.95275	1.3673005E-006
4.95425	1.3673005E-006
4.95575	1.3673005E-006
4.95725	1.3673005E-006
4.95875	1.3673005E-006
4.96025	1.3673005E-006
4.96175	1.3673005E-006
4.96325	1.3673005E-006
4.96475	1.3673005E-006
4.96625	1.3673005E-006
4.96775	1.3673005E-006
4.96925	1.3673005E-006
4.97075	1.3673005E-006
4.97225	1.3673005E-006
4.97375	1.3673005E-006
4.97525	1.3673005E-006
4.97675	1.3673005E-006
4.97825	1.3673005E-006
4.97975	1.3673005E-006
4.98125	1.3673005E-006
4.98275	1.3673005E-006
4.98425	1.3673005E-006
4.98575	1.3673005E-006
4.98725	1.3673005E-006
4.98875	1.3673005E-006
4.99025	1.3673005E-006
4.99175	1.3673005E-006
4.99325	1.3673005E-006
4.99475	1.3673005E-006
4.99625	1.3673005E-006
4.99775	1.3673005E-006
4.99925	1.3673005E-006
5.00075	1.3673005E-006
5.00225	1.3673005E-006
5.00375	1.3673005E-006
5.00525	1.3673005E-006
5.00675	1.3673005E-006
5.00825	1.3673005E-006
5.00975	1.3673005E-006
5.01125	1.3673005E-006
5.01275	1.3673005E-006
5.01425	1.3673005E-006
5.01575	1.3673005E-006
5.01725	1.3673005E-006
5.01875	1.3673005E-006
5.02025	1.3673005E-006
5.02175	1.3673005E-006
5.02325	1.3673005E-006
5.02475	1.3673005E-006
5.02625	1.3673005E-006
5.02775	1.3673005E-006
5.02925	1.3673005E-006
5.03075	1.3673005E-006
5.03225	1.3673005E-006
5.03375	1.3673005E-006
5.03525	1.3673005E-006
5.03675	1.3673005E-006
5.03825	1.3673005E-006
5.03975	1.3673005E-006
5.04125	1.3673005E-006
5.04275	1.3673005E-006
5.04425	1.3673005E-006
5.04575	1.3673005E-006
5.04725	1.3673005E-006
5.04875	1.3673005E-006
5.05025	1.3673005E-006
5.05175	1.3673005E-006
5.05325	1.3673005E-006
5.05475	1.3673005E-006
5.05625	1.3673005E-006
5.05775	1.3673005E-006
5.05925	1.3673005E-006
5.06075	1.3673005E-006
5.06225	1.3673005E-006
5.06375	1.3673005E-006
5.06525	1.3673005E-006
5.06675	1.3673005E-006
5.06825	1.3673005E-006
5.06975	1.3673005E-006
5.07125	1.3673005E-006
5.07275	1.3673005E-006
5.07425	1.3673005E-006
5.07575	1.3673005E-006
5.07725	1.3673005E-006
5.07875	1.3673005E-006
5.08025	1.3673005E-006
5.08175	1.3673005E-006
5.08325	1.3673005E-006
5.08475	1.3673005E-006
5.08625	1.3673005E-006
5.08775	1.3673005E-006
5.08925	1.3673005E-006
5.09075	1.3673005E-006
5.09225	1.3673005E-006
5.09375	1.3673005E-006
5.09525	1.3673005E-006
5.09675	1.3673005E-006
5.09825	1.3673005E-006
5.09975	1.3673005E-006
5.10125	1.3673005E-006
5.10275	1.3673005E-006
5.10425	1.3673005E-006
5.10575	1.3673005E-006
5.10725	1.3673005E-006
5.10875	1.3673005E-006
5.11025	1.3673005E-006
5.11175	1.3673005E-006
5.11325	1.3673005E-006
5.11475	1.3673005E-006
5.11625	1.3673005E-006
5.11775	1.3673005E-006
5.11925	1.3673005E-006
5.12075	1.3673005E-006
5.12225	1.3673005E-006
5.12375	1.3673005E-006
5.12525	1.3673005E-006
5.12675	1.3673005E-006
5.12825	1.3673005E-006
5.12975	1.3673005E-006
5.13125	1.3673005E-006
5.13275	1.3673005E-006
5.13425	1.3673005E-006
5.13575	1.3673005E-006
5.13725	1.3673005E-006
5.13875	1.3673005E-006
5.14025	1.3673005E-006
5.14175	1.3673005E-006
5.14325	1.3673005E-006
5.14475	1.3673005E-006
5.14625	1.3673005E-006
5.14775	1.3673005E-006
5.14925	1.3673005E-006
5.15075	1.3673005E-006
5.15225	1.3673005E-006
5.15375	1.3673005E-006
5.15525	1.3673005E-006
5.15675	1.3673005E-006
5.15825	1.3673005E-006
5.15975	1.3673005E-006
5.16125	1.3673005E-006
5.16275	1.3673005E-006
5.16425	1.3673005E-006
5.16575	1.3673005E-006
5.16725	1.3673005E-006
5.16875	1.3673005E-006
5.17025	1.3673005E-006
5.17175	1.3673005E-006
5.17325	1.3673005E-006
5.17475	1.3673005E-006
5.17625	1.3673005E-006
5.17775	1.3673005E-006
5.17925	1.3673005E-006
5.18075	1.3673005E-006
5.18225	1.3673005E-006
5.18375	1.3673005E-006
5.18525	1.3673005E-006
5.18675	1.3673005E-006
5.18825	1.3673005E-006
5.18975	1.3673005E-006
5.19125	1.3673005E-006
5.19275	1.3673005E-006
5.19425	1.3673005E-006
5.19575	1.3673005E-006
5.19725	1.3673005E-006
5.19875	1.3673005E-006
5.20025	1.3673005E-006
5.20175	1.3673005E-006
5.20325	1.3673005E-006
5.20475	1.3673005E-006
5.20625	1.3673005E-006
5.20775	1.3673005E-006
5.20925	1.3673005E-006
5.21075	1.3673005E-006
5.21225	1.3673005E-006
5.21375	1.3673005E-006
5.21525	1.3673005E-006
5.21675	1.3673005E-006
5.21825	1.3673005E-006
5.21975	1.3673005E-006
5.22125	1.3673005E-006
5.22275	1.3673005E-006
5.22425	1.3673005E-006
5.22575	1.3673005E-006
5.22725	1.3673005E-006
5.22875	1.3673005E-006
5.23025	1.3673005E-006
5.23175	1.3673005E-006
5.23325	1.3673005E-006
5.23475	1.3673005E-006
5.23625	1.3673005E-006
5.23775	1.3673005E-006
5.23925	1.3673005E-006
5.24075	1.3673005E-006
5.24225	1.3673005E-006
5.24375	1.3673005E-006
5.24525	1.3673005E-006
5.24675	1.3673005E-006
5.24825	1.3673005E-006
5.24975	1.3673005E-006
5.25125	1.3673005E-006
5.25275	1.3673005E-006
5.25425	1.3673005E-006
5.25575	1.3673005E-006
5.25725	1.3673005E-006
5.25875	1.3673005E-006
5.26025	1.3673005E-006
5.26175	1.3673005E-006
5.26325	1.3673005E-006
5.26475	1.3673005E-006
5.26625	1.3673005E-006
5.26775	1.3673005E-006
5.26925	1.3673005E-006
5.27075	1.3673005E-006
5.27225	1.3673005E-006
5.27375	1.3673005E-006
5.27525	1.3673005E-006
5.27675	1.3673005E-006
5.27825	1.3673005E-006
5.27975	1.3673005E-006
5.28125	1.3673005E-006
5.28275	1.3673005E-006
5.28425	1.3673005E-006
5.28575	1.3673005E-006
5.28725	1.3673005E-006
5.28875	1.3673005E-006
5.29025	1.3673005E-006
5.29175	1.3673005E-006
5.29325	1.3673005E-006
5.29475	1.3673005E-006
5.29625	1.3673005E-006
5.29775	1.3673005E-006
5.29925	1.3673005E-006
5.30075	1.3673005E-006
5.30225	1.3673005E-006
5.30375	1.3673005E-006
5.30525	1.3673005E-006
5.30675	1.3673005E-006
5.30825	1.3673005E-006
5.30975	1.3673005E-006
5.31125	1.3673005E-006
5.31275	1.3673005E-006
5.31425	1.3673005E-006
5.31575	1.3673005E-006
5.31725	1.3673005E-006
5.31875	1.3673005E-006
5.32025	1.3673005E-006
5.32175	1.3673005E-006
5.32325	1.3673005E-006
5.32475	1.3673005E-006
5.32625	1.3673005E-006
5.32775	1.3673005E-006
5.32925	1.3673005E-006
5.33075	1.3673005E-006
5.33225	1.3673005E-006
5.33375	1.3673005E-006
5.33525	1.3673005E-006
5.33675	1.3673005E-006
5.33825	1.3673005E-006
5.33975	1.3673005E-006
5.34125	1.3673005E-006
5.34275	1.3673005E-006
5.34425	1.3673005E-006
5.34575	1.3673005E-006
5.34725	1.3673005E-006
5.34875	1.3673005E-006
5.35025	1.3673005E-006
5.35175	1.3673005E-006
5.35325	1.3673005E-006
5.35475	1.3673005E-006
5.35625	1.3673005E-006
5.35775	1.3673005E-006
5.35925	1.3673005E-006
5.36075	1.3673005E-006
5.36225	1.3673005E-006
5.36375	1.3673005E-006
5.36525	1.3673005E-006
5.36675	1.3673005E-006
5.36825	1.3673005E-006
5.36975	1.3673005E-006
5.37125	1.3673005E-006
5.37275	1.3673005E-006
5.37425	1.3673005E-006
5.37575	1.3673005E-006
5.37725	1.3673005E-006
5.37875	1.3673005E-006
5.38025	1.3673005E-006
5.38175	1.3673005E-006
5.38325	1.3673005E-006
5.38475	1.3673005E-006
5.38625	1.3673005E-006
5.38775	1.3673005E-006
5.38925	1.3673005E-006
5.39075	1.3673005E-006
5.39225	1.3673005E-006
5.39375	1.3673005E-006
5.39525	1.3673005E-006
5.39675	1.3673005E-006
5.39825	1.3673005E-006
5.39975	1.3672999E-006
5.40125	1.3672999E-006
5.40275	1.3672999E-006
5.40425	1.3672999E-006
5.40575	1.3672999E-006
5.40725	1.3672999E-006
5.40875	1.3672999E-006
5.41025	1.3672999E-006
5.41175	1.3672999E-006
5.41325	1.3672999E-006
5.41475	1.3672999E-006
5.41625	1.3672999E-006
5.41775	1.3672999E-006
5.41925	1.3672999E-006
5.42075	1.3672999E-006
5.42225	1.3672999E-006
5.42375	1.3672999E-006
5.42525	1.3672999E-006
5.42675	1.3672999E-006
5.42825	1.3672999E-006
5.42975	1.3672999E-006
5.43125	1.3672999E-006
5.43275	1.3672999E-006
5.43425	1.3672999E-006
5.43575	1.3672999E-006
5.43725	1.3672999E-006
5.43875	1.3672999E-006
5.44025	1.3672999E-006
5.44175	1.3672999E-006
5.44325	1.3672999E-006
5.44475	1.3672999E-006
5.44625	1.3672999E-006
5.44775	1.3672999E-006
5.44925	1.3672999E-006
5.45075	1.3672999E-006
5.45225	1.3672999E-006
5.45375	1.3672999E-006
5.45525	1.3672999E-006
5.45675	1.3672999E-006
5.45825	1.3672999E-006
5.45975	1.3672999E-006
5.46125	1.3672999E-006
5.46275	1.3672999E-006
5.46425	1.3672999E-006
5.46575	1.3672999E-006
5.46725	1.3672999E-006
5.46875	1.3672999E-006
5.47025	1.3672999E-006
5.47175	1.3672999E-006
5.47325	1.3672999E-006
5.47475	1.3672999E-006
5.47625	1.3672999E-006
5.47775	1.3672999E-006
5.47925	1.3672999E-006
5.48075	1.3672999E-006
5.48225	1.3672999E-006
5.48375	1.3672999E-006
5.48525	1.3672999E-006
5.48675	1.3672999E-006
5.48825	1.3672999E-006
5.48975	1.3672999E-006
5.49125	1.3672999E-006
5.49275	1.3672999E-006
5.49425	1.3672999E-006
5.49575	1.3672999E-006
5.49725	1.3672999E-006
5.49875	1.3672999E-006
