theta_deg	I
0.20825	8.3276206E-001
0.20975	8.3355880E-001
0.21125	8.3354735E-001
0.21275	8.3338952E-001
0.21425	8.3272767E-001
0.21575	8.3265829E-001
0.21725	8.3297497E-001
0.21875	8.3329433E-001
0.22025	8.3315641E-001
0.22175	8.3153802E-001
0.22325	8.2920188E-001
0.22475	8.2620382E-001
0.22625	8.2290500E-001
0.22775	8.2046819E-001
0.22925	8.1819409E-001
0.23075	8.1709534E-001
0.23225	8.1582808E-001
0.23375	8.1436473E-001
0.23525	8.1252974E-001
0.23675	8.0953813E-001
0.23825	8.0691153E-001
0.23975	8.0351466E-001
0.24125	8.0064684E-001
0.24275	7.9815203E-001
0.24425	7.9493135E-001
0.24575	7.9141062E-001
0.24725	7.8654361E-001
0.24875	7.8143042E-001
0.25025	7.7528435E-001
0.25175	7.6869792E-001
0.25325	7.6274997E-001
0.25475	7.5669354E-001
0.25625	7.5116581E-001
0.25775	7.4535179E-001
0.25925	7.3928672E-001
0.26075	7.3208278E-001
0.26225	7.2409487E-001
0.26375	7.1567386E-001
0.26525	7.0690078E-001
0.26675	6.9755322E-001
0.26825	6.8820721E-001
0.26975	6.7813379E-001
0.27125	6.6725129E-001
0.27275	6.5513325E-001
0.27425	6.4172405E-001
0.27575	6.2724519E-001
0.27725	6.1151236E-001
0.27875	5.9521246E-001
0.28025	5.7886291E-001
0.28175	5.6224972E-001
0.28325	5.4497135E-001
0.28475	5.2728456E-001
0.28625	5.0897449E-001
0.28775	4.9005571E-001
0.28925	4.7024766E-001
0.29075	4.5021138E-001
0.29225	4.3043840E-001
0.29375	4.1053620E-001
0.29525	3.9125219E-001
0.29675	3.7253082E-001
0.29825	3.5427296E-001
0.29975	3.3647379E-001
0.30125	3.1945571E-001
0.30275	3.0361110E-001
0.30425	2.8856730E-001
0.30575	2.7450344E-001
0.30725	2.6162717E-001
0.30875	2.4958539E-001
0.31025	2.3832269E-001
0.31175	2.2766067E-001
0.31325	2.1763849E-001
0.31475	2.0822619E-001
0.31625	1.9913721E-001
0.31775	1.9091409E-001
0.31925	1.8308647E-001
0.32075	1.7571343E-001
0.32225	1.6865963E-001
0.32375	1.6184215E-001
0.32525	1.5531047E-001
0.32675	1.4904718E-001
0.32825	1.4313839E-001
0.32975	1.3760564E-001
0.33125	1.3271776E-001
0.33275	1.2838475E-001
0.33425	1.2448686E-001
0.33575	1.2065905E-001
0.33725	1.1695489E-001
0.33875	1.1343462E-001
0.34025	1.0966382E-001
0.34175	1.0595166E-001
0.34325	1.0214857E-001
0.34475	9.8567612E-002
0.34625	9.5060863E-002
0.34775	9.1694035E-002
0.34925	8.8676900E-002
0.35075	8.5811131E-002
0.35225	8.3392836E-002
0.35375	8.1131645E-002
0.35525	7.9173423E-002
0.35675	7.7434584E-002
0.35825	7.5845979E-002
0.35975	7.4207902E-002
0.36125	7.2343804E-002
0.36275	7.0428871E-002
0.36425	6.8361409E-002
0.36575	6.6047542E-002
0.36725	6.3549556E-002
0.36875	6.1213482E-002
0.37025	5.9122663E-002
0.37175	5.7044897E-002
0.37325	5.5277213E-002
0.37475	5.3815469E-002
0.37625	5.2697014E-002
0.37775	5.1733594E-002
0.37925	5.0924975E-002
0.38075	5.0404903E-002
0.38225	4.9927201E-002
0.38375	4.9458653E-002
0.38525	4.8815608E-002
0.38675	4.8021879E-002
0.38825	4.7003265E-002
0.38975	4.5767326E-002
0.39125	4.4239629E-002
0.39275	4.2604078E-002
0.39425	4.0976543E-002
0.39575	3.9367095E-002
0.39725	3.7910622E-002
0.39875	3.6615599E-002
0.40025	3.5627674E-002
0.40175	3.4806002E-002
0.40325	3.4284558E-002
0.40475	3.3916317E-002
0.40625	3.3771817E-002
0.40775	3.3788767E-002
0.40925	3.3812810E-002
0.41075	3.3819225E-002
0.41225	3.3660751E-002
0.41375	3.3314951E-002
0.41525	3.2779083E-002
0.41675	3.1955577E-002
0.41825	3.0902615E-002
0.41975	2.9832473E-002
0.42125	2.8621955E-002
0.42275	2.7503036E-002
0.42425	2.6342897E-002
0.42575	2.5217796E-002
0.42725	2.4356963E-002
0.42875	2.3568043E-002
0.43025	2.3112552E-002
0.43175	2.2887670E-002
0.43325	2.2830879E-002
0.43475	2.3030110E-002
0.43625	2.3319116E-002
0.43775	2.3737736E-002
0.43925	2.4021931E-002
0.44075	2.4213379E-002
0.44225	2.4270402E-002
0.44375	2.4108497E-002
0.44525	2.3678424E-002
0.44675	2.2993470E-002
0.44825	2.2179129E-002
0.44975	2.1193720E-002
0.45125	2.0098848E-002
0.45275	1.9008325E-002
0.45425	1.8002538E-002
0.45575	1.7083770E-002
0.45725	1.6369503E-002
0.45875	1.5842332E-002
0.46025	1.5568673E-002
0.46175	1.5509588E-002
0.46325	1.5677219E-002
0.46475	1.6003551E-002
0.46625	1.6412096E-002
0.46775	1.6843084E-002
0.46925	1.7261706E-002
0.47075	1.7589642E-002
0.47225	1.7778112E-002
0.47375	1.7852766E-002
0.47525	1.7745594E-002
0.47675	1.7471474E-002
0.47825	1.6975680E-002
0.47975	1.6368585E-002
0.48125	1.5617221E-002
0.48275	1.4753413E-002
0.48425	1.3803731E-002
0.48575	1.2933053E-002
0.48725	1.2202757E-002
0.48875	1.1529255E-002
0.49025	1.1008039E-002
0.49175	1.0716974E-002
0.49325	1.0684454E-002
0.49475	1.0821629E-002
0.49625	1.1123915E-002
0.49775	1.1600933E-002
0.49925	1.2137721E-002
0.50075	1.2750995E-002
0.50225	1.3278852E-002
0.50375	1.3721060E-002
0.50525	1.3978004E-002
0.50675	1.4084720E-002
0.50825	1.4062735E-002
0.50975	1.3802815E-002
0.51125	1.3340225E-002
0.51275	1.2743895E-002
0.51425	1.2029401E-002
0.51575	1.1220098E-002
0.51725	1.0384687E-002
0.51875	9.5602693E-003
0.52025	8.8794380E-003
0.52175	8.2876887E-003
0.52325	7.8956326E-003
0.52475	7.7204444E-003
0.52625	7.7451761E-003
0.52775	7.9689147E-003
0.52925	8.3108181E-003
0.53075	8.8407360E-003
0.53225	9.3864547E-003
0.53375	9.9869063E-003
0.53525	1.0553692E-002
0.53675	1.0997505E-002
0.53825	1.1448416E-002
0.53975	1.1655207E-002
0.54125	1.1750244E-002
0.54275	1.1621543E-002
0.54425	1.1284905E-002
0.54575	1.0822773E-002
0.54725	1.0160491E-002
0.54875	9.4535528E-003
0.55025	8.7065389E-003
0.55175	7.9551740E-003
0.55325	7.2599151E-003
0.55475	6.6917534E-003
0.55625	6.2371786E-003
0.55775	5.9435945E-003
0.55925	5.7995501E-003
0.56075	5.8641299E-003
0.56225	6.1215316E-003
0.56375	6.5287016E-003
0.56525	7.0597641E-003
0.56675	7.6499097E-003
0.56825	8.3030323E-003
0.56975	8.9016519E-003
0.57125	9.4315680E-003
0.57275	9.8339301E-003
0.57425	1.0100034E-002
0.57575	1.0194155E-002
0.57725	1.0131636E-002
0.57875	9.8753795E-003
0.58025	9.4899647E-003
0.58175	8.9311935E-003
0.58325	8.2766963E-003
0.58475	7.5812093E-003
0.58625	6.8396907E-003
0.58775	6.1677899E-003
0.58925	5.5474155E-003
0.59075	5.0639864E-003
0.59225	4.7365096E-003
0.59375	4.5523895E-003
0.59525	4.6073506E-003
0.59675	4.8287981E-003
0.59825	5.2126106E-003
0.59975	5.7480242E-003
0.60125	6.3832835E-003
0.60275	7.1083135E-003
0.60425	7.8296792E-003
0.60575	8.4782215E-003
0.60725	9.0250857E-003
0.60875	9.4148517E-003
0.61025	9.6452311E-003
0.61175	9.6905725E-003
0.61325	9.4986670E-003
0.61475	9.1966102E-003
0.61625	8.7115774E-003
0.61775	8.1319651E-003
0.61925	7.4428897E-003
0.62075	6.7011430E-003
0.62225	5.9504639E-003
0.62375	5.2378010E-003
0.62525	4.6359762E-003
0.62675	4.1720117E-003
0.62825	3.8514051E-003
0.62975	3.7440017E-003
0.63125	3.8214056E-003
0.63275	4.0877382E-003
0.63425	4.5004054E-003
0.63575	5.0866581E-003
0.63725	5.7679475E-003
0.63875	6.4767175E-003
0.64025	7.2420524E-003
0.64175	7.9757841E-003
0.64325	8.6433338E-003
0.64475	9.1574499E-003
0.64625	9.4842399E-003
0.64775	9.6548488E-003
0.64925	9.6117957E-003
0.65075	9.3218749E-003
0.65225	8.8904304E-003
0.65375	8.2895206E-003
0.65525	7.5963228E-003
0.65675	6.8115224E-003
0.65825	6.0017612E-003
0.65975	5.2794800E-003
0.66125	4.5963586E-003
0.66275	4.0545329E-003
0.66425	3.6810255E-003
0.66575	3.5115618E-003
0.66725	3.5814082E-003
0.66875	3.8303367E-003
0.67025	4.2867432E-003
0.67175	4.9279574E-003
0.67325	5.7384060E-003
0.67475	6.6363341E-003
0.67625	7.5516668E-003
0.67775	8.4502818E-003
0.67925	9.2806546E-003
0.68075	1.0015531E-002
0.68225	1.0542471E-002
0.68375	1.0874987E-002
0.68525	1.0948956E-002
0.68675	1.0801476E-002
0.68825	1.0450412E-002
0.68975	9.8334728E-003
0.69125	9.0800459E-003
0.69275	8.2075382E-003
0.69425	7.2995331E-003
0.69575	6.3509941E-003
0.69725	5.4789432E-003
0.69875	4.6987236E-003
0.70025	4.1204859E-003
0.70175	3.7284296E-003
0.70325	3.6111791E-003
0.70475	3.7797268E-003
0.70625	4.1646841E-003
0.70775	4.8301723E-003
0.70925	5.6914599E-003
0.71075	6.7286231E-003
0.71225	7.8493739E-003
0.71375	9.0534808E-003
0.71525	1.0261712E-002
0.71675	1.1368492E-002
0.71825	1.2290466E-002
0.71975	1.3015953E-002
0.72125	1.3423813E-002
0.72275	1.3542894E-002
0.72425	1.3367019E-002
0.72575	1.2873742E-002
0.72725	1.2175049E-002
0.72875	1.1212081E-002
0.73025	1.0178583E-002
0.73175	8.9966888E-003
0.73325	7.7921222E-003
0.73475	6.7254175E-003
0.73625	5.7734437E-003
0.73775	5.0926120E-003
0.73925	4.6939147E-003
0.74075	4.6982653E-003
0.74225	5.0990242E-003
0.74375	5.8689383E-003
0.74525	6.9970172E-003
0.74675	8.4418096E-003
0.74825	1.0151331E-002
0.74975	1.2049782E-002
0.75125	1.3952813E-002
0.75275	1.5870729E-002
0.75425	1.7664755E-002
0.75575	1.9290002E-002
0.75725	2.0578384E-002
0.75875	2.1397077E-002
0.76025	2.1827606E-002
0.76175	2.1754781E-002
0.76325	2.1189600E-002
0.76475	2.0134116E-002
0.76625	1.8728254E-002
0.76775	1.7064532E-002
0.76925	1.5244630E-002
0.77075	1.3375491E-002
0.77225	1.1643984E-002
0.77375	1.0191178E-002
0.77525	9.0958476E-003
0.77675	8.6405855E-003
0.77825	8.8022621E-003
0.77975	9.8284334E-003
0.78125	1.1644903E-002
0.78275	1.4334336E-002
0.78425	1.7793225E-002
0.78575	2.1804705E-002
0.78725	2.6334422E-002
0.78875	3.1068871E-002
0.79025	3.5927895E-002
0.79175	4.0597767E-002
0.79325	4.4960540E-002
0.79475	4.8674081E-002
0.79625	5.1654126E-002
0.79775	5.3646926E-002
0.79925	5.4446157E-002
0.80075	5.4105625E-002
0.80225	5.2540150E-002
0.80375	5.0030712E-002
0.80525	4.6540674E-002
0.80675	4.2522553E-002
0.80825	3.8487028E-002
0.80975	3.4767758E-002
0.81125	3.1919166E-002
0.81275	3.0557046E-002
0.81425	3.1344593E-002
0.81575	3.4878369E-002
0.81725	4.1699737E-002
0.81875	5.2242666E-002
0.82025	6.6907912E-002
0.82175	8.5475631E-002
0.82325	1.0784483E-001
0.82475	1.3352270E-001
0.82625	1.6169949E-001
0.82775	1.9206554E-001
0.82925	2.2366203E-001
0.83075	2.5550333E-001
0.83225	2.8724891E-001
0.83375	3.1761268E-001
0.83525	3.4658274E-001
0.83675	3.7268403E-001
0.83825	3.9584514E-001
0.83975	4.1582739E-001
0.84125	4.3221202E-001
0.84275	4.4580185E-001
0.84425	4.5633268E-001
0.84575	4.6472752E-001
0.84725	4.7044393E-001
0.84875	4.7454107E-001
0.85025	4.7639301E-001
0.85175	4.7594488E-001
0.85325	4.7322249E-001
0.85475	4.6794733E-001
0.85625	4.6125856E-001
0.85775	4.5269945E-001
0.85925	4.4303775E-001
0.86075	4.3166447E-001
0.86225	4.1901720E-001
0.86375	4.0535641E-001
0.86525	3.9010534E-001
0.86675	3.7350202E-001
0.86825	3.5540926E-001
0.86975	3.3688185E-001
0.87125	3.1768760E-001
0.87275	2.9774329E-001
0.87425	2.7716717E-001
0.87575	2.5597256E-001
0.87725	2.3469757E-001
0.87875	2.1280283E-001
0.88025	1.9088821E-001
0.88175	1.6919525E-001
0.88325	1.4831139E-001
0.88475	1.2847544E-001
0.88625	1.0963750E-001
0.88775	9.2577539E-002
0.88925	7.7244967E-002
0.89075	6.3775122E-002
0.89225	5.2277934E-002
0.89375	4.2772170E-002
0.89525	3.5439204E-002
0.89675	2.9964380E-002
0.89825	2.6132671E-002
0.89975	2.3957351E-002
0.90125	2.2908740E-002
0.90275	2.2776833E-002
0.90425	2.3258431E-002
0.90575	2.4201930E-002
0.90725	2.5248254E-002
0.90875	2.6204808E-002
0.91025	2.6974723E-002
0.91175	2.7467540E-002
0.91325	2.7443951E-002
0.91475	2.6962357E-002
0.91625	2.6093511E-002
0.91775	2.4750397E-002
0.91925	2.3097439E-002
0.92075	2.1178605E-002
0.92225	1.9177103E-002
0.92375	1.7072089E-002
0.92525	1.4979672E-002
0.92675	1.3044350E-002
0.92825	1.1253532E-002
0.92975	9.7386641E-003
0.93125	8.4447861E-003
0.93275	7.4813622E-003
0.93425	6.8651102E-003
0.93575	6.5859533E-003
0.93725	6.5483958E-003
0.93875	6.7123640E-003
0.94025	7.1000694E-003
0.94175	7.5871628E-003
0.94325	8.1058582E-003
0.94475	8.6160814E-003
0.94625	9.1260755E-003
0.94775	9.5288949E-003
0.94925	9.8314108E-003
0.95075	1.0029959E-002
0.95225	9.9896537E-003
0.95375	9.7899614E-003
0.95525	9.4210347E-003
0.95675	8.9176819E-003
0.95825	8.2945591E-003
0.95975	7.5834990E-003
0.96125	6.8644234E-003
0.96275	6.1169509E-003
0.96425	5.4015392E-003
0.96575	4.7365096E-003
0.96725	4.1644550E-003
0.96875	3.6716361E-003
0.97025	3.2905720E-003
0.97175	3.0501168E-003
0.97325	2.9230190E-003
0.97475	2.9069886E-003
0.97625	2.9630950E-003
0.97775	3.1144675E-003
0.97925	3.3153044E-003
0.98075	3.6001867E-003
0.98225	3.8630844E-003
0.98375	4.1145314E-003
0.98525	4.3588798E-003
0.98675	4.5688776E-003
0.98825	4.7442955E-003
0.98975	4.7603259E-003
0.99125	4.7603254E-003
0.99275	4.7033033E-003
0.99425	4.5349849E-003
0.99575	4.2803311E-003
0.99725	3.9798771E-003
0.99875	3.6711786E-003
1.00025	3.3189689E-003
1.00175	2.9649269E-003
1.00325	2.6461519E-003
1.00475	2.3397435E-003
1.00625	2.0578385E-003
1.00775	1.8540240E-003
1.00925	1.7053998E-003
1.01075	1.5977673E-003
1.01225	1.5597526E-003
1.01375	1.5712028E-003
1.01525	1.6541026E-003
1.01675	1.7516589E-003
1.01825	1.8755504E-003
1.01975	2.0191364E-003
1.02125	2.1373031E-003
1.02275	2.2705842E-003
1.02425	2.3766132E-003
1.02575	2.4602001E-003
1.02725	2.5181386E-003
1.02875	2.5396647E-003
1.03025	2.5126419E-003
1.03175	2.4592842E-003
1.03325	2.3633309E-003
1.03475	2.2398974E-003
1.03625	2.0830289E-003
1.03775	1.8993671E-003
1.03925	1.7360863E-003
1.04075	1.5441803E-003
1.04225	1.3818159E-003
1.04375	1.2297566E-003
1.04525	1.1051778E-003
1.04675	1.0268581E-003
1.04825	9.6479780E-004
1.04975	9.7075198E-004
1.05125	9.7418710E-004
1.05275	1.0147210E-003
1.05425	1.0925826E-003
1.05575	1.1757114E-003
1.05725	1.2739544E-003
1.05875	1.3596023E-003
1.06025	1.4502882E-003
1.06175	1.5185318E-003
1.06325	1.5661648E-003
1.06475	1.5831111E-003
1.06625	1.5966225E-003
1.06775	1.5856302E-003
1.06925	1.5595237E-003
1.07075	1.5286080E-003
1.07225	1.4670057E-003
1.07375	1.3896021E-003
1.07525	1.2984580E-003
1.07675	1.1933447E-003
1.07825	1.0900636E-003
1.07975	9.7693515E-004
1.08125	8.8395906E-004
1.08275	8.0609741E-004
1.08425	7.3785387E-004
1.08575	6.9022091E-004
1.08725	6.7373255E-004
1.08875	6.7556463E-004
1.09025	6.9525902E-004
1.09175	7.2296866E-004
1.09325	7.7060162E-004
1.09475	8.3724206E-004
1.09625	8.9220330E-004
1.09775	9.5220259E-004
1.09925	1.0067057E-003
1.10075	1.0605218E-003
1.10225	1.1015139E-003
1.10375	1.1175441E-003
1.10525	1.1113610E-003
1.10675	1.0898345E-003
1.10825	1.0616669E-003
1.10975	1.0206749E-003
1.11125	9.6021761E-004
1.11275	8.8831014E-004
1.11425	8.2304375E-004
1.11575	7.5869338E-004
1.11725	6.8174774E-004
1.11875	6.1373325E-004
1.12025	5.4846687E-004
1.12175	5.0632993E-004
1.12325	4.7655930E-004
1.12475	4.5342979E-004
1.12625	4.5251381E-004
1.12775	4.6648306E-004
1.12925	5.0129183E-004
1.13075	5.3587154E-004
1.13225	5.8464956E-004
1.13375	6.3480163E-004
1.13525	6.8518281E-004
1.13675	7.2754873E-004
1.13825	7.6945662E-004
1.13975	7.9831126E-004
1.14125	8.1273849E-004
1.14275	8.2602078E-004
1.14425	8.2350179E-004
1.14575	8.0312038E-004
1.14725	7.6441845E-004
1.14875	7.4151804E-004
1.15025	6.9228187E-004
1.15175	6.4327481E-004
1.15325	5.8258860E-004
1.15475	5.3541356E-004
1.15625	4.8984156E-004
1.15775	4.3327734E-004
1.15925	3.9938465E-004
1.16075	3.5999576E-004
1.16225	3.4213337E-004
1.16375	3.3297320E-004
1.16525	3.3137016E-004
1.16675	3.4327843E-004
1.16825	3.7648412E-004
1.16975	4.1358292E-004
1.17125	4.5549087E-004
1.17275	5.0014677E-004
1.17425	5.4617686E-004
1.17575	5.8121455E-004
1.17725	6.0571806E-004
1.17875	6.3961081E-004
1.18025	6.4648094E-004
1.18175	6.4785493E-004
1.18325	6.4281683E-004
1.18475	6.3503074E-004
1.18625	6.1716832E-004
1.18775	5.6289410E-004
1.18925	5.2968838E-004
1.19075	4.8594843E-004
1.19225	4.3648342E-004
1.19375	3.9297246E-004
1.19525	3.4488144E-004
1.19675	3.2220996E-004
1.19825	2.9564541E-004
1.19975	2.7388992E-004
1.20125	2.6060763E-004
1.20275	2.5305047E-004
1.20425	2.6014962E-004
1.20575	2.7595097E-004
1.20725	2.9610339E-004
1.20875	3.3388924E-004
1.21025	3.6320183E-004
1.21175	4.0556779E-004
1.21325	4.3900250E-004
1.21475	4.7243721E-004
1.21625	5.0335284E-004
1.21775	5.1984121E-004
1.21925	5.4869585E-004
1.22075	5.3907762E-004
1.22225	5.3770363E-004
1.22375	5.1388709E-004
1.22525	4.8961258E-004
1.22675	4.5640685E-004
1.22825	4.1587299E-004
1.22975	3.8839236E-004
1.23125	3.4167536E-004
1.23275	3.0091251E-004
1.23425	2.5877557E-004
1.23575	2.2992096E-004
1.23725	2.0358538E-004
1.23875	1.8091391E-004
1.24025	1.7816585E-004
1.24175	1.8205894E-004
1.24325	1.9579922E-004
1.24475	2.1274558E-004
1.24625	2.3358503E-004
1.24775	2.6747776E-004
1.24925	2.9633238E-004
1.25075	3.2770608E-004
1.25225	3.6572092E-004
1.25375	3.8999540E-004
1.25525	4.0877381E-004
1.25675	4.2136910E-004
1.25825	4.3602544E-004
1.25975	4.4037649E-004
1.26125	4.2778123E-004
1.26275	4.2274315E-004
1.26425	4.0854482E-004
1.26575	3.8014818E-004
1.26725	3.5060660E-004
1.26875	3.2220996E-004
1.27025	2.9129430E-004
1.27175	2.4938639E-004
1.27325	2.1984475E-004
1.27475	1.9465420E-004
1.27625	1.7129570E-004
1.27775	1.5251730E-004
1.27925	1.3717396E-004
1.28075	1.4060905E-004
1.28225	1.4999823E-004
1.28375	1.6076147E-004
1.28525	1.7908188E-004
1.28675	2.0450140E-004
1.28825	2.3266902E-004
1.28975	2.6129463E-004
1.29125	2.8785921E-004
1.29275	3.1465277E-004
1.29425	3.3388918E-004
1.29575	3.4236241E-004
1.29725	3.5289663E-004
1.29875	3.5839272E-004
1.30025	3.5358363E-004
1.30175	3.4854552E-004
1.30325	3.3114114E-004
1.30475	3.1625581E-004
1.30625	2.9404234E-004
1.30775	2.7022584E-004
1.30925	2.3908116E-004
1.31075	2.0999752E-004
1.31225	1.8892909E-004
1.31375	1.6442557E-004
1.31525	1.4564714E-004
1.31675	1.2732676E-004
1.31825	1.2022760E-004
1.31975	1.1518950E-004
1.32125	1.1610551E-004
1.32275	1.2549471E-004
1.32425	1.3877700E-004
1.32575	1.6190649E-004
1.32725	1.9213515E-004
1.32875	2.2396684E-004
1.33025	2.4984442E-004
1.33175	2.7388992E-004
1.33325	3.0251555E-004
1.33475	3.1121774E-004
1.33625	3.1373679E-004
1.33775	3.2014892E-004
1.33925	3.2037791E-004
1.34075	3.2060689E-004
1.34225	3.0480558E-004
1.34375	2.9106528E-004
1.34525	2.7297391E-004
1.34675	2.4137122E-004
1.34825	2.1480664E-004
1.34975	1.8366198E-004
1.35125	1.5801341E-004
1.35275	1.3396790E-004
1.35425	1.1725054E-004
1.35575	1.0602929E-004
1.35725	9.9388155E-005
1.35875	9.6182077E-005
1.36025	9.3892035E-005
1.36175	1.0351024E-004
1.36325	1.1793755E-004
1.36475	1.3396789E-004
1.36625	1.5114325E-004
1.36775	1.7839484E-004
1.36925	2.0221138E-004
1.37075	2.2900496E-004
1.37225	2.4961540E-004
1.37375	2.7457692E-004
1.37525	2.9358434E-004
1.37675	3.0411856E-004
1.37825	3.1717183E-004
1.37975	3.1075967E-004
1.38125	3.0091251E-004
1.38275	2.8534015E-004
1.38425	2.6633273E-004
1.38575	2.4503531E-004
1.38725	2.1572267E-004
1.38875	1.9282215E-004
1.39025	1.6763160E-004
1.39175	1.4175406E-004
1.39325	1.2045660E-004
1.39475	9.8930126E-005
1.39625	8.5647836E-005
1.39775	8.1296748E-005
1.39925	8.1983773E-005
1.40075	8.8624911E-005
1.40225	1.0740332E-004
1.40375	1.2434968E-004
1.40525	1.4541813E-004
1.40675	1.6694462E-004
1.40825	1.9625724E-004
1.40975	2.1915774E-004
1.41125	2.3633312E-004
1.41275	2.5465348E-004
1.41425	2.8076008E-004
1.41575	2.9793545E-004
1.41725	3.0068349E-004
1.41875	3.0984369E-004
1.42025	3.1075970E-004
1.42175	2.9679041E-004
1.42325	2.7503495E-004
1.42475	2.5144743E-004
1.42625	2.2992096E-004
1.42775	1.9625724E-004
1.42925	1.6671560E-004
1.43075	1.5183027E-004
1.43225	1.2870078E-004
1.43375	1.0763233E-004
1.43525	9.0456953E-005
1.43675	8.1296756E-005
1.43825	7.5571639E-005
1.43975	7.2136558E-005
1.44125	7.9693717E-005
1.44275	9.6411088E-005
1.44425	1.2251765E-004
1.44575	1.4496013E-004
1.44725	1.7335673E-004
1.44875	2.0450143E-004
1.45025	2.3312702E-004
1.45175	2.5579851E-004
1.45325	2.7663799E-004
1.45475	3.0159950E-004
1.45625	3.1808787E-004
1.45775	3.2450000E-004
1.45925	3.2610307E-004
1.46075	3.2129395E-004
1.46225	3.0068349E-004
1.46375	2.7938603E-004
1.46525	2.5213443E-004
1.46675	2.2373784E-004
1.46825	1.9396719E-004
1.46975	1.6694459E-004
1.47125	1.4770818E-004
1.47275	1.2503669E-004
1.47425	1.0694531E-004
1.47575	9.5724070E-005
1.47725	9.1143971E-005
1.47875	8.9082925E-005
1.48025	8.9311921E-005
1.48175	1.0053317E-004
1.48325	1.1702153E-004
1.48475	1.3717396E-004
1.48625	1.6282253E-004
1.48775	1.9396719E-004
1.48925	2.3060798E-004
1.49075	2.6908080E-004
1.49225	2.9930947E-004
1.49375	3.2633205E-004
1.49525	3.3915634E-004
1.49675	3.4304941E-004
1.49825	3.4442343E-004
1.49975	3.3686627E-004
1.50125	3.2358398E-004
1.50275	3.1075973E-004
1.50425	2.8946224E-004
1.50575	2.7182887E-004
1.50725	2.3862316E-004
1.50875	2.0976854E-004
1.51025	1.8366198E-004
1.51175	1.5366232E-004
1.51325	1.3625794E-004
1.51475	1.1335744E-004
1.51625	1.0442625E-004
1.51775	9.2747003E-005
1.51925	9.3434013E-005
1.52075	1.0488427E-004
1.52225	1.1931157E-004
1.52375	1.4999825E-004
1.52525	1.8251693E-004
1.52675	2.2030277E-004
1.52825	2.6816479E-004
1.52975	3.1259176E-004
1.53125	3.4854552E-004
1.53275	3.8129321E-004
1.53425	4.1449894E-004
1.53575	4.4152152E-004
1.53725	4.5457479E-004
1.53875	4.5549087E-004
1.54025	4.6007094E-004
1.54175	4.5205574E-004
1.54325	4.2801024E-004
1.54475	4.0304870E-004
1.54625	3.6640791E-004
1.54775	3.3343118E-004
1.54925	2.9793545E-004
1.55075	2.5488250E-004
1.55225	2.2213480E-004
1.55375	1.8870008E-004
1.55525	1.6717361E-004
1.55675	1.5205929E-004
1.55825	1.4702117E-004
1.55975	1.6579957E-004
1.56125	1.9030312E-004
1.56275	2.3106598E-004
1.56425	2.8534015E-004
1.56575	3.5633170E-004
1.56725	4.4243751E-004
1.56875	5.3266552E-004
1.57025	6.3159561E-004
1.57175	7.1838847E-004
1.57325	7.9464709E-004
1.57475	8.6518069E-004
1.57625	9.2334795E-004
1.57775	9.6136279E-004
1.57925	9.7922515E-004
1.58075	9.9113339E-004
1.58225	9.9731656E-004
1.58375	9.7510306E-004
1.58525	9.3227922E-004
1.58675	8.8052399E-004
1.58825	8.1846368E-004
1.58975	7.4083102E-004
1.59125	6.5358006E-004
1.59275	5.6976429E-004
1.59425	5.0862000E-004
1.59575	4.5915492E-004
1.59725	4.3304838E-004
1.59875	4.3991845E-004
1.60025	4.9304764E-004
1.60175	5.9380982E-004
1.60325	7.3854090E-004
1.60475	9.3548512E-004
1.60625	1.2148712E-003
1.60775	1.5661648E-003
1.60925	1.9710457E-003
1.61075	2.4308877E-003
1.61225	2.9420266E-003
1.61375	3.4916382E-003
1.61525	4.1023945E-003
1.61675	4.7204792E-003
1.61825	5.3548231E-003
1.61975	6.0384027E-003
1.62125	6.7439661E-003
1.62275	7.4170120E-003
1.62425	8.0101350E-003
1.62575	8.5858535E-003
1.62725	9.1462284E-003
1.62875	9.6376734E-003
1.63025	1.0059042E-002
1.63175	1.0460029E-002
1.63325	1.0779034E-002
1.63475	1.1001398E-002
1.63625	1.1133534E-002
1.63775	1.1114068E-002
1.63925	1.0986283E-002
1.64075	1.0752697E-002
1.64225	1.0482701E-002
1.64375	1.0151560E-002
1.64525	9.7414134E-003
1.64675	9.2609609E-003
1.64825	8.7424917E-003
1.64975	8.1777666E-003
1.65125	7.5718197E-003
1.65275	6.9528189E-003
1.65425	6.3010710E-003
1.65575	5.7182536E-003
1.65725	5.1299399E-003
1.65875	4.5514731E-003
1.66025	3.9661364E-003
1.66175	3.4119447E-003
1.66325	2.9099658E-003
1.66475	2.4302003E-003
1.66625	1.9907400E-003
1.66775	1.6202099E-003
1.66925	1.3156333E-003
1.67075	1.0351024E-003
1.67225	7.9647923E-004
1.67375	6.0617609E-004
1.67525	4.5113976E-004
1.67675	3.3709526E-004
1.67825	2.4686733E-004
1.67975	1.9442519E-004
1.68125	1.5572336E-004
1.68275	1.4564715E-004
1.68425	1.4747919E-004
1.68575	1.4496014E-004
1.68725	1.6350953E-004
1.68875	1.7976889E-004
1.69025	2.0473043E-004
1.69175	2.1549367E-004
1.69325	2.3152400E-004
1.69475	2.4549328E-004
1.69625	2.4755436E-004
1.69775	2.4389027E-004
1.69925	2.3427205E-004
1.70075	2.2144780E-004
1.70225	2.0587543E-004
1.70375	1.8732605E-004
1.70525	1.6488356E-004
1.70675	1.4702117E-004
1.70825	1.2847177E-004
1.70975	1.0900635E-004
1.71125	9.1830989E-005
1.71275	7.9006706E-005
1.71425	6.4808402E-005
1.71575	5.8167254E-005
1.71725	5.3129144E-005
1.71875	4.8320042E-005
1.72025	4.5800989E-005
1.72175	4.6029993E-005
1.72325	5.0839095E-005
1.72475	5.2900141E-005
1.72625	5.2213127E-005
1.72775	5.6106208E-005
1.72925	5.9999296E-005
1.73075	6.3205363E-005
1.73225	6.6182431E-005
1.73375	6.6411434E-005
1.73525	7.1220536E-005
1.73675	6.8701491E-005
1.73825	6.8014473E-005
1.73975	6.7327455E-005
1.74125	6.3892374E-005
1.74275	5.9312282E-005
1.74425	5.2213127E-005
1.74575	4.7175021E-005
1.74725	4.1678901E-005
1.74875	3.5037756E-005
1.75025	2.7709599E-005
1.75175	2.4732535E-005
1.75325	2.2671491E-005
1.75475	1.9694426E-005
1.75625	1.7404376E-005
1.75775	1.5572337E-005
1.75925	1.4885321E-005
1.76075	1.3282286E-005
1.76225	1.3053282E-005
1.76375	1.6259351E-005
1.76525	1.8091390E-005
1.76675	2.1526464E-005
1.76825	2.4961539E-005
1.76975	2.8167609E-005
1.77125	2.9770645E-005
1.77275	3.1602685E-005
1.77425	3.2747706E-005
1.77575	3.3663728E-005
1.77725	3.2060696E-005
1.77875	3.1144671E-005
1.78025	3.1602682E-005
1.78175	2.9541638E-005
1.78325	2.7709597E-005
1.78475	2.4961539E-005
1.78625	2.3129498E-005
1.78775	2.1068454E-005
1.78925	1.7404376E-005
1.79075	1.4427312E-005
1.79225	1.1679252E-005
1.79375	9.1601978E-006
1.79525	7.7861687E-006
1.79675	7.3281590E-006
1.79825	6.1831338E-006
1.79975	6.4121382E-006
1.80125	6.6411435E-006
1.80275	7.3281590E-006
1.80425	8.0151731E-006
1.80575	8.0151731E-006
1.80725	8.7021881E-006
1.80875	1.0992238E-005
1.81025	1.2366266E-005
1.81175	1.2824276E-005
1.81325	1.2595272E-005
1.81475	1.3053283E-005
1.81625	1.4427312E-005
1.81775	1.2366268E-005
1.81925	1.1908257E-005
1.82075	1.1221243E-005
1.82225	1.1679252E-005
1.82375	1.1908257E-005
1.82525	1.0763232E-005
1.82675	1.0305223E-005
1.82825	9.6182075E-006
1.82975	9.3892040E-006
1.83125	7.7861678E-006
1.83275	6.4121382E-006
1.83425	5.4961188E-006
1.83575	5.2671135E-006
1.83725	4.3510940E-006
1.83875	2.9770645E-006
1.84025	4.5800989E-006
1.84175	5.0381091E-006
1.84325	5.7251236E-006
1.84475	7.0991532E-006
1.84625	8.0151740E-006
1.84775	1.0305223E-005
1.84925	9.1601969E-006
1.85075	9.3892022E-006
1.85225	8.9311925E-006
1.85375	9.1601969E-006
1.85525	8.7021881E-006
1.85675	6.8701484E-006
1.85825	8.0151731E-006
1.85975	7.3281576E-006
1.86125	7.7861678E-006
1.86275	6.1831338E-006
1.86425	6.1831338E-006
1.86575	6.1831338E-006
1.86725	5.4961188E-006
1.86875	6.1831329E-006
1.87025	5.7251236E-006
1.87175	5.2671135E-006
1.87325	4.5800994E-006
1.87475	4.3510945E-006
1.87625	3.4350744E-006
1.87775	2.2900497E-006
1.87925	1.8320397E-006
1.88075	2.2900497E-006
1.88225	2.9770642E-006
1.88375	2.7480594E-006
1.88525	2.9770645E-006
1.88675	4.1220892E-006
1.88825	5.2671144E-006
1.88975	5.0381091E-006
1.89125	4.8091038E-006
1.89275	5.7251236E-006
1.89425	6.6411435E-006
1.89575	5.7251241E-006
1.89725	5.2671144E-006
1.89875	5.4961188E-006
1.90025	5.0381091E-006
1.90175	4.8091038E-006
1.90325	3.8930843E-006
1.90475	4.5800994E-006
1.90625	4.3510936E-006
1.90775	3.8930839E-006
1.90925	3.6640795E-006
1.91075	3.2060696E-006
1.91225	3.4350742E-006
1.91375	2.5190545E-006
1.91525	2.2900497E-006
1.91675	2.5190545E-006
1.91825	2.5190545E-006
1.91975	2.7480594E-006
1.92125	2.2900497E-006
1.92275	2.2900497E-006
1.92425	3.2060696E-006
1.92575	3.4350742E-006
1.92725	4.5800994E-006
1.92875	4.8091038E-006
1.93025	5.7251236E-006
1.93175	6.4121391E-006
1.93325	5.7251236E-006
1.93475	5.7251236E-006
1.93625	5.2671135E-006
1.93775	5.4961188E-006
1.93925	4.8091042E-006
1.94075	4.8091038E-006
1.94225	4.3510940E-006
1.94375	4.3510940E-006
1.94525	3.6640793E-006
1.94675	3.2060696E-006
1.94825	3.6640793E-006
1.94975	2.9770645E-006
1.95125	3.2060696E-006
1.95275	2.7480594E-006
1.95425	2.7480594E-006
1.95575	2.9770645E-006
1.95725	2.2900495E-006
1.95875	2.7480594E-006
1.96025	2.7480594E-006
1.96175	3.2060696E-006
1.96325	3.8930839E-006
1.96475	3.4350744E-006
1.96625	3.6640795E-006
1.96775	4.1220887E-006
1.96925	3.8930843E-006
1.97075	4.1220887E-006
1.97225	4.1220887E-006
1.97375	4.3510940E-006
1.97525	4.3510940E-006
1.97675	3.8930843E-006
1.97825	4.8091042E-006
1.97975	4.5800989E-006
1.98125	4.5800984E-006
1.98275	4.5800989E-006
1.98425	4.8091038E-006
1.98575	4.3510940E-006
1.98725	3.8930843E-006
1.98875	4.1220892E-006
1.99025	3.6640795E-006
1.99175	3.4350744E-006
1.99325	2.9770645E-006
1.99475	3.2060696E-006
1.99625	2.9770645E-006
1.99775	2.2900495E-006
1.99925	2.0610446E-006
2.00075	1.8320397E-006
2.00225	2.7480594E-006
2.00375	2.5190545E-006
2.00525	3.2060696E-006
2.00675	4.3510940E-006
2.00825	4.5800994E-006
2.00975	5.7251236E-006
2.01125	5.2671144E-006
2.01275	6.1831338E-006
2.01425	5.9541289E-006
2.01575	5.0381091E-006
2.01725	4.8091042E-006
2.01875	3.8930843E-006
2.02025	3.8930843E-006
2.02175	3.4350742E-006
2.02325	2.9770645E-006
2.02475	3.2060696E-006
2.02625	3.4350742E-006
2.02775	3.2060696E-006
2.02925	2.7480594E-006
2.03075	2.5190545E-006
2.03225	2.2900497E-006
2.03375	1.8320397E-006
2.03525	1.8320396E-006
2.03675	1.8320396E-006
2.03825	2.5190545E-006
2.03975	3.4350742E-006
2.04125	4.3510940E-006
2.04275	4.3510940E-006
2.04425	4.5800989E-006
2.04575	5.0381091E-006
2.04725	4.3510940E-006
2.04875	3.8930843E-006
2.05025	3.4350742E-006
2.05175	3.4350744E-006
2.05325	3.4350742E-006
2.05475	3.2060696E-006
2.05625	3.4350744E-006
2.05775	3.4350742E-006
2.05925	3.4350742E-006
2.06075	3.6640795E-006
2.06225	3.4350744E-006
2.06375	3.6640795E-006
2.06525	3.6640795E-006
2.06675	3.6640793E-006
2.06825	3.2060696E-006
2.06975	3.2060696E-006
2.07125	3.8930843E-006
2.07275	3.8930843E-006
2.07425	3.6640793E-006
2.07575	3.4350742E-006
2.07725	3.6640795E-006
2.07875	3.4350744E-006
2.08025	3.2060696E-006
2.08175	3.6640793E-006
2.08325	4.1220887E-006
2.08475	3.8930843E-006
2.08625	3.6640793E-006
2.08775	4.3510940E-006
2.08925	4.8091038E-006
2.09075	4.1220892E-006
2.09225	4.3510940E-006
2.09375	5.2671144E-006
2.09525	5.9541289E-006
2.09675	5.7251236E-006
2.09825	5.0381091E-006
2.09975	4.8091038E-006
2.10125	4.1220887E-006
2.10275	2.9770645E-006
2.10425	2.5190545E-006
2.10575	2.0610446E-006
2.10725	1.8320396E-006
2.10875	1.8320396E-006
2.11025	2.5190545E-006
2.11175	2.7480594E-006
2.11325	2.5190545E-006
2.11475	2.7480594E-006
2.11625	3.2060691E-006
2.11775	3.4350744E-006
2.11925	2.9770642E-006
2.12075	4.1220887E-006
2.12225	6.1831338E-006
2.12375	6.8701484E-006
2.12525	7.7861678E-006
2.12675	8.4731828E-006
2.12825	9.8472128E-006
2.12975	9.3892022E-006
2.13125	8.7021881E-006
2.13275	9.8472128E-006
2.13425	8.4731828E-006
2.13575	1.0076218E-005
2.13725	9.3892031E-006
2.13875	9.8472128E-006
2.14025	9.8472128E-006
2.14175	8.4731837E-006
2.14325	8.4731837E-006
2.14475	6.6411444E-006
2.14625	6.4121391E-006
2.14775	5.2671135E-006
2.14925	4.3510940E-006
2.15075	3.6640793E-006
2.15225	3.4350742E-006
2.15375	2.9770645E-006
2.15525	2.2900497E-006
2.15675	3.4350742E-006
2.15825	4.8091038E-006
2.15975	6.6411435E-006
2.16125	7.7861687E-006
2.16275	8.2441775E-006
2.16425	1.0534227E-005
2.16575	1.1221243E-005
2.16725	1.0076218E-005
2.16875	1.0992238E-005
2.17025	1.1221243E-005
2.17175	1.1450247E-005
2.17325	1.0076217E-005
2.17475	9.3892022E-006
2.17625	1.0992238E-005
2.17775	9.6182075E-006
2.17925	9.6182084E-006
2.18075	9.3892040E-006
2.18225	9.8472128E-006
2.18375	9.3892031E-006
2.18525	8.4731828E-006
2.18675	7.5571629E-006
2.18825	6.6411430E-006
2.18975	7.3281585E-006
2.19125	6.4121382E-006
2.19275	6.8701484E-006
2.19425	5.9541285E-006
2.19575	7.5571629E-006
2.19725	8.7021881E-006
2.19875	9.1601978E-006
2.20025	9.8472119E-006
2.20175	1.0534227E-005
2.20325	1.1908257E-005
2.20475	1.0763233E-005
2.20625	1.1221243E-005
2.20775	1.1908257E-005
2.20925	1.4427312E-005
2.21075	1.4656317E-005
2.21225	1.4656317E-005
2.21375	1.5801341E-005
2.21525	1.5114326E-005
2.21675	1.3740297E-005
2.21825	1.2366268E-005
2.21975	1.3053282E-005
2.22125	1.2824278E-005
2.22275	1.2824278E-005
2.22425	1.3053282E-005
2.22575	1.3053282E-005
2.22725	1.1221243E-005
2.22875	9.8472119E-006
2.23025	9.6182075E-006
2.23175	8.2441784E-006
2.23325	8.2441784E-006
2.23475	8.0151731E-006
2.23625	8.4731828E-006
2.23775	8.0151731E-006
2.23925	8.0151740E-006
2.24075	8.9311934E-006
2.24225	9.8472128E-006
2.24375	1.1450247E-005
2.24525	1.4198306E-005
2.24675	1.6488357E-005
2.24825	1.8320396E-005
2.24975	2.0381442E-005
2.25125	2.3358503E-005
2.25275	2.4503528E-005
2.25425	2.4503528E-005
2.25575	2.4045517E-005
2.25725	2.4045519E-005
2.25875	2.3587510E-005
2.26025	2.0839450E-005
2.26175	1.9694424E-005
2.26325	1.9236415E-005
2.26475	1.7175371E-005
2.26625	1.4885321E-005
2.26775	1.3282287E-005
2.26925	1.2366268E-005
2.27075	1.1450247E-005
2.27225	8.7021872E-006
2.27375	9.8472128E-006
2.27525	1.0305223E-005
2.27675	1.0534227E-005
2.27825	1.0534227E-005
2.27975	1.0305223E-005
2.28125	1.0534227E-005
2.28275	1.2824278E-005
2.28425	1.6259351E-005
2.28575	1.9236415E-005
2.28725	2.0381440E-005
2.28875	2.3129500E-005
2.29025	2.7938602E-005
2.29175	2.8396615E-005
2.29325	2.8625618E-005
2.29475	2.8854623E-005
2.29625	3.1602685E-005
2.29775	3.1831689E-005
2.29925	3.0915668E-005
2.30075	3.0686664E-005
2.30225	2.9541639E-005
2.30375	2.8625616E-005
2.30525	2.5648553E-005
2.30675	2.2213479E-005
2.30825	1.9923431E-005
2.30975	1.7633380E-005
2.31125	1.6946366E-005
2.31275	1.3969301E-005
2.31425	1.2595272E-005
2.31575	1.6488355E-005
2.31725	1.6946366E-005
2.31875	1.8778406E-005
2.32025	1.8778406E-005
2.32175	2.3816514E-005
2.32325	3.0915668E-005
2.32475	3.4121738E-005
2.32625	3.9617855E-005
2.32775	4.6717007E-005
2.32925	5.3358151E-005
2.33075	6.1144317E-005
2.33225	6.2060346E-005
2.33375	6.8472473E-005
2.33525	6.9388494E-005
2.33675	6.9388501E-005
2.33825	6.9846508E-005
2.33975	6.9159498E-005
2.34125	7.2594565E-005
2.34275	6.7098452E-005
2.34425	6.5495413E-005
2.34575	6.2518346E-005
2.34725	6.1144317E-005
2.34875	5.4045162E-005
2.35025	4.5571986E-005
2.35175	4.0304873E-005
2.35325	3.7785816E-005
2.35475	3.2976714E-005
2.35625	3.1831689E-005
2.35775	3.2976710E-005
2.35925	3.8014819E-005
2.36075	4.8549049E-005
2.36225	5.9541286E-005
2.36375	7.6029646E-005
2.36525	8.5189844E-005
2.36675	1.0534228E-004
2.36825	1.2434968E-004
2.36975	1.4358609E-004
2.37125	1.6282253E-004
2.37275	1.7793685E-004
2.37425	1.9373819E-004
2.37575	2.0541744E-004
2.37725	2.1251659E-004
2.37875	2.1869973E-004
2.38025	2.1938673E-004
2.38175	2.1892872E-004
2.38325	2.1480664E-004
2.38475	2.0633345E-004
2.38625	2.0175336E-004
2.38775	1.8091391E-004
2.38925	1.6763162E-004
2.39075	1.5068527E-004
2.39225	1.4175406E-004
2.39375	1.2847177E-004
2.39525	1.1610551E-004
2.39675	1.2137263E-004
2.39825	1.2663973E-004
2.39975	1.4770818E-004
2.40125	1.7015066E-004
2.40275	2.1182957E-004
2.40425	2.7022584E-004
2.40575	3.3114114E-004
2.40725	4.1472795E-004
2.40875	5.1663519E-004
2.41025	6.3251168E-004
2.41175	7.6098344E-004
2.41325	9.0685958E-004
2.41475	1.0646440E-003
2.41625	1.2471610E-003
2.41775	1.4193727E-003
2.41925	1.6181491E-003
2.42075	1.8137192E-003
2.42225	1.9978390E-003
2.42375	2.1684479E-003
2.42525	2.3298964E-003
2.42675	2.4959249E-003
2.42825	2.6598927E-003
2.42975	2.7833262E-003
2.43125	2.9088210E-003
2.43275	3.0164530E-003
2.43425	3.0917961E-003
2.43575	3.1593523E-003
2.43725	3.1726344E-003
2.43875	3.1930159E-003
2.44025	3.1646194E-003
2.44175	3.1403450E-003
2.44325	3.0766816E-003
2.44475	2.9903466E-003
2.44625	2.8827144E-003
2.44775	2.7574487E-003
2.44925	2.6239387E-003
2.45075	2.4540171E-003
2.45225	2.2962324E-003
2.45375	2.1132575E-003
2.45525	1.9325727E-003
2.45675	1.7489108E-003
2.45825	1.5631876E-003
2.45975	1.3969302E-003
2.46125	1.2102912E-003
2.46275	1.0396824E-003
2.46425	8.7960804E-004
2.46575	7.2892272E-004
2.46725	5.9884792E-004
2.46875	4.8113940E-004
2.47025	3.8907942E-004
2.47175	3.0846967E-004
2.47325	2.4640930E-004
2.47475	1.9236415E-004
2.47625	1.5320430E-004
2.47775	1.2022760E-004
2.47925	1.0144920E-004
2.48075	8.4502826E-005
2.48225	7.1449547E-005
2.48375	6.9846508E-005
2.48525	6.8472473E-005
2.48675	6.8701484E-005
2.48825	7.2823568E-005
2.48975	7.8548699E-005
2.49125	8.6105858E-005
2.49275	8.8395907E-005
2.49425	8.6792868E-005
2.49575	9.0227950E-005
2.49725	8.9998939E-005
2.49875	8.9311921E-005
2.50025	8.4731822E-005
2.50175	7.9235710E-005
2.50325	7.7403674E-005
2.50475	7.1907554E-005
2.50625	6.3892374E-005
2.50775	5.5190190E-005
2.50925	4.5571986E-005
2.51075	4.0075865E-005
2.51225	3.3205717E-005
2.51375	2.9083627E-005
2.51525	2.4503528E-005
2.51675	2.1068454E-005
2.51825	1.9236415E-005
2.51975	2.0839450E-005
2.52125	2.0610445E-005
2.52275	2.3587510E-005
2.52425	2.7480593E-005
2.52575	3.0686664E-005
2.52725	3.2976714E-005
2.52875	3.5953777E-005
2.53025	3.7098802E-005
2.53175	3.6182781E-005
2.53325	3.6411784E-005
2.53475	3.7098802E-005
2.53625	3.9159848E-005
2.53775	3.6640791E-005
2.53925	3.7327805E-005
2.54075	3.4350738E-005
2.54225	2.8854622E-005
2.54375	2.5648551E-005
2.54525	2.3129500E-005
2.54675	2.0381442E-005
2.54825	1.6717362E-005
2.54975	1.4885321E-005
2.55125	1.5343330E-005
2.55275	1.5801341E-005
2.55425	1.3511292E-005
2.55575	1.3740297E-005
2.55725	1.2824276E-005
2.55875	1.3511292E-005
2.56025	1.2824278E-005
2.56175	1.0763232E-005
2.56325	1.0305223E-005
2.56475	1.0763233E-005
2.56625	1.1908258E-005
2.56775	1.4198306E-005
2.56925	1.3740297E-005
2.57075	1.6488355E-005
2.57225	1.9007412E-005
2.57375	1.9694424E-005
2.57525	2.0381442E-005
2.57675	1.9465420E-005
2.57825	2.0152436E-005
2.57975	1.6946366E-005
2.58125	1.5801343E-005
2.58275	1.3053282E-005
2.58425	1.1450247E-005
2.58575	1.0763232E-005
2.58725	1.0534227E-005
2.58875	1.0763233E-005
2.59025	8.7021881E-006
2.59175	7.7861687E-006
2.59325	7.5571629E-006
2.59475	5.4961188E-006
2.59625	4.1220896E-006
2.59775	4.3510940E-006
2.59925	4.5800989E-006
2.60075	5.0381091E-006
2.60225	4.8091038E-006
2.60375	5.4961188E-006
2.60525	5.7251236E-006
2.60675	7.0991532E-006
2.60825	7.3281590E-006
2.60975	8.4731828E-006
2.61125	1.0534227E-005
2.61275	1.0076218E-005
2.61425	1.0305223E-005
2.61575	1.0076218E-005
2.61725	1.0076218E-005
2.61875	9.6182075E-006
2.62025	8.2441784E-006
2.62175	8.4731828E-006
2.62325	8.0151731E-006
2.62475	6.4121382E-006
2.62625	5.4961183E-006
2.62775	5.4961188E-006
2.62925	4.1220892E-006
2.63075	3.6640795E-006
2.63225	3.6640795E-006
2.63375	3.8930843E-006
2.63525	3.8930843E-006
2.63675	2.9770645E-006
2.63825	3.6640793E-006
2.63975	5.0381091E-006
2.64125	5.4961188E-006
2.64275	6.1831338E-006
2.64425	6.1831329E-006
2.64575	6.6411430E-006
2.64725	7.7861687E-006
2.64875	7.0991532E-006
2.65025	6.4121382E-006
2.65175	5.4961188E-006
2.65325	7.5571629E-006
2.65475	8.2441784E-006
2.65625	7.5571638E-006
2.65775	6.6411430E-006
2.65925	7.3281585E-006
2.66075	7.0991541E-006
2.66225	5.7251236E-006
2.66375	5.2671144E-006
2.66525	4.3510940E-006
2.66675	5.2671144E-006
2.66825	4.5800994E-006
2.66975	4.3510940E-006
2.67125	3.8930843E-006
2.67275	2.9770645E-006
2.67425	2.7480594E-006
2.67575	1.8320396E-006
2.67725	2.0610444E-006
2.67875	2.5190545E-006
2.68025	2.2900497E-006
2.68175	3.6640793E-006
2.68325	4.3510940E-006
2.68475	5.2671135E-006
2.68625	6.1831338E-006
2.68775	6.8701484E-006
2.68925	7.5571638E-006
2.69075	7.5571638E-006
2.69225	8.2441784E-006
2.69375	7.7861687E-006
2.69525	7.3281590E-006
2.69675	7.7861678E-006
2.69825	8.0151731E-006
2.69975	6.6411430E-006
2.70125	5.2671135E-006
2.70275	4.5800994E-006
2.70425	3.8930843E-006
2.70575	2.2900497E-006
2.70725	1.3740297E-006
2.70875	1.6030345E-006
2.71025	2.5190545E-006
2.71175	2.5190545E-006
2.71325	2.7480594E-006
2.71475	2.7480594E-006
2.71625	2.7480594E-006
2.71775	2.9770645E-006
2.71925	2.2900495E-006
2.72075	3.6640793E-006
2.72225	3.8930843E-006
2.72375	4.5800984E-006
2.72525	5.4961188E-006
2.72675	5.4961188E-006
2.72825	6.8701484E-006
2.72975	6.8701484E-006
2.73125	6.8701484E-006
2.73275	6.8701484E-006
2.73425	6.4121382E-006
2.73575	6.8701484E-006
2.73725	5.9541289E-006
2.73875	5.2671135E-006
2.74025	5.0381091E-006
2.74175	4.3510940E-006
2.74325	4.1220892E-006
2.74475	3.2060696E-006
2.74625	2.5190545E-006
2.74775	1.8320397E-006
2.74925	1.6030348E-006
2.75075	1.8320396E-006
2.75225	2.0610446E-006
2.75375	2.0610446E-006
2.75525	2.0610448E-006
2.75675	2.0610448E-006
2.75825	2.9770645E-006
2.75975	3.4350742E-006
2.76125	3.2060696E-006
2.76275	3.2060696E-006
2.76425	4.3510940E-006
2.76575	5.0381086E-006
2.76725	4.5800989E-006
2.76875	5.0381091E-006
2.77025	6.8701484E-006
2.77175	8.2441784E-006
2.77325	8.9311934E-006
2.77475	8.9311934E-006
2.77625	9.6182075E-006
2.77775	9.1601978E-006
2.77925	8.0151731E-006
2.78075	6.6411430E-006
2.78225	5.0381091E-006
2.78375	5.0381091E-006
2.78525	4.3510940E-006
2.78675	4.3510940E-006
2.78825	3.4350744E-006
2.78975	3.6640795E-006
2.79125	3.4350744E-006
2.79275	2.7480594E-006
2.79425	2.2900497E-006
2.79575	2.2900495E-006
2.79725	2.9770642E-006
2.79875	2.7480594E-006
2.80025	2.9770645E-006
2.80175	4.1220892E-006
2.80325	5.0381091E-006
2.80475	4.5800989E-006
2.80625	4.5800994E-006
2.80775	5.4961188E-006
2.80925	6.1831338E-006
2.81075	6.8701484E-006
2.81225	6.8701484E-006
2.81375	6.6411430E-006
2.81525	7.0991532E-006
2.81675	8.2441775E-006
2.81825	7.5571629E-006
2.81975	6.8701484E-006
2.82125	5.9541285E-006
2.82275	6.1831338E-006
2.82425	5.0381091E-006
2.82575	3.2060696E-006
2.82725	3.4350742E-006
2.82875	2.5190545E-006
2.83025	2.5190545E-006
2.83175	2.5190545E-006
2.83325	2.9770642E-006
2.83475	2.7480594E-006
2.83625	2.2900497E-006
2.83775	2.5190545E-006
2.83925	2.9770645E-006
2.84075	3.2060696E-006
2.84225	2.7480594E-006
2.84375	3.4350744E-006
2.84525	3.6640795E-006
2.84675	4.1220892E-006
2.84825	4.1220887E-006
2.84975	5.0381091E-006
2.85125	5.4961188E-006
2.85275	5.4961188E-006
2.85425	6.1831329E-006
2.85575	5.7251236E-006
2.85725	6.1831338E-006
2.85875	4.8091038E-006
2.86025	4.5800994E-006
2.86175	4.8091038E-006
2.86325	3.8930843E-006
2.86475	3.6640793E-006
2.86625	2.9770645E-006
2.86775	3.2060696E-006
2.86925	2.9770645E-006
2.87075	2.2900495E-006
2.87225	2.2900497E-006
2.87375	2.2900495E-006
2.87525	2.2900495E-006
2.87675	2.0610446E-006
2.87825	2.0610446E-006
2.87975	1.8320397E-006
2.88125	2.0610446E-006
2.88275	2.7480594E-006
2.88425	3.4350742E-006
2.88575	4.3510940E-006
2.88725	5.9541285E-006
2.88875	7.0991532E-006
2.89025	6.8701484E-006
2.89175	5.9541285E-006
2.89325	6.1831338E-006
2.89475	5.7251241E-006
2.89625	4.3510940E-006
2.89775	3.4350744E-006
2.89925	4.3510940E-006
2.90075	4.8091042E-006
2.90225	4.8091038E-006
2.90375	4.5800994E-006
2.90525	5.0381091E-006
2.90675	5.4961188E-006
2.90825	4.5800989E-006
2.90975	4.3510940E-006
2.91125	3.2060696E-006
2.91275	2.9770645E-006
2.91425	2.9770645E-006
2.91575	2.7480594E-006
2.91725	2.7480594E-006
2.91875	2.9770645E-006
2.92025	3.8930843E-006
2.92175	4.3510940E-006
2.92325	4.1220887E-006
2.92475	3.6640793E-006
2.92625	3.8930843E-006
2.92775	3.8930843E-006
2.92925	4.1220892E-006
2.93075	4.3510940E-006
2.93225	4.8091038E-006
2.93375	5.2671135E-006
2.93525	6.4121391E-006
2.93675	6.6411435E-006
2.93825	6.8701488E-006
2.93975	7.0991532E-006
2.94125	7.0991532E-006
2.94275	7.3281585E-006
2.94425	6.4121382E-006
2.94575	6.1831338E-006
2.94725	5.9541285E-006
2.94875	5.0381091E-006
2.95025	4.3510945E-006
2.95175	3.6640795E-006
2.95325	3.8930843E-006
2.95475	3.8930843E-006
2.95625	3.2060696E-006
2.95775	3.6640795E-006
2.95925	4.1220892E-006
2.96075	4.1220892E-006
2.96225	3.6640795E-006
2.96375	4.5800989E-006
2.96525	4.8091038E-006
2.96675	6.4121382E-006
2.96825	6.4121391E-006
2.96975	7.0991537E-006
2.97125	9.3892031E-006
2.97275	9.6182075E-006
2.97425	9.8472128E-006
2.97575	8.7021881E-006
2.97725	9.3892031E-006
2.97875	9.1601978E-006
2.98025	8.2441775E-006
2.98175	7.3281585E-006
2.98325	7.3281585E-006
2.98475	6.6411430E-006
2.98625	5.7251236E-006
2.98775	5.4961188E-006
2.98925	4.5800989E-006
2.99075	4.3510940E-006
2.99225	3.8930843E-006
2.99375	3.8930843E-006
2.99525	3.4350744E-006
2.99675	3.4350744E-006
2.99825	3.6640793E-006
2.99975	3.4350742E-006
3.00125	3.4350742E-006
3.00275	3.8930839E-006
3.00425	4.1220892E-006
3.00575	5.2671135E-006
3.00725	4.8091038E-006
3.00875	5.2671144E-006
3.01025	5.0381086E-006
3.01175	5.7251236E-006
3.01325	6.4121382E-006
3.01475	6.4121382E-006
3.01625	7.0991532E-006
3.01775	7.0991532E-006
3.01925	7.3281585E-006
3.02075	6.6411435E-006
3.02225	6.6411435E-006
3.02375	5.9541285E-006
3.02525	5.4961188E-006
3.02675	5.2671135E-006
3.02825	5.9541285E-006
3.02975	5.4961183E-006
3.03125	5.2671144E-006
3.03275	4.5800994E-006
3.03425	4.3510940E-006
3.03575	4.1220896E-006
3.03725	3.4350742E-006
3.03875	4.3510940E-006
3.04025	5.2671135E-006
3.04175	5.7251236E-006
3.04325	5.7251236E-006
3.04475	6.6411435E-006
3.04625	6.6411430E-006
3.04775	5.9541289E-006
3.04925	4.8091038E-006
3.05075	5.4961188E-006
3.05225	6.6411435E-006
3.05375	6.1831338E-006
3.05525	6.8701484E-006
3.05675	8.0151731E-006
3.05825	1.0305223E-005
3.05975	1.0534227E-005
3.06125	1.0305223E-005
3.06275	1.0305223E-005
3.06425	1.1221243E-005
3.06575	9.6182075E-006
3.06725	8.0151731E-006
3.06875	7.7861687E-006
3.07025	6.6411435E-006
3.07175	6.6411444E-006
3.07325	5.0381091E-006
3.07475	5.9541289E-006
3.07625	5.0381091E-006
3.07775	4.8091042E-006
3.07925	4.8091042E-006
3.08075	4.1220892E-006
3.08225	4.1220896E-006
3.08375	4.8091038E-006
3.08525	5.4961188E-006
3.08675	6.4121391E-006
3.08825	7.3281576E-006
3.08975	8.7021881E-006
3.09125	9.6182075E-006
3.09275	9.3892031E-006
3.09425	1.1679253E-005
3.09575	1.1908257E-005
3.09725	1.2824276E-005
3.09875	1.2595272E-005
3.10025	1.2824278E-005
3.10175	1.3511292E-005
3.10325	1.0992237E-005
3.10475	1.0305223E-005
3.10625	9.8472128E-006
3.10775	9.8472119E-006
3.10925	8.9311934E-006
3.11075	8.0151731E-006
3.11225	8.2441775E-006
3.11375	7.5571638E-006
3.11525	7.7861687E-006
3.11675	6.8701484E-006
3.11825	6.1831338E-006
3.11975	6.6411435E-006
3.12125	8.0151731E-006
3.12275	8.4731828E-006
3.12425	7.7861687E-006
3.12575	8.2441775E-006
3.12725	1.0534227E-005
3.12875	1.0305223E-005
3.13025	9.3892031E-006
3.13175	9.3892022E-006
3.13325	1.0992238E-005
3.13475	1.1908257E-005
3.13625	1.3053282E-005
3.13775	1.6259351E-005
3.13925	1.7404376E-005
3.14075	1.8778404E-005
3.14225	1.9236415E-005
3.14375	2.0610445E-005
3.14525	1.9236415E-005
3.14675	1.6488357E-005
3.14825	1.5343330E-005
3.14975	1.3969301E-005
3.15125	1.2137262E-005
3.15275	1.0763232E-005
3.15425	1.0305223E-005
3.15575	1.0534227E-005
3.15725	1.0076217E-005
3.15875	1.1221243E-005
3.16025	1.0763232E-005
3.16175	1.1221243E-005
3.16325	1.1908257E-005
3.16475	1.3511290E-005
3.16625	1.5343330E-005
3.16775	1.6488355E-005
3.16925	1.9465420E-005
3.17075	2.2442486E-005
3.17225	2.3587510E-005
3.17375	2.5419547E-005
3.17525	3.0457655E-005
3.17675	3.3434724E-005
3.17825	3.8472834E-005
3.17975	4.0075865E-005
3.18125	4.1907904E-005
3.18275	4.0991883E-005
3.18425	4.3281936E-005
3.18575	4.5571986E-005
3.18725	4.2136915E-005
3.18875	4.1220890E-005
3.19025	3.9388851E-005
3.19175	3.8701841E-005
3.19325	3.1602682E-005
3.19475	2.5877556E-005
3.19625	2.4732535E-005
3.19775	2.4274525E-005
3.19925	2.4274525E-005
3.20075	2.5877560E-005
3.20225	2.8167609E-005
3.20375	3.2060692E-005
3.20525	3.5724774E-005
3.20675	4.0075869E-005
3.20825	4.9465070E-005
3.20975	5.8396257E-005
3.21125	7.0304515E-005
3.21275	8.4960833E-005
3.21425	1.0099119E-004
3.21575	1.2091462E-004
3.21725	1.4106705E-004
3.21875	1.6328052E-004
3.22025	1.8686806E-004
3.22175	2.0289839E-004
3.22325	2.3175303E-004
3.22475	2.6243969E-004
3.22625	2.8282110E-004
3.22775	3.0434757E-004
3.22925	3.2908007E-004
3.23075	3.6320183E-004
3.23225	3.7144602E-004
3.23375	3.7671311E-004
3.23525	3.9594955E-004
3.23675	4.0991884E-004
3.23825	4.1770501E-004
3.23975	4.1839204E-004
3.24125	4.2617822E-004
3.24275	4.2663622E-004
3.24425	4.2045306E-004
3.24575	4.0236171E-004
3.24725	3.8724739E-004
3.24875	3.7007200E-004
3.25025	3.5404167E-004
3.25175	3.4396545E-004
3.25325	3.1946192E-004
3.25475	3.1075973E-004
3.25625	2.8900424E-004
3.25775	2.6358469E-004
3.25925	2.4045519E-004
3.26075	2.0816550E-004
3.26225	1.8961610E-004
3.26375	1.5961645E-004
3.26525	1.4060903E-004
3.26675	1.2251765E-004
3.26825	1.0373924E-004
3.26975	8.9769943E-005
3.27125	7.2594565E-005
3.27275	6.5266409E-005
3.27425	5.4961187E-005
3.27575	4.7175021E-005
3.27725	3.8701834E-005
3.27875	3.1602682E-005
3.28025	2.8167609E-005
3.28175	2.1984473E-005
3.28325	1.6259351E-005
3.28475	1.4198306E-005
3.28625	1.2824276E-005
3.28775	1.0305222E-005
3.28925	8.4731828E-006
3.29075	7.3281585E-006
3.29225	8.2441775E-006
3.29375	7.0991537E-006
3.29525	7.3281585E-006
3.29675	9.3892031E-006
3.29825	9.6182075E-006
3.29975	1.1679253E-005
3.30125	1.1221243E-005
3.30275	1.2366268E-005
3.30425	1.2595273E-005
3.30575	1.0534227E-005
3.30725	1.0763232E-005
3.30875	8.0151722E-006
3.31025	6.1831329E-006
3.31175	5.0381091E-006
3.31325	3.6640795E-006
3.31475	4.3510940E-006
3.31625	2.9770645E-006
3.31775	2.9770645E-006
3.31925	3.6640793E-006
3.32075	3.2060696E-006
3.32225	3.4350742E-006
3.32375	2.9770645E-006
3.32525	3.8930843E-006
3.32675	4.3510940E-006
3.32825	4.1220887E-006
3.32975	4.5800984E-006
3.33125	4.3510940E-006
3.33275	4.8091038E-006
3.33425	5.0381091E-006
3.33575	4.8091042E-006
3.33725	4.5800994E-006
3.33875	3.8930843E-006
3.34025	3.6640795E-006
3.34175	3.4350742E-006
3.34325	2.2900497E-006
3.34475	2.2900497E-006
3.34625	2.2900495E-006
3.34775	2.5190543E-006
3.34925	2.7480594E-006
3.35075	2.5190543E-006
3.35225	2.5190545E-006
3.35375	2.7480594E-006
3.35525	2.9770645E-006
3.35675	2.9770645E-006
3.35825	3.8930843E-006
3.35975	3.6640793E-006
3.36125	3.6640795E-006
3.36275	3.6640795E-006
3.36425	3.4350744E-006
3.36575	3.6640795E-006
3.36725	2.9770642E-006
3.36875	3.6640793E-006
3.37025	3.8930843E-006
3.37175	4.1220892E-006
3.37325	4.1220892E-006
3.37475	3.8930843E-006
3.37625	3.6640795E-006
3.37775	2.9770645E-006
3.37925	2.7480594E-006
3.38075	2.2900497E-006
3.38225	2.0610446E-006
3.38375	1.8320397E-006
3.38525	1.6030348E-006
3.38675	2.0610446E-006
3.38825	2.2900495E-006
3.38975	2.0610446E-006
3.39125	2.5190545E-006
3.39275	2.5190545E-006
3.39425	2.5190545E-006
3.39575	2.0610448E-006
3.39725	1.8320397E-006
3.39875	1.8320397E-006
3.40025	1.3740297E-006
3.40175	1.3740297E-006
3.40325	1.6030345E-006
3.40475	1.6030348E-006
3.40625	1.6030348E-006
3.40775	1.6030348E-006
3.40925	1.8320396E-006
3.41075	1.8320396E-006
3.41225	1.6030348E-006
3.41375	1.6030348E-006
3.41525	1.6030348E-006
3.41675	1.6030348E-006
3.41825	1.3740297E-006
3.41975	1.3740297E-006
3.42125	1.3740297E-006
3.42275	1.3740297E-006
3.42425	2.0610444E-006
3.42575	2.0610446E-006
3.42725	2.0610448E-006
3.42875	2.0610448E-006
3.43025	2.2900497E-006
3.43175	2.5190545E-006
3.43325	1.8320396E-006
3.43475	1.8320397E-006
3.43625	2.2900497E-006
3.43775	2.5190545E-006
3.43925	2.5190545E-006
3.44075	2.5190543E-006
3.44225	2.5190545E-006
3.44375	2.9770642E-006
3.44525	2.5190545E-006
3.44675	2.5190545E-006
3.44825	2.2900497E-006
3.44975	2.0610446E-006
3.45125	2.0610448E-006
3.45275	1.6030348E-006
3.45425	1.6030348E-006
3.45575	1.3740297E-006
3.45725	1.3740297E-006
3.45875	1.3740297E-006
3.46025	1.3740297E-006
3.46175	1.6030345E-006
3.46325	1.6030348E-006
3.46475	1.6030348E-006
3.46625	2.0610446E-006
3.46775	2.0610446E-006
3.46925	2.0610448E-006
3.47075	1.8320397E-006
3.47225	1.8320397E-006
3.47375	1.8320397E-006
3.47525	1.6030345E-006
3.47675	2.0610446E-006
3.47825	2.0610446E-006
3.47975	2.0610448E-006
3.48125	2.0610448E-006
3.48275	2.0610448E-006
3.48425	1.8320397E-006
3.48575	1.6030345E-006
3.48725	1.6030348E-006
3.48875	1.6030348E-006
3.49025	1.6030348E-006
3.49175	2.2900495E-006
3.49325	2.2900495E-006
3.49475	2.0610448E-006
3.49625	2.0610448E-006
3.49775	2.0610448E-006
3.49925	2.2900497E-006
3.50075	1.6030348E-006
3.50225	1.6030348E-006
3.50375	1.6030348E-006
3.50525	1.6030348E-006
3.50675	1.6030348E-006
3.50825	1.3740297E-006
3.50975	1.3740297E-006
3.51125	1.3740297E-006
3.51275	1.3740297E-006
3.51425	1.3740297E-006
3.51575	1.6030345E-006
3.51725	1.8320396E-006
3.51875	1.8320396E-006
3.52025	1.8320397E-006
3.52175	2.0610446E-006
3.52325	2.0610446E-006
3.52475	2.0610446E-006
3.52625	1.8320396E-006
3.52775	1.8320397E-006
3.52925	1.8320397E-006
3.53075	1.8320396E-006
3.53225	1.8320396E-006
3.53375	1.6030348E-006
3.53525	1.6030348E-006
3.53675	1.6030348E-006
3.53825	1.6030348E-006
3.53975	1.6030345E-006
3.54125	1.8320396E-006
3.54275	1.8320396E-006
3.54425	1.8320397E-006
3.54575	1.8320397E-006
3.54725	1.8320397E-006
3.54875	1.6030348E-006
3.55025	1.3740297E-006
3.55175	1.3740297E-006
3.55325	1.3740297E-006
3.55475	1.3740297E-006
3.55625	1.3740297E-006
3.55775	1.3740297E-006
3.55925	1.8320396E-006
3.56075	1.8320397E-006
3.56225	1.8320397E-006
3.56375	1.8320397E-006
3.56525	1.8320397E-006
3.56675	1.8320397E-006
3.56825	1.3740297E-006
3.56975	1.3740297E-006
3.57125	1.3740297E-006
3.57275	1.3740297E-006
3.57425	1.3740297E-006
3.57575	1.3740297E-006
3.57725	1.6030345E-006
3.57875	1.6030348E-006
3.58025	1.6030348E-006
3.58175	1.6030348E-006
3.58325	1.6030348E-006
3.58475	1.6030348E-006
3.58625	1.3740297E-006
3.58775	1.3740297E-006
3.58925	1.3740297E-006
3.59075	1.3740297E-006
3.59225	1.3740297E-006
3.59375	1.3740297E-006
3.59525	1.3740297E-006
3.59675	1.3740297E-006
3.59825	1.3740297E-006
3.59975	1.3740297E-006
3.60125	1.3740297E-006
3.60275	1.3740297E-006
3.60425	1.3740297E-006
3.60575	1.3740297E-006
3.60725	1.3740297E-006
3.60875	1.6030345E-006
3.61025	1.6030348E-006
3.61175	1.6030348E-006
3.61325	1.6030348E-006
3.61475	2.0610446E-006
3.61625	2.5190545E-006
3.61775	2.2900497E-006
3.61925	2.5190545E-006
3.62075	2.5190545E-006
3.62225	2.5190545E-006
3.62375	2.0610448E-006
3.62525	1.6030348E-006
3.62675	1.8320396E-006
3.62825	1.8320396E-006
3.62975	2.0610444E-006
3.63125	2.0610446E-006
3.63275	2.0610446E-006
3.63425	2.0610448E-006
3.63575	1.8320397E-006
3.63725	1.6030348E-006
3.63875	1.3740297E-006
3.64025	1.6030345E-006
3.64175	1.8320396E-006
3.64325	1.8320396E-006
3.64475	1.8320397E-006
3.64625	1.8320397E-006
3.64775	1.8320397E-006
3.64925	1.8320396E-006
3.65075	1.8320396E-006
3.65225	1.8320396E-006
3.65375	2.0610446E-006
3.65525	2.0610446E-006
3.65675	2.0610446E-006
3.65825	1.8320397E-006
3.65975	1.6030348E-006
3.66125	2.0610446E-006
3.66275	2.0610446E-006
3.66425	2.0610446E-006
3.66575	2.0610446E-006
3.66725	2.0610448E-006
3.66875	2.0610448E-006
3.67025	1.6030348E-006
3.67175	1.3740297E-006
3.67325	1.3740297E-006
3.67475	1.3740297E-006
3.67625	1.3740297E-006
3.67775	1.3740297E-006
3.67925	1.6030345E-006
3.68075	1.6030348E-006
3.68225	1.6030348E-006
3.68375	1.6030348E-006
3.68525	2.0610446E-006
3.68675	2.0610446E-006
3.68825	1.8320397E-006
3.68975	1.8320397E-006
3.69125	1.8320397E-006
3.69275	1.8320397E-006
3.69425	1.6030345E-006
3.69575	1.6030348E-006
3.69725	1.6030348E-006
3.69875	1.6030348E-006
3.70025	1.6030348E-006
3.70175	1.6030348E-006
3.70325	1.8320396E-006
3.70475	1.8320397E-006
3.70625	1.8320397E-006
3.70775	1.8320397E-006
3.70925	1.8320397E-006
3.71075	1.8320397E-006
3.71225	1.3740297E-006
3.71375	1.3740297E-006
3.71525	1.3740297E-006
3.71675	1.3740297E-006
3.71825	1.3740297E-006
3.71975	1.3740297E-006
3.72125	1.3740297E-006
3.72275	1.3740297E-006
3.72425	1.6030345E-006
3.72575	1.6030348E-006
3.72725	1.6030348E-006
3.72875	1.6030348E-006
3.73025	1.6030348E-006
3.73175	1.6030348E-006
3.73325	1.3740297E-006
3.73475	1.3740297E-006
3.73625	1.3740297E-006
3.73775	1.3740297E-006
3.73925	1.3740297E-006
3.74075	1.3740297E-006
3.74225	1.3740297E-006
3.74375	1.3740297E-006
3.74525	1.3740297E-006
3.74675	1.6030345E-006
3.74825	1.6030348E-006
3.74975	1.6030348E-006
3.75125	1.6030348E-006
3.75275	1.6030348E-006
3.75425	1.6030348E-006
3.75575	1.3740297E-006
3.75725	1.6030345E-006
3.75875	1.6030348E-006
3.76025	1.6030348E-006
3.76175	1.6030348E-006
3.76325	1.6030348E-006
3.76475	1.6030348E-006
3.76625	1.3740297E-006
3.76775	1.3740297E-006
3.76925	1.3740297E-006
3.77075	1.3740297E-006
3.77225	1.3740297E-006
3.77375	1.6030345E-006
3.77525	1.6030348E-006
3.77675	1.6030348E-006
3.77825	1.6030348E-006
3.77975	1.6030348E-006
3.78125	1.6030348E-006
3.78275	1.6030345E-006
3.78425	2.0610446E-006
3.78575	2.2900495E-006
3.78725	2.5190545E-006
3.78875	2.5190545E-006
3.79025	2.5190545E-006
3.79175	2.9770645E-006
3.79325	2.5190545E-006
3.79475	2.2900497E-006
3.79625	2.0610448E-006
3.79775	2.0610448E-006
3.79925	2.0610448E-006
3.80075	1.3740297E-006
3.80225	1.3740297E-006
3.80375	1.3740297E-006
3.80525	1.3740297E-006
3.80675	1.3740297E-006
3.80825	1.3740297E-006
3.80975	1.3740297E-006
3.81125	1.3740297E-006
3.81275	1.3740297E-006
3.81425	1.3740297E-006
3.81575	1.6030345E-006
3.81725	1.6030348E-006
3.81875	1.6030348E-006
3.82025	1.6030348E-006
3.82175	1.6030348E-006
3.82325	1.6030348E-006
3.82475	1.3740297E-006
3.82625	1.3740297E-006
3.82775	1.3740297E-006
3.82925	1.3740297E-006
3.83075	1.3740297E-006
3.83225	1.6030345E-006
3.83375	2.0610446E-006
3.83525	2.0610446E-006
3.83675	2.0610448E-006
3.83825	2.0610448E-006
3.83975	2.0610448E-006
3.84125	2.2900497E-006
3.84275	1.8320397E-006
3.84425	1.8320397E-006
3.84575	1.8320397E-006
3.84725	1.8320397E-006
3.84875	1.8320397E-006
3.85025	1.8320396E-006
3.85175	2.0610446E-006
3.85325	2.0610446E-006
3.85475	2.0610446E-006
3.85625	2.0610448E-006
3.85775	2.2900497E-006
3.85925	1.8320396E-006
3.86075	1.6030348E-006
3.86225	1.8320396E-006
3.86375	2.0610444E-006
3.86525	2.0610446E-006
3.86675	2.0610446E-006
3.86825	2.0610446E-006
3.86975	2.0610446E-006
3.87125	1.8320397E-006
3.87275	1.6030348E-006
3.87425	1.6030348E-006
3.87575	1.8320396E-006
3.87725	2.0610446E-006
3.87875	2.0610446E-006
3.88025	2.0610446E-006
3.88175	2.0610448E-006
3.88325	2.2900497E-006
3.88475	1.8320396E-006
3.88625	1.6030348E-006
3.88775	1.6030348E-006
3.88925	1.6030348E-006
3.89075	2.0610446E-006
3.89225	1.8320397E-006
3.89375	1.8320397E-006
3.89525	1.8320397E-006
3.89675	1.8320397E-006
3.89825	2.5190545E-006
3.89975	2.5190545E-006
3.90125	2.5190545E-006
3.90275	2.5190545E-006
3.90425	2.7480594E-006
3.90575	2.7480594E-006
3.90725	2.0610446E-006
3.90875	1.6030348E-006
3.91025	1.6030348E-006
3.91175	1.8320396E-006
3.91325	1.6030348E-006
3.91475	1.6030348E-006
3.91625	1.6030348E-006
3.91775	1.6030348E-006
3.91925	2.5190545E-006
3.92075	2.2900495E-006
3.92225	2.2900497E-006
3.92375	2.2900497E-006
3.92525	2.2900497E-006
3.92675	2.5190545E-006
3.92825	1.6030348E-006
3.92975	2.2900495E-006
3.93125	2.2900495E-006
3.93275	2.5190545E-006
3.93425	3.2060696E-006
3.93575	3.2060696E-006
3.93725	3.4350744E-006
3.93875	3.4350742E-006
3.94025	3.6640793E-006
3.94175	3.4350744E-006
3.94325	2.7480594E-006
3.94475	2.5190545E-006
3.94625	2.5190545E-006
3.94775	1.8320396E-006
3.94925	1.8320396E-006
3.95075	1.8320396E-006
3.95225	2.7480594E-006
3.95375	2.7480594E-006
3.95525	2.7480594E-006
3.95675	2.7480594E-006
3.95825	2.7480594E-006
3.95975	2.9770645E-006
3.96125	3.2060696E-006
3.96275	3.2060691E-006
3.96425	2.9770645E-006
3.96575	3.2060696E-006
3.96725	3.2060696E-006
3.96875	3.6640793E-006
3.97025	2.5190545E-006
3.97175	2.7480594E-006
3.97325	2.7480594E-006
3.97475	2.9770645E-006
3.97625	3.6640793E-006
3.97775	3.6640793E-006
3.97925	4.1220887E-006
3.98075	4.5800984E-006
3.98225	5.0381091E-006
3.98375	5.7251236E-006
3.98525	6.1831338E-006
3.98675	6.6411435E-006
3.98825	7.3281576E-006
3.98975	8.0151740E-006
3.99125	9.1601978E-006
3.99275	8.7021881E-006
3.99425	7.7861687E-006
3.99575	7.0991532E-006
3.99725	6.6411435E-006
3.99875	5.2671135E-006
4.00025	4.5800994E-006
4.00175	3.8930843E-006
4.00325	3.6640795E-006
4.00475	3.2060696E-006
4.00625	2.7480594E-006
4.00775	3.6640793E-006
4.00925	4.1220887E-006
4.01075	4.3510940E-006
4.01225	5.4961188E-006
4.01375	6.4121382E-006
4.01525	8.4731837E-006
4.01675	1.0763232E-005
4.01825	1.2824276E-005
4.01975	1.4885321E-005
4.02125	1.5343330E-005
4.02275	1.8091390E-005
4.02425	1.9694426E-005
4.02575	2.2442486E-005
4.02725	2.3129498E-005
4.02875	2.8396613E-005
4.03025	3.6182781E-005
4.03175	4.0075869E-005
4.03325	4.3739943E-005
4.03475	4.5571982E-005
4.03625	4.8320042E-005
4.03775	5.0839095E-005
4.03925	4.9007056E-005
4.04075	4.9923077E-005
4.04225	5.0610091E-005
4.04375	5.1755120E-005
4.04525	5.2900145E-005
4.04675	5.3587155E-005
4.04825	5.9770286E-005
4.04975	6.1602332E-005
4.05125	6.5266409E-005
4.05275	6.3434374E-005
4.05425	6.6640445E-005
4.05575	6.1831335E-005
4.05725	5.4961190E-005
4.05875	5.2213127E-005
4.06025	4.7633028E-005
4.06175	4.8320042E-005
4.06325	4.1907904E-005
4.06475	4.0533876E-005
4.06625	3.7098802E-005
4.06775	3.4579749E-005
4.06925	2.9999648E-005
4.07075	2.6335569E-005
4.07225	2.4045519E-005
4.07375	2.1755472E-005
4.07525	1.9465419E-005
4.07675	1.5801341E-005
4.07825	1.4885321E-005
4.07975	1.1450248E-005
4.08125	9.1601987E-006
4.08275	8.0151731E-006
4.08425	7.0991532E-006
4.08575	5.9541289E-006
4.08725	4.5800989E-006
4.08875	4.8091042E-006
4.09025	4.8091042E-006
4.09175	3.6640793E-006
4.09325	3.2060696E-006
4.09475	2.9770645E-006
4.09625	2.5190545E-006
4.09775	1.8320396E-006
4.09925	1.8320396E-006
4.10075	1.8320396E-006
4.10225	1.8320397E-006
4.10375	2.5190545E-006
4.10525	2.7480594E-006
4.10675	2.9770642E-006
4.10825	2.7480594E-006
4.10975	2.9770645E-006
4.11125	2.9770645E-006
4.11275	2.2900497E-006
4.11425	2.0610448E-006
4.11575	1.6030348E-006
4.11725	1.6030348E-006
4.11875	1.3740297E-006
4.12025	1.3740297E-006
4.12175	1.3740297E-006
4.12325	1.3740297E-006
4.12475	1.3740297E-006
4.12625	1.3740297E-006
4.12775	1.6030345E-006
4.12925	1.6030348E-006
4.13075	1.6030348E-006
4.13225	1.6030348E-006
4.13375	1.6030348E-006
4.13525	1.6030348E-006
4.13675	1.3740297E-006
4.13825	1.3740297E-006
4.13975	1.3740297E-006
4.14125	1.3740297E-006
4.14275	1.3740297E-006
4.14425	1.3740297E-006
4.14575	1.3740297E-006
4.14725	1.6030345E-006
4.14875	1.8320396E-006
4.15025	1.8320396E-006
4.15175	1.8320397E-006
4.15325	1.8320397E-006
4.15475	2.0610446E-006
4.15625	1.8320396E-006
4.15775	1.8320396E-006
4.15925	1.8320396E-006
4.16075	1.8320397E-006
4.16225	1.8320397E-006
4.16375	1.8320396E-006
4.16525	1.8320396E-006
4.16675	1.6030348E-006
4.16825	1.6030348E-006
4.16975	1.6030348E-006
4.17125	1.6030348E-006
4.17275	1.3740297E-006
4.17425	1.3740297E-006
4.17575	1.3740297E-006
4.17725	1.3740297E-006
4.17875	1.3740297E-006
4.18025	1.3740297E-006
4.18175	1.3740297E-006
4.18325	1.3740297E-006
4.18475	1.3740297E-006
4.18625	1.3740297E-006
4.18775	1.3740297E-006
4.18925	1.3740297E-006
4.19075	1.3740297E-006
4.19225	1.3740297E-006
4.19375	1.3740297E-006
4.19525	1.3740297E-006
4.19675	1.3740297E-006
4.19825	1.3740297E-006
4.19975	1.3740297E-006
4.20125	1.3740297E-006
4.20275	1.3740297E-006
4.20425	1.3740297E-006
4.20575	1.3740297E-006
4.20725	1.6030345E-006
4.20875	1.6030348E-006
4.21025	1.6030348E-006
4.21175	1.6030348E-006
4.21325	1.6030348E-006
4.21475	1.6030348E-006
4.21625	1.3740297E-006
4.21775	1.3740297E-006
4.21925	1.3740297E-006
4.22075	1.3740297E-006
4.22225	1.3740297E-006
4.22375	1.3740297E-006
4.22525	1.3740297E-006
4.22675	1.3740297E-006
4.22825	1.3740297E-006
4.22975	1.3740297E-006
4.23125	1.3740297E-006
4.23275	1.3740297E-006
4.23425	1.3740297E-006
4.23575	1.3740297E-006
4.23725	1.3740297E-006
4.23875	1.3740297E-006
4.24025	1.3740297E-006
4.24175	1.3740297E-006
4.24325	1.6030345E-006
4.24475	1.6030348E-006
4.24625	1.6030348E-006
4.24775	1.6030348E-006
4.24925	1.8320396E-006
4.25075	1.8320396E-006
4.25225	1.6030348E-006
4.25375	1.6030348E-006
4.25525	1.6030348E-006
4.25675	1.6030348E-006
4.25825	1.3740297E-006
4.25975	1.3740297E-006
4.26125	1.3740297E-006
4.26275	1.3740297E-006
4.26425	1.3740297E-006
4.26575	1.3740297E-006
4.26725	1.3740297E-006
4.26875	1.3740297E-006
4.27025	1.3740297E-006
4.27175	1.3740297E-006
4.27325	1.3740297E-006
4.27475	1.6030345E-006
4.27625	1.6030348E-006
4.27775	1.6030348E-006
4.27925	1.6030348E-006
4.28075	1.6030348E-006
4.28225	1.6030348E-006
4.28375	1.3740297E-006
4.28525	1.3740297E-006
4.28675	1.6030345E-006
4.28825	1.6030348E-006
4.28975	1.6030348E-006
4.29125	1.6030348E-006
4.29275	1.6030348E-006
4.29425	1.6030348E-006
4.29575	1.3740297E-006
4.29725	1.3740297E-006
4.29875	1.3740297E-006
4.30025	1.3740297E-006
4.30175	1.3740297E-006
4.30325	1.3740297E-006
4.30475	1.3740297E-006
4.30625	1.3740297E-006
4.30775	1.3740297E-006
4.30925	1.8320396E-006
4.31075	1.8320397E-006
4.31225	1.8320397E-006
4.31375	1.8320397E-006
4.31525	1.8320397E-006
4.31675	1.8320397E-006
4.31825	1.3740297E-006
4.31975	1.3740297E-006
4.32125	1.3740297E-006
4.32275	1.3740297E-006
4.32425	1.3740297E-006
4.32575	1.3740297E-006
4.32725	1.6030345E-006
4.32875	1.6030348E-006
4.33025	1.6030348E-006
4.33175	2.0610446E-006
4.33325	2.0610446E-006
4.33475	2.0610448E-006
4.33625	1.8320397E-006
4.33775	2.0610446E-006
4.33925	2.2900495E-006
4.34075	1.8320396E-006
4.34225	1.8320397E-006
4.34375	1.8320397E-006
4.34525	2.0610446E-006
4.34675	1.8320396E-006
4.34825	1.6030348E-006
4.34975	1.6030348E-006
4.35125	1.6030348E-006
4.35275	1.6030348E-006
4.35425	1.3740297E-006
4.35575	1.3740297E-006
4.35725	1.3740297E-006
4.35875	1.3740297E-006
4.36025	1.3740297E-006
4.36175	1.3740297E-006
4.36325	1.6030345E-006
4.36475	1.6030348E-006
4.36625	1.6030348E-006
4.36775	1.6030348E-006
4.36925	1.6030348E-006
4.37075	1.6030348E-006
4.37225	1.3740297E-006
4.37375	1.3740297E-006
4.37525	1.3740297E-006
4.37675	1.3740297E-006
4.37825	1.3740297E-006
4.37975	1.3740297E-006
4.38125	1.3740297E-006
4.38275	1.3740297E-006
4.38425	1.3740297E-006
4.38575	1.3740297E-006
4.38725	1.6030345E-006
4.38875	1.6030348E-006
4.39025	1.6030348E-006
4.39175	1.6030348E-006
4.39325	1.6030348E-006
4.39475	1.6030348E-006
4.39625	1.3740297E-006
4.39775	1.3740297E-006
4.39925	1.8320396E-006
4.40075	1.8320397E-006
4.40225	1.8320397E-006
4.40375	1.8320397E-006
4.40525	2.0610446E-006
4.40675	2.0610446E-006
4.40825	1.6030348E-006
4.40975	1.6030348E-006
4.41125	1.6030348E-006
4.41275	1.6030348E-006
4.41425	1.3740297E-006
4.41575	1.3740297E-006
4.41725	1.6030345E-006
4.41875	1.6030348E-006
4.42025	1.6030348E-006
4.42175	1.6030348E-006
4.42325	1.6030348E-006
4.42475	1.6030348E-006
4.42625	1.3740297E-006
4.42775	1.3740297E-006
4.42925	1.3740297E-006
4.43075	1.3740297E-006
4.43225	1.3740297E-006
4.43375	1.3740297E-006
4.43525	1.3740297E-006
4.43675	1.3740297E-006
4.43825	1.3740297E-006
4.43975	1.3740297E-006
4.44125	1.3740297E-006
4.44275	1.3740297E-006
4.44425	1.3740297E-006
4.44575	1.3740297E-006
4.44725	1.3740297E-006
4.44875	1.3740297E-006
4.45025	1.3740297E-006
4.45175	1.3740297E-006
4.45325	1.3740297E-006
4.45475	1.3740297E-006
4.45625	1.3740297E-006
4.45775	1.3740297E-006
4.45925	1.6030345E-006
4.46075	2.0610446E-006
4.46225	2.0610446E-006
4.46375	2.0610448E-006
4.46525	2.0610448E-006
4.46675	2.0610448E-006
4.46825	1.8320397E-006
4.46975	1.6030345E-006
4.47125	1.8320396E-006
4.47275	1.8320396E-006
4.47425	1.8320397E-006
4.47575	1.8320397E-006
4.47725	1.8320397E-006
4.47875	1.6030348E-006
4.48025	1.3740297E-006
4.48175	1.3740297E-006
4.48325	1.3740297E-006
4.48475	1.3740297E-006
4.48625	1.3740297E-006
4.48775	1.6030345E-006
4.48925	1.6030348E-006
4.49075	1.6030348E-006
4.49225	1.6030348E-006
4.49375	1.8320396E-006
4.49525	1.8320396E-006
4.49675	1.6030348E-006
4.49825	1.6030348E-006
4.49975	1.6030348E-006
4.50125	1.6030348E-006
4.50275	1.3740297E-006
4.50425	1.3740297E-006
4.50575	1.3740297E-006
4.50725	1.3740297E-006
4.50875	1.3740297E-006
4.51025	1.3740297E-006
4.51175	1.3740297E-006
4.51325	1.3740297E-006
4.51475	1.3740297E-006
4.51625	1.3740297E-006
4.51775	1.3740297E-006
4.51925	1.3740297E-006
4.52075	1.3740297E-006
4.52225	1.3740297E-006
4.52375	1.3740297E-006
4.52525	1.3740297E-006
4.52675	1.3740297E-006
4.52825	1.3740297E-006
4.52975	1.3740297E-006
4.53125	1.3740297E-006
4.53275	1.3740297E-006
4.53425	1.3740297E-006
4.53575	1.3740297E-006
4.53725	1.3740297E-006
4.53875	1.3740297E-006
4.54025	1.3740297E-006
4.54175	1.3740297E-006
4.54325	1.3740297E-006
4.54475	1.3740297E-006
4.54625	1.3740297E-006
4.54775	1.3740297E-006
4.54925	1.3740297E-006
4.55075	1.3740297E-006
4.55225	1.3740297E-006
4.55375	1.3740297E-006
4.55525	1.3740297E-006
4.55675	1.3740297E-006
4.55825	1.3740297E-006
4.55975	1.3740297E-006
4.56125	1.3740297E-006
4.56275	1.3740297E-006
4.56425	1.3740297E-006
4.56575	1.3740297E-006
4.56725	1.3740297E-006
4.56875	1.3740297E-006
4.57025	1.3740297E-006
4.57175	1.3740297E-006
4.57325	1.6030345E-006
4.57475	1.6030348E-006
4.57625	1.6030348E-006
4.57775	1.8320396E-006
4.57925	1.8320396E-006
4.58075	1.8320397E-006
4.58225	1.6030348E-006
4.58375	1.6030348E-006
4.58525	1.6030348E-006
4.58675	1.3740297E-006
4.58825	1.3740297E-006
4.58975	1.6030345E-006
4.59125	1.6030348E-006
4.59275	1.6030348E-006
4.59425	1.6030348E-006
4.59575	1.6030348E-006
4.59725	1.6030348E-006
4.59875	1.3740297E-006
4.60025	1.3740297E-006
4.60175	1.3740297E-006
4.60325	1.3740297E-006
4.60475	1.3740297E-006
4.60625	1.3740297E-006
4.60775	1.6030345E-006
4.60925	1.6030348E-006
4.61075	1.6030348E-006
4.61225	1.6030348E-006
4.61375	1.6030348E-006
4.61525	1.6030348E-006
4.61675	1.3740297E-006
4.61825	1.3740297E-006
4.61975	1.3740297E-006
4.62125	1.3740297E-006
4.62275	1.6030345E-006
4.62425	1.6030348E-006
4.62575	1.6030348E-006
4.62725	1.6030348E-006
4.62875	1.6030348E-006
4.63025	1.6030348E-006
4.63175	1.3740297E-006
4.63325	1.3740297E-006
4.63475	1.3740297E-006
4.63625	1.3740297E-006
4.63775	1.3740297E-006
4.63925	1.3740297E-006
4.64075	1.6030345E-006
4.64225	1.6030348E-006
4.64375	1.6030348E-006
4.64525	1.6030348E-006
4.64675	1.6030348E-006
4.64825	1.6030348E-006
4.64975	1.3740297E-006
4.65125	1.3740297E-006
4.65275	1.3740297E-006
4.65425	1.3740297E-006
4.65575	1.3740297E-006
4.65725	1.3740297E-006
4.65875	1.3740297E-006
4.66025	1.3740297E-006
4.66175	1.3740297E-006
4.66325	1.3740297E-006
4.66475	1.3740297E-006
4.66625	1.3740297E-006
4.66775	1.3740297E-006
4.66925	1.3740297E-006
4.67075	1.3740297E-006
4.67225	1.3740297E-006
4.67375	1.3740297E-006
4.67525	1.3740297E-006
4.67675	1.3740297E-006
4.67825	1.3740297E-006
4.67975	1.3740297E-006
4.68125	1.3740297E-006
4.68275	1.3740297E-006
4.68425	1.3740297E-006
4.68575	1.3740297E-006
4.68725	1.3740297E-006
4.68875	1.3740297E-006
4.69025	1.3740297E-006
4.69175	1.3740297E-006
4.69325	1.3740297E-006
4.69475	1.6030345E-006
4.69625	1.6030348E-006
4.69775	1.6030348E-006
4.69925	1.6030348E-006
4.70075	1.6030348E-006
4.70225	1.8320396E-006
4.70375	1.6030348E-006
4.70525	2.0610446E-006
4.70675	2.2900495E-006
4.70825	2.2900497E-006
4.70975	2.2900497E-006
4.71125	2.0610448E-006
4.71275	2.0610448E-006
4.71425	1.6030348E-006
4.71575	1.6030345E-006
4.71725	1.6030348E-006
4.71875	1.6030348E-006
4.72025	1.6030348E-006
4.72175	1.6030348E-006
4.72325	1.6030348E-006
4.72475	1.3740297E-006
4.72625	1.3740297E-006
4.72775	1.3740297E-006
4.72925	1.6030345E-006
4.73075	1.8320396E-006
4.73225	1.8320396E-006
4.73375	1.8320397E-006
4.73525	1.8320397E-006
4.73675	1.8320397E-006
4.73825	1.6030348E-006
4.73975	1.3740297E-006
4.74125	1.3740297E-006
4.74275	1.6030345E-006
4.74425	1.6030348E-006
4.74575	1.6030348E-006
4.74725	1.6030348E-006
4.74875	1.6030348E-006
4.75025	1.6030348E-006
4.75175	1.3740297E-006
4.75325	1.3740297E-006
4.75475	1.3740297E-006
4.75625	1.3740297E-006
4.75775	1.3740297E-006
4.75925	1.3740297E-006
4.76075	1.3740297E-006
4.76225	1.3740297E-006
4.76375	1.3740297E-006
4.76525	1.3740297E-006
4.76675	1.3740297E-006
4.76825	1.3740297E-006
4.76975	1.3740297E-006
4.77125	1.3740297E-006
4.77275	1.3740297E-006
4.77425	1.3740297E-006
4.77575	1.3740297E-006
4.77725	1.3740297E-006
4.77875	1.6030345E-006
4.78025	1.8320396E-006
4.78175	1.8320396E-006
4.78325	1.8320397E-006
4.78475	1.8320397E-006
4.78625	1.8320397E-006
4.78775	1.6030348E-006
4.78925	1.3740297E-006
4.79075	1.3740297E-006
4.79225	1.3740297E-006
4.79375	1.3740297E-006
4.79525	1.8320396E-006
4.79675	1.8320397E-006
4.79825	1.8320397E-006
4.79975	2.2900497E-006
4.80125	2.2900497E-006
4.80275	2.5190545E-006
4.80425	2.5190545E-006
4.80575	2.5190545E-006
4.80725	2.5190545E-006
4.80875	2.0610448E-006
4.81025	2.0610448E-006
4.81175	2.5190545E-006
4.81325	2.0610446E-006
4.81475	2.0610448E-006
4.81625	2.0610448E-006
4.81775	2.5190545E-006
4.81925	2.7480594E-006
4.82075	2.0610446E-006
4.82225	2.0610446E-006
4.82375	2.9770645E-006
4.82525	3.6640793E-006
4.82675	3.6640788E-006
4.82825	4.3510940E-006
4.82975	5.9541285E-006
4.83125	6.8701484E-006
4.83275	6.1831338E-006
4.83425	6.4121382E-006
4.83575	7.0991532E-006
4.83725	7.5571629E-006
4.83875	7.7861687E-006
4.84025	8.7021881E-006
4.84175	9.6182075E-006
4.84325	1.0534227E-005
4.84475	1.0992238E-005
4.84625	1.0763233E-005
4.84775	1.0534229E-005
4.84925	1.0305223E-005
4.85075	1.0992238E-005
4.85225	1.0763233E-005
4.85375	1.1221241E-005
4.85525	1.1221243E-005
4.85675	1.0992237E-005
4.85825	1.1221243E-005
4.85975	1.0992238E-005
4.86125	1.0763232E-005
4.86275	1.0305223E-005
4.86425	1.0534227E-005
4.86575	1.0763233E-005
4.86725	9.3892022E-006
4.86875	9.8472128E-006
4.87025	8.9311925E-006
4.87175	7.7861678E-006
4.87325	7.3281585E-006
4.87475	6.1831329E-006
4.87625	7.0991532E-006
4.87775	5.7251241E-006
4.87925	5.4961183E-006
4.88075	5.0381091E-006
4.88225	4.5800989E-006
4.88375	4.1220892E-006
4.88525	2.9770645E-006
4.88675	2.2900497E-006
4.88825	2.2900495E-006
4.88975	2.2900497E-006
4.89125	2.0610446E-006
4.89275	2.0610446E-006
4.89425	1.8320397E-006
4.89575	2.2900497E-006
4.89725	2.0610446E-006
4.89875	2.0610448E-006
4.90025	2.0610446E-006
4.90175	2.0610446E-006
4.90325	2.0610446E-006
4.90475	1.6030348E-006
4.90625	1.6030348E-006
4.90775	1.6030348E-006
4.90925	1.3740297E-006
4.91075	1.3740297E-006
4.91225	1.3740297E-006
4.91375	1.3740297E-006
4.91525	1.3740297E-006
4.91675	1.3740297E-006
4.91825	1.3740297E-006
4.91975	1.3740297E-006
4.92125	1.3740297E-006
4.92275	1.3740297E-006
4.92425	1.3740297E-006
4.92575	1.3740297E-006
4.92725	1.3740297E-006
4.92875	1.3740297E-006
4.93025	1.3740297E-006
4.93175	1.3740297E-006
4.93325	1.3740297E-006
4.93475	1.3740297E-006
4.93625	1.3740297E-006
4.93775	1.3740297E-006
4.93925	1.3740297E-006
4.94075	1.3740297E-006
4.94225	1.3740297E-006
4.94375	1.3740297E-006
4.94525	1.3740297E-006
4.94675	1.3740297E-006
4.94825	1.3740297E-006
4.94975	1.3740297E-006
4.95125	1.3740297E-006
4.95275	1.3740297E-006
4.95425	1.3740297E-006
4.95575	1.3740297E-006
4.95725	1.3740297E-006
4.95875	1.3740297E-006
4.96025	1.3740297E-006
4.96175	1.3740297E-006
4.96325	1.3740297E-006
4.96475	1.3740297E-006
4.96625	1.3740297E-006
4.96775	1.3740297E-006
4.96925	1.3740297E-006
4.97075	1.3740297E-006
4.97225	1.3740297E-006
4.97375	1.3740297E-006
4.97525	1.3740297E-006
4.97675	1.3740297E-006
4.97825	1.3740297E-006
4.97975	1.3740297E-006
4.98125	1.3740297E-006
4.98275	1.6030345E-006
4.98425	1.6030348E-006
4.98575	1.6030348E-006
4.98725	1.6030348E-006
4.98875	1.6030348E-006
4.99025	1.6030348E-006
4.99175	1.3740297E-006
4.99325	1.3740297E-006
4.99475	1.3740297E-006
4.99625	1.3740297E-006
4.99775	1.3740297E-006
4.99925	1.3740297E-006
5.00075	1.3740297E-006
5.00225	1.3740297E-006
5.00375	1.3740297E-006
5.00525	1.3740297E-006
5.00675	1.3740297E-006
5.00825	1.3740297E-006
5.00975	1.3740297E-006
5.01125	1.3740297E-006
5.01275	1.3740297E-006
5.01425	1.3740297E-006
5.01575	1.6030345E-006
5.01725	1.6030348E-006
5.01875	1.6030348E-006
5.02025	1.6030348E-006
5.02175	1.8320396E-006
5.02325	1.8320396E-006
5.02475	1.6030348E-006
5.02625	1.6030348E-006
5.02775	1.6030348E-006
5.02925	1.6030348E-006
5.03075	1.3740297E-006
5.03225	1.3740297E-006
5.03375	1.3740297E-006
5.03525	1.3740297E-006
5.03675	1.3740297E-006
5.03825	1.3740297E-006
5.03975	1.3740297E-006
5.04125	1.6030345E-006
5.04275	1.6030348E-006
5.04425	1.6030348E-006
5.04575	1.6030348E-006
5.04725	1.6030348E-006
5.04875	1.6030348E-006
5.05025	1.3740297E-006
5.05175	1.3740297E-006
5.05325	1.3740297E-006
5.05475	1.3740297E-006
5.05625	1.3740297E-006
5.05775	1.3740297E-006
5.05925	1.3740297E-006
5.06075	1.3740297E-006
5.06225	1.3740297E-006
5.06375	1.3740297E-006
5.06525	1.3740297E-006
5.06675	1.3740297E-006
5.06825	1.3740297E-006
5.06975	1.3740297E-006
5.07125	1.3740297E-006
5.07275	1.3740297E-006
5.07425	1.3740297E-006
5.07575	1.3740297E-006
5.07725	1.3740297E-006
5.07875	1.3740297E-006
5.08025	1.3740297E-006
5.08175	1.3740297E-006
5.08325	1.3740297E-006
5.08475	1.3740297E-006
5.08625	1.3740297E-006
5.08775	1.3740297E-006
5.08925	1.3740297E-006
5.09075	1.3740297E-006
5.09225	1.3740297E-006
5.09375	1.3740297E-006
5.09525	1.3740297E-006
5.09675	1.3740297E-006
5.09825	1.3740297E-006
5.09975	1.3740297E-006
5.10125	1.3740297E-006
5.10275	1.3740297E-006
5.10425	1.3740297E-006
5.10575	1.3740297E-006
5.10725	1.3740297E-006
5.10875	1.3740297E-006
5.11025	1.3740297E-006
5.11175	1.3740297E-006
5.11325	1.3740297E-006
5.11475	1.3740297E-006
5.11625	1.3740297E-006
5.11775	1.3740297E-006
5.11925	1.3740297E-006
5.12075	1.3740297E-006
5.12225	1.3740297E-006
5.12375	1.3740297E-006
5.12525	1.3740297E-006
5.12675	1.3740297E-006
5.12825	1.3740297E-006
5.12975	1.3740297E-006
5.13125	1.3740297E-006
5.13275	1.3740297E-006
5.13425	1.3740297E-006
5.13575	1.3740297E-006
5.13725	1.3740297E-006
5.13875	1.3740297E-006
5.14025	1.3740297E-006
5.14175	1.3740297E-006
5.14325	1.3740297E-006
5.14475	1.3740297E-006
5.14625	1.3740297E-006
5.14775	1.3740297E-006
5.14925	1.3740297E-006
5.15075	1.3740297E-006
5.15225	1.3740297E-006
5.15375	1.3740297E-006
5.15525	1.3740297E-006
5.15675	1.3740297E-006
5.15825	1.3740297E-006
5.15975	1.3740297E-006
5.16125	1.3740297E-006
5.16275	1.3740297E-006
5.16425	1.3740297E-006
5.16575	1.3740297E-006
5.16725	1.3740297E-006
5.16875	1.3740297E-006
5.17025	1.3740297E-006
5.17175	1.3740297E-006
5.17325	1.3740297E-006
5.17475	1.3740297E-006
5.17625	1.3740297E-006
5.17775	1.3740297E-006
5.17925	1.3740297E-006
5.18075	1.3740297E-006
5.18225	1.3740297E-006
5.18375	1.3740297E-006
5.18525	1.3740297E-006
5.18675	1.3740297E-006
5.18825	1.3740297E-006
5.18975	1.3740297E-006
5.19125	1.3740297E-006
5.19275	1.3740297E-006
5.19425	1.3740297E-006
5.19575	1.3740297E-006
5.19725	1.3740297E-006
5.19875	1.3740297E-006
5.20025	1.3740297E-006
5.20175	1.3740297E-006
5.20325	1.3740297E-006
5.20475	1.6030345E-006
5.20625	1.6030348E-006
5.20775	1.6030348E-006
5.20925	1.6030348E-006
5.21075	1.6030348E-006
5.21225	1.6030348E-006
5.21375	1.3740297E-006
5.21525	1.3740297E-006
5.21675	1.3740297E-006
5.21825	1.3740297E-006
5.21975	1.3740297E-006
5.22125	1.3740297E-006
5.22275	1.3740297E-006
5.22425	1.3740297E-006
5.22575	1.3740297E-006
5.22725	1.3740297E-006
5.22875	1.3740297E-006
5.23025	1.3740297E-006
5.23175	1.3740297E-006
5.23325	1.6030345E-006
5.23475	1.6030348E-006
5.23625	1.6030348E-006
5.23775	1.6030348E-006
5.23925	1.8320396E-006
5.24075	1.8320396E-006
5.24225	1.6030348E-006
5.24375	1.6030348E-006
5.24525	1.6030348E-006
5.24675	1.6030348E-006
5.24825	1.3740297E-006
5.24975	1.3740297E-006
5.25125	1.3740297E-006
5.25275	1.3740297E-006
5.25425	1.3740297E-006
5.25575	1.3740297E-006
5.25725	1.3740297E-006
5.25875	1.3740297E-006
5.26025	1.3740297E-006
5.26175	1.3740297E-006
5.26325	1.3740297E-006
5.26475	1.3740297E-006
5.26625	1.3740297E-006
5.26775	1.3740297E-006
5.26925	1.3740297E-006
5.27075	1.3740297E-006
5.27225	1.3740297E-006
5.27375	1.3740297E-006
5.27525	1.3740297E-006
5.27675	1.3740297E-006
5.27825	1.3740297E-006
5.27975	1.3740297E-006
5.28125	1.3740297E-006
5.28275	1.3740297E-006
5.28425	1.3740297E-006
5.28575	1.3740297E-006
5.28725	1.3740297E-006
5.28875	1.3740297E-006
5.29025	1.3740297E-006
5.29175	1.3740297E-006
5.29325	1.3740297E-006
5.29475	1.3740297E-006
5.29625	1.3740297E-006
5.29775	1.3740297E-006
5.29925	1.3740297E-006
5.30075	1.3740297E-006
5.30225	1.3740297E-006
5.30375	1.3740297E-006
5.30525	1.6030345E-006
5.30675	1.6030348E-006
5.30825	1.6030348E-006
5.30975	1.6030348E-006
5.31125	1.6030348E-006
5.31275	1.6030348E-006
5.31425	1.3740297E-006
5.31575	1.3740297E-006
5.31725	1.3740297E-006
5.31875	1.3740297E-006
5.32025	1.3740297E-006
5.32175	1.3740297E-006
5.32325	1.3740297E-006
5.32475	1.3740297E-006
5.32625	1.3740297E-006
5.32775	1.3740297E-006
5.32925	1.3740297E-006
5.33075	1.3740297E-006
5.33225	1.3740297E-006
5.33375	1.3740297E-006
5.33525	1.3740297E-006
5.33675	1.3740297E-006
5.33825	1.3740297E-006
5.33975	1.3740297E-006
5.34125	1.3740297E-006
5.34275	1.3740297E-006
5.34425	1.3740297E-006
5.34575	1.3740297E-006
5.34725	1.3740297E-006
5.34875	1.3740297E-006
5.35025	1.3740297E-006
5.35175	1.3740297E-006
5.35325	1.3740297E-006
5.35475	1.3740297E-006
5.35625	1.3740297E-006
5.35775	1.3740297E-006
5.35925	1.3740297E-006
5.36075	1.3740297E-006
5.36225	1.6030345E-006
5.36375	1.6030348E-006
5.36525	1.6030348E-006
5.36675	1.6030348E-006
5.36825	2.0610446E-006
5.36975	2.0610446E-006
5.37125	1.8320397E-006
5.37275	1.8320397E-006
5.37425	1.8320397E-006
5.37575	1.8320397E-006
5.37725	1.3740297E-006
5.37875	1.3740297E-006
5.38025	1.3740297E-006
5.38175	1.3740297E-006
5.38325	1.3740297E-006
5.38475	1.3740297E-006
5.38625	1.3740297E-006
5.38775	1.3740297E-006
5.38925	1.3740297E-006
5.39075	1.3740297E-006
5.39225	1.3740297E-006
5.39375	1.3740297E-006
5.39525	1.3740297E-006
5.39675	1.3740297E-006
5.39825	1.3740297E-006
5.39975	1.3740297E-006
5.40125	1.3740297E-006
5.40275	1.3740297E-006
5.40425	1.3740297E-006
5.40575	1.3740297E-006
5.40725	1.3740297E-006
5.40875	1.3740297E-006
5.41025	1.3740297E-006
5.41175	1.3740297E-006
5.41325	1.3740297E-006
5.41475	1.3740297E-006
5.41625	1.3740297E-006
5.41775	1.3740297E-006
5.41925	1.3740297E-006
5.42075	1.3740297E-006
5.42225	1.3740297E-006
5.42375	1.3740297E-006
5.42525	1.3740297E-006
5.42675	1.3740297E-006
5.42825	1.3740297E-006
5.42975	1.3740297E-006
5.43125	1.3740297E-006
5.43275	1.3740297E-006
5.43425	1.6030345E-006
5.43575	1.6030348E-006
5.43725	1.6030348E-006
5.43875	1.6030348E-006
5.44025	1.6030348E-006
5.44175	1.6030348E-006
5.44325	1.3740297E-006
5.44475	1.3740297E-006
5.44625	1.3740297E-006
5.44775	1.3740297E-006
5.44925	1.3740297E-006
5.45075	1.6030345E-006
5.45225	1.6030348E-006
5.45375	1.6030348E-006
5.45525	1.6030348E-006
5.45675	1.6030348E-006
5.45825	1.6030348E-006
5.45975	1.3740297E-006
5.46125	1.3740297E-006
5.46275	1.3740297E-006
5.46425	1.3740297E-006
5.46575	1.3740297E-006
5.46725	1.3740297E-006
5.46875	1.3740297E-006
5.47025	1.3740297E-006
5.47175	1.3740297E-006
5.47325	1.3740297E-006
5.47475	1.3740297E-006
5.47625	1.3740297E-006
5.47775	1.3740297E-006
5.47925	1.3740297E-006
5.48075	1.3740297E-006
5.48225	1.3740297E-006
5.48375	1.3740297E-006
5.48525	1.3740297E-006
5.48675	1.3740297E-006
5.48825	1.3740297E-006
5.48975	1.3740297E-006
5.49125	1.3740297E-006
5.49275	1.3740297E-006
5.49425	1.3740297E-006
5.49575	1.3740297E-006
5.49725	1.3740297E-006
5.49875	1.3740297E-006
