theta_deg	log10_I_minus_log10_R
0.20825	-5.3756014E-003
0.20975	-4.1084960E-003
0.21125	-2.3445114E-003
0.21275	-6.2713772E-004
0.21425	-7.7247620E-005
0.21575	1.7555878E-003
0.21725	3.8350374E-003
0.21875	4.9519017E-003
0.22025	6.8601668E-003
0.22175	8.0590323E-003
0.22325	7.8645870E-003
0.22475	8.4302798E-003
0.22625	8.8819116E-003
0.22775	9.8393932E-003
0.22925	9.7897127E-003
0.23075	1.1577696E-002
0.23225	1.3367943E-002
0.23375	1.5110999E-002
0.23525	1.5423775E-002
0.23675	1.6495317E-002
0.23825	1.7876223E-002
0.23975	1.8928498E-002
0.24125	2.0399310E-002
0.24275	2.2193357E-002
0.24425	2.2044651E-002
0.24575	2.3446694E-002
0.24725	2.4281919E-002
0.24875	2.5123648E-002
0.25025	2.5534116E-002
0.25175	2.5882632E-002
0.25325	2.6765004E-002
0.25475	2.7774073E-002
0.25625	2.9351085E-002
0.25775	3.0971512E-002
0.25925	3.2725498E-002
0.26075	3.4072608E-002
0.26225	3.5310417E-002
0.26375	3.6586612E-002
0.26525	3.8022965E-002
0.26675	3.9484218E-002
0.26825	4.1354731E-002
0.26975	4.3271095E-002
0.27125	4.5134977E-002
0.27275	4.6694160E-002
0.27425	4.7928110E-002
0.27575	4.8976392E-002
0.27725	4.9655199E-002
0.27875	5.6984931E-002
0.28025	5.8614552E-002
0.28175	6.0480714E-002
0.28325	6.2189043E-002
0.28475	6.3840985E-002
0.28625	6.5098763E-002
0.28775	7.4530900E-002
0.28925	7.4324369E-002
0.29075	7.3370516E-002
0.29225	7.1970373E-002
0.29375	6.9525212E-002
0.29525	7.5688362E-002
0.29675	7.2219819E-002
0.29825	6.8036973E-002
0.29975	7.1810991E-002
0.30125	6.6445857E-002
0.30275	6.1335206E-002
0.30425	6.4321935E-002
0.30575	5.8865607E-002
0.30725	5.3802907E-002
0.30875	4.0921211E-002
0.31025	3.8646519E-002
0.31175	3.6168396E-002
0.31325	3.3678830E-002
0.31475	3.1255126E-002
0.31625	2.8410912E-002
0.31775	2.6432097E-002
0.31925	2.4395645E-002
0.32075	2.2482872E-002
0.32225	2.0372510E-002
0.32375	1.7807901E-002
0.32525	1.4861763E-002
0.32675	1.1452973E-002
0.32825	7.8513622E-003
0.32975	4.2288899E-003
0.33125	1.6466379E-003
0.33275	1.2856722E-004
0.33425	-4.2223930E-004
0.33575	-1.0464191E-003
0.33725	-1.4307499E-003
0.33875	-1.2750030E-003
0.34025	-2.2801757E-003
0.34175	-3.4083128E-003
0.34325	-5.4682493E-003
0.34475	-7.3673129E-003
0.34625	-9.9323988E-003
0.34775	-1.3044834E-002
0.34925	-1.5769482E-002
0.35075	-1.9003272E-002
0.35225	-2.1081686E-002
0.35375	-2.3204803E-002
0.35525	-2.4269342E-002
0.35675	-2.4344325E-002
0.35825	-2.3463011E-002
0.35975	-2.2498727E-002
0.36125	-2.2364974E-002
0.36275	-2.2024989E-002
0.36425	-2.2206903E-002
0.36575	-2.3787975E-002
0.36725	-2.6789904E-002
0.36875	-2.9257298E-002
0.37025	-3.0840397E-002
0.37175	-3.3487797E-002
0.37325	-3.5167933E-002
0.37475	-3.5899282E-002
0.37625	-3.5250545E-002
0.37775	-3.4539342E-002
0.37925	-3.3465385E-002
0.38075	-3.0460596E-002
0.38225	-2.7158141E-002
0.38375	-2.3392558E-002
0.38525	-2.0383239E-002
0.38675	-1.7651916E-002
0.38825	-1.5750766E-002
0.38975	-1.4691830E-002
0.39125	-1.5488625E-002
0.39275	-1.6851068E-002
0.39425	-1.8135428E-002
0.39575	-1.9810796E-002
0.39725	-2.0977855E-002
0.39875	-2.2013545E-002
0.40025	-2.1532059E-002
0.40175	-2.1399975E-002
0.40325	-1.9951344E-002
0.40475	-1.8798351E-002
0.40625	-1.6607642E-002
0.40775	-1.3566494E-002
0.40925	-1.0945797E-002
0.41075	-8.3105564E-003
0.41225	-6.8465471E-003
0.41375	-6.2776804E-003
0.41525	-6.2763691E-003
0.41675	-8.0418587E-003
0.41825	-1.1025786E-002
0.41975	-1.2659788E-002
0.42125	-1.5275598E-002
0.42275	-1.6134501E-002
0.42425	-1.8107533E-002
0.42575	-2.0959616E-002
0.42725	-2.1531343E-002
0.42875	-2.3769021E-002
0.43025	-2.3263693E-002
0.43175	-2.1902442E-002
0.43325	-2.0642161E-002
0.43475	-1.7307878E-002
0.43625	-1.4313340E-002
0.43775	-1.0009646E-002
0.43925	-8.2315207E-003
0.44075	-7.1628094E-003
0.44225	-6.6648722E-003
0.44375	-7.5802803E-003
0.44525	-1.0440350E-002
0.44675	-1.5036702E-002
0.44825	-1.9353747E-002
0.44975	-2.4803042E-002
0.45125	-3.1104922E-002
0.45275	-3.6904812E-002
0.45425	-4.1386008E-002
0.45575	-4.5485020E-002
0.45725	-4.7130346E-002
0.45875	-4.7407746E-002
0.46025	-4.4981003E-002
0.46175	-4.1157126E-002
0.46325	-3.5585284E-002
0.46475	-2.9823780E-002
0.46625	-2.5217652E-002
0.46775	-2.2235274E-002
0.46925	-2.0448685E-002
0.47075	-2.0464540E-002
0.47225	-2.2204518E-002
0.47375	-2.4012208E-002
0.47525	-2.6831865E-002
0.47675	-2.9935479E-002
0.47825	-3.4722447E-002
0.47975	-3.8815022E-002
0.48125	-4.3793082E-002
0.48275	-4.9939036E-002
0.48425	-5.7981253E-002
0.48575	-6.4260721E-002
0.48725	-6.7701578E-002
0.48875	-7.2317123E-002
0.49025	-7.5699925E-002
0.49175	-7.5342298E-002
0.49325	-7.0323467E-002
0.49475	-6.4406633E-002
0.49625	-5.7613134E-002
0.49775	-4.9045563E-002
0.49925	-4.2083144E-002
0.50075	-3.4716129E-002
0.50225	-3.0890703E-002
0.50375	-2.8792620E-002
0.50525	-3.0051351E-002
0.50675	-3.2375336E-002
0.50825	-3.4375191E-002
0.50975	-3.9116621E-002
0.51125	-4.5732021E-002
0.51275	-5.2662015E-002
0.51425	-6.0387015E-002
0.51575	-6.9522142E-002
0.51725	-7.9178691E-002
0.51875	-8.9613080E-002
0.52025	-9.6301436E-002
0.52175	-1.0285223E-001
0.52325	-1.0448527E-001
0.52475	-1.0060215E-001
0.52625	-9.2632771E-002
0.52775	-8.1171036E-002
0.52925	-7.0829868E-002
0.53075	-5.7588816E-002
0.53225	-4.9069285E-002
0.53375	-4.1534424E-002
0.53525	-3.6960483E-002
0.53675	-3.6834478E-002
0.53825	-3.4186840E-002
0.53975	-3.7245989E-002
0.54125	-3.9854884E-002
0.54275	-4.5592785E-002
0.54425	-5.3868413E-002
0.54575	-6.2036395E-002
0.54725	-7.4130058E-002
0.54875	-8.5191727E-002
0.55025	-9.6465945E-002
0.55175	-1.0803998E-001
0.55325	-1.1847973E-001
0.55475	-1.2486625E-001
0.55625	-1.2899232E-001
0.55775	-1.2855387E-001
0.55925	-1.2513065E-001
0.56075	-1.1509657E-001
0.56225	-1.0051727E-001
0.56375	-8.5146666E-002
0.56525	-7.0498466E-002
0.56675	-5.9294462E-002
0.56825	-4.9245358E-002
0.56975	-4.4160604E-002
0.57125	-4.1956544E-002
0.57275	-4.3050051E-002
0.57425	-4.5972466E-002
0.57575	-5.1021218E-002
0.57725	-5.6866884E-002
0.57875	-6.5017819E-002
0.58025	-7.3129296E-002
0.58175	-8.4243655E-002
0.58325	-9.6352220E-002
0.58475	-1.0846257E-001
0.58625	-1.2309146E-001
0.58775	-1.3531899E-001
0.58925	-1.4807534E-001
0.59075	-1.5634441E-001
0.59225	-1.5896082E-001
0.59375	-1.5763330E-001
0.59525	-1.4408612E-001
0.59675	-1.2665176E-001
0.59825	-1.0715199E-001
0.59975	-8.7206841E-002
0.60125	-7.0172071E-002
0.60275	-5.4876804E-002
0.60425	-4.4505596E-002
0.60575	-3.9485931E-002
0.60725	-3.8123608E-002
0.60875	-4.0582061E-002
0.61025	-4.5118213E-002
0.61175	-5.1798940E-002
0.61325	-6.2570810E-002
0.61475	-7.1915388E-002
0.61625	-8.3993673E-002
0.61775	-9.5860958E-002
0.61925	-1.1009288E-001
0.62075	-1.2596178E-001
0.62225	-1.4342976E-001
0.62375	-1.6194868E-001
0.62525	-1.7767072E-001
0.62675	-1.8887258E-001
0.62825	-1.9534397E-001
0.62975	-1.8934751E-001
0.63125	-1.7487812E-001
0.63275	-1.5366244E-001
0.63425	-1.3236523E-001
0.63575	-1.0919595E-001
0.63725	-9.0499401E-002
0.63875	-7.8364134E-002
0.64025	-6.7373276E-002
0.64175	-6.0031176E-002
0.64325	-5.5137157E-002
0.64475	-5.4399729E-002
0.64625	-5.7136774E-002
0.64775	-6.0492873E-002
0.64925	-6.6380620E-002
0.65075	-7.6335788E-002
0.65225	-8.6268663E-002
0.65375	-9.8849058E-002
0.65525	-1.1212111E-001
0.65675	-1.2858033E-001
0.65825	-1.4739442E-001
0.65975	-1.6325617E-001
0.66125	-1.8229866E-001
0.66275	-1.9763350E-001
0.66425	-2.0663428E-001
0.66575	-2.0479989E-001
0.66725	-1.8836331E-001
0.66875	-1.6744351E-001
0.67025	-1.4196539E-001
0.67175	-1.1666298E-001
0.67325	-9.3139410E-002
0.67475	-7.5570107E-002
0.67625	-6.4366341E-002
0.67775	-5.7131052E-002
0.67925	-5.2895069E-002
0.68075	-4.9994826E-002
0.68225	-5.0934196E-002
0.68375	-5.3243518E-002
0.68525	-5.8436155E-002
0.68675	-6.4672709E-002
0.68825	-7.1539879E-002
0.68975	-8.2713366E-002
0.69125	-9.4506502E-002
0.69275	-1.0839963E-001
0.69425	-1.2294626E-001
0.69575	-1.4195323E-001
0.69725	-1.6170001E-001
0.69875	-1.8427563E-001
0.70025	-2.0184970E-001
0.70175	-2.1582580E-001
0.70325	-2.1542645E-001
0.70475	-1.9980931E-001
0.70625	-1.8039966E-001
0.70775	-1.5401673E-001
0.70925	-1.3089490E-001
0.71075	-1.1111236E-001
0.71225	-9.7422123E-002
0.71375	-8.5689545E-002
0.71525	-7.6385975E-002
0.71675	-7.0496321E-002
0.71825	-6.7907691E-002
0.71975	-6.6496491E-002
0.72125	-6.8555355E-002
0.72275	-7.2002411E-002
0.72425	-7.6721549E-002
0.72575	-8.3849669E-002
0.72725	-9.0716839E-002
0.72875	-1.0118556E-001
0.73025	-1.1037946E-001
0.73175	-1.2456644E-001
0.73325	-1.4252460E-001
0.73475	-1.5954781E-001
0.73625	-1.8050361E-001
0.73775	-1.9683146E-001
0.73925	-2.0774937E-001
0.74075	-2.0225525E-001
0.74225	-1.8358850E-001
0.74375	-1.5952921E-001
0.74525	-1.3498044E-001
0.74675	-1.1350858E-001
0.74825	-9.5882535E-002
0.74975	-8.1970453E-002
0.75125	-7.4058175E-002
0.75275	-6.7380667E-002
0.75425	-6.2617540E-002
0.75575	-5.8089733E-002
0.75725	-5.5376053E-002
0.75875	-5.5323124E-002
0.76025	-5.5006981E-002
0.76175	-5.6189775E-002
0.76325	-5.8728337E-002
0.76475	-6.3442588E-002
0.76625	-6.9006801E-002
0.76775	-7.5628877E-002
0.76925	-8.3953261E-002
0.77075	-9.5217824E-002
0.77225	-1.0844886E-001
0.77375	-1.2334096E-001
0.77525	-1.4110136E-001
0.77675	-1.5110135E-001
0.77825	-1.5565991E-001
0.77975	-1.4561772E-001
0.78125	-1.2993228E-001
0.78275	-1.0991001E-001
0.78425	-9.0964079E-002
0.78575	-7.6640606E-002
0.78725	-6.4012766E-002
0.78875	-5.4790020E-002
0.79025	-4.6347260E-002
0.79175	-3.9455891E-002
0.79325	-3.2563210E-002
0.79475	-2.6679158E-002
0.79625	-2.0542741E-002
0.79775	-1.4817476E-002
0.79925	-1.0117650E-002
0.80075	-5.5850744E-003
0.80225	-2.2517443E-003
0.80375	9.2542171E-004
0.80525	1.1599064E-003
0.80675	-1.5683174E-003
0.80825	-7.9162121E-003
0.80975	-2.1787643E-002
0.81125	-4.5116663E-002
0.81275	-7.6574683E-002
0.81425	-1.0942328E-001
0.81575	-1.3530385E-001
0.81725	-1.4921963E-001
0.81875	-1.5168929E-001
0.82025	-1.4535236E-001
0.82175	-1.3573492E-001
0.82325	-1.2441176E-001
0.82475	-1.1296415E-001
0.82625	-1.0247248E-001
0.82775	-9.1915905E-002
0.82925	-8.1906140E-002
0.83075	-7.2741389E-002
0.83225	-6.3643962E-002
0.83375	-5.5532753E-002
0.83525	-4.7547430E-002
0.83675	-4.0938765E-002
0.83825	-3.5246968E-002
0.83975	-3.0437857E-002
0.84125	-2.6783943E-002
0.84275	-2.3430943E-002
0.84425	-2.0701677E-002
0.84575	-1.7817408E-002
0.84725	-1.5416175E-002
0.84875	-1.2641579E-002
0.85025	-1.0190278E-002
0.85175	-8.2169175E-003
0.85325	-6.7991614E-003
0.85475	-6.2973201E-003
0.85625	-5.7577491E-003
0.85775	-5.6920946E-003
0.85925	-5.4431558E-003
0.86075	-5.6665242E-003
0.86225	-5.9979260E-003
0.86375	-6.2136948E-003
0.86525	-6.9857538E-003
0.86675	-8.1552267E-003
0.86825	-1.0007381E-002
0.86975	-1.1371255E-002
0.87125	-1.2575597E-002
0.87275	-1.3834298E-002
0.87425	-1.5135467E-002
0.87575	-1.6681492E-002
0.87725	-1.7828882E-002
0.87875	-1.9932568E-002
0.88025	-2.2444606E-002
0.88175	-2.5519848E-002
0.88325	-2.8436363E-002
0.88475	-3.1210065E-002
0.88625	-3.5005867E-002
0.88775	-3.7888408E-002
0.88925	-4.0724158E-002
0.89075	-4.3664455E-002
0.89225	-4.6705723E-002
0.89375	-5.0035954E-002
0.89525	-5.1089764E-002
0.89675	-5.1502585E-002
0.89825	-5.2074432E-002
0.89975	-4.9009442E-002
0.90125	-4.7285914E-002
0.90275	-4.6298742E-002
0.90425	-4.6686530E-002
0.90575	-4.6246171E-002
0.90725	-4.6994209E-002
0.90875	-4.8431277E-002
0.91025	-4.9277544E-002
0.91175	-4.9010396E-002
0.91325	-5.0149322E-002
0.91475	-5.1186323E-002
0.91625	-5.0998092E-002
0.91775	-5.1564574E-002
0.91925	-5.1094055E-002
0.92075	-5.0088644E-002
0.92225	-4.6346426E-002
0.92375	-4.1939497E-002
0.92525	-3.6168575E-002
0.92675	-2.6884913E-002
0.92825	-1.6428828E-002
0.92975	-2.1197796E-003
0.93125	1.1296988E-002
0.93275	2.6230335E-002
0.93425	4.1544437E-002
0.93575	5.5014610E-002
0.93725	6.0148716E-002
0.93875	5.6836605E-002
0.94025	5.1497698E-002
0.94175	4.2054892E-002
0.94325	3.0175209E-002
0.94475	1.8217564E-002
0.94625	9.7231865E-003
0.94775	1.7082691E-003
0.94925	-3.8614273E-003
0.95075	-6.2067509E-003
0.95225	-1.0638356E-002
0.95375	-1.3638616E-002
0.95525	-1.6049623E-002
0.95675	-1.7092705E-002
0.95825	-1.7197132E-002
0.95975	-1.6228914E-002
0.96125	-1.1158943E-002
0.96275	-4.7256947E-003
0.96425	5.2895546E-003
0.96575	1.8508434E-002
0.96725	3.6763668E-002
0.96875	5.6109190E-002
0.97025	7.6429129E-002
0.97175	9.7515821E-002
0.97325	1.1160493E-001
0.97475	1.1601639E-001
0.97625	1.0665607E-001
0.97775	9.2343330E-002
0.97925	7.3219299E-002
0.98075	5.9515238E-002
0.98225	4.2463541E-002
0.98375	2.7244329E-002
0.98525	1.6599417E-002
0.98675	9.2313290E-003
0.98825	6.1767101E-003
0.98975	-3.1709671E-003
0.99125	-5.2940845E-003
0.99275	-3.9331913E-003
0.99425	-4.4353008E-003
0.99575	-5.4681301E-003
0.99725	-4.2703152E-003
0.99875	2.1662712E-003
1.00025	8.3987713E-003
1.00175	1.7570019E-002
1.00325	3.3577681E-002
1.00475	5.1073790E-002
1.00625	6.8733931E-002
1.00775	9.4338179E-002
1.00925	1.1926961E-001
1.01075	1.3409877E-001
1.01225	1.4180660E-001
1.01375	1.3619184E-001
1.01525	1.2686706E-001
1.01675	1.0509610E-001
1.01825	8.1286907E-002
1.01975	5.9409857E-002
1.02125	3.4014225E-002
1.02275	1.6522169E-002
1.02425	2.8181076E-004
1.02575	-1.2384415E-002
1.02725	-2.1270752E-002
1.02875	-2.7781725E-002
1.03025	-3.3823967E-002
1.03175	-3.5729408E-002
1.03325	-3.6775112E-002
1.03475	-3.4990311E-002
1.03625	-3.2586575E-002
1.03775	-2.9923201E-002
1.03925	-1.7584085E-002
1.04075	-8.9414120E-003
1.04225	9.4118118E-003
1.04375	3.0426025E-002
1.04525	5.7114124E-002
1.04675	9.3922853E-002
1.04825	1.2325811E-001
1.04975	1.6132236E-001
1.05125	1.7117071E-001
1.05275	1.6997147E-001
1.05425	1.6181827E-001
1.05575	1.4070010E-001
1.05725	1.1792660E-001
1.05875	8.9767933E-002
1.06025	6.6301346E-002
1.06175	4.1769505E-002
1.06325	1.8776655E-002
1.06475	-4.3575764E-003
1.06625	-1.9688368E-002
1.06775	-3.2883406E-002
1.06925	-4.1473150E-002
1.07075	-4.2747259E-002
1.07225	-4.4381142E-002
1.07375	-4.2855501E-002
1.07525	-3.8391113E-002
1.07675	-3.2297373E-002
1.07825	-2.0206690E-002
1.07975	-8.2340240E-003
1.08125	1.4949322E-002
1.08275	4.6434164E-002
1.08425	8.0629826E-002
1.08575	1.1921692E-001
1.08725	1.6284513E-001
1.08875	1.9578362E-001
1.09025	2.1187830E-001
1.09175	2.0497298E-001
1.09325	1.8799067E-001
1.09475	1.6757441E-001
1.09625	1.3505387E-001
1.09775	1.0516667E-001
1.09925	7.6634645E-002
1.10075	5.3901672E-002
1.10225	3.3329487E-002
1.10375	1.1288881E-002
1.10525	-1.0561705E-002
1.10675	-2.9594183E-002
1.10825	-4.2605877E-002
1.10975	-5.2444935E-002
1.11125	-6.2774181E-002
1.11275	-7.1421146E-002
1.11425	-7.0400238E-002
1.11575	-6.2618494E-002
1.11725	-5.7137966E-002
1.11875	-4.2605639E-002
1.12025	-2.4177074E-002
1.12175	1.3148308E-002
1.12325	5.9566259E-002
1.12475	1.0486484E-001
1.12625	1.5623021E-001
1.12775	1.9789028E-001
1.12925	2.2839451E-001
1.13075	2.2888613E-001
1.13225	2.1796942E-001
1.13375	1.9410634E-001
1.13525	1.6483521E-001
1.13675	1.3110900E-001
1.13825	1.0158086E-001
1.13975	7.1409464E-002
1.14125	4.1571379E-002
1.14275	1.9889355E-002
1.14425	-1.1627674E-003
1.14575	-2.2781134E-002
1.14725	-4.6008110E-002
1.14875	-5.2058220E-002
1.15025	-6.5789700E-002
1.15175	-7.2577715E-002
1.15325	-8.1471682E-002
1.15475	-7.4955463E-002
1.15625	-6.1496019E-002
1.15775	-5.4275513E-002
1.15925	-2.1874666E-002
1.16075	5.7387352E-003
1.16225	5.7046413E-002
1.16375	1.1256957E-001
1.16525	1.6245151E-001
1.16675	2.0497179E-001
1.16825	2.4206853E-001
1.16975	2.5160551E-001
1.17125	2.4196529E-001
1.17275	2.2049832E-001
1.17425	1.9422174E-001
1.17575	1.5971804E-001
1.17725	1.2233520E-001
1.17875	9.8536491E-002
1.18025	6.4407349E-002
1.18175	3.5559893E-002
1.18325	1.1489391E-002
1.18475	-5.4030418E-003
1.18625	-2.0348072E-002
1.18775	-5.3852081E-002
1.18925	-6.4743757E-002
1.19075	-7.7573776E-002
1.19225	-9.0456009E-002
1.19375	-9.3172073E-002
1.19525	-9.7966433E-002
1.19675	-6.7070007E-002
1.19825	-3.6622047E-002
1.19975	3.0620098E-003
1.20125	5.5166483E-002
1.20275	1.0999560E-001
1.20425	1.7408037E-001
1.20575	2.2644329E-001
1.20725	2.5289035E-001
1.20875	2.7198553E-001
1.21025	2.5490594E-001
1.21175	2.3871422E-001
1.21325	2.0681167E-001
1.21475	1.7566872E-001
1.21625	1.4662433E-001
1.21775	1.1213064E-001
1.21925	9.5926762E-002
1.22075	5.7686090E-002
1.22225	3.5175800E-002
1.22375	3.2260418E-003
1.22525	-2.0976782E-002
1.22675	-4.5592546E-002
1.22825	-7.1000338E-002
1.22975	-7.6546431E-002
1.23125	-9.8826647E-002
1.23275	-1.1135960E-001
1.23425	-1.2507892E-001
1.23575	-1.1589766E-001
1.23725	-1.0054111E-001
1.23875	-7.8200817E-002
1.24025	-9.9828243E-003
1.24175	6.8591833E-002
1.24325	1.5398574E-001
1.24475	2.1813035E-001
1.24625	2.5493836E-001
1.24775	2.7995276E-001
1.24925	2.6916981E-001
1.25075	2.4667287E-001
1.25225	2.2582984E-001
1.25375	1.8858671E-001
1.25525	1.5043545E-001
1.25675	1.1325645E-001
1.25825	8.6692095E-002
1.25975	5.8790445E-002
1.26125	2.3208380E-002
1.26275	4.2729378E-003
1.26425	-1.5215874E-002
1.26575	-4.2036057E-002
1.26725	-6.3558340E-002
1.26875	-7.7418089E-002
1.27025	-8.9102507E-002
1.27175	-1.1506963E-001
1.27325	-1.1900949E-001
1.27475	-1.1204576E-001
1.27625	-9.9660873E-002
1.27775	-7.6120615E-002
1.27925	-4.6051502E-002
1.28075	3.6242485E-002
1.28225	1.2152696E-001
1.28375	1.8355966E-001
1.28525	2.2980309E-001
1.28675	2.5515461E-001
1.28825	2.5569296E-001
1.28975	2.3834372E-001
1.29125	2.0960832E-001
1.29275	1.8051577E-001
1.29425	1.4506030E-001
1.29575	1.0300994E-001
1.29725	7.2325230E-002
1.29875	4.4560194E-002
1.30025	1.3620615E-002
1.30175	-8.3413124E-003
1.30325	-3.7049770E-002
1.30475	-5.4267883E-002
1.30625	-7.3921919E-002
1.30775	-8.9363813E-002
1.30925	-1.1195183E-001
1.31075	-1.2825489E-001
1.31225	-1.2470317E-001
1.31375	-1.2635183E-001
1.31525	-1.1185670E-001
1.31675	-9.6323967E-002
1.31825	-4.4083118E-002
1.31975	1.1424303E-002
1.32125	7.6230526E-002
1.32275	1.4701104E-001
1.32425	1.9452953E-001
1.32575	2.3158193E-001
1.32725	2.5044632E-001
1.32875	2.4758983E-001
1.33025	2.2173119E-001
1.33175	1.9106269E-001
1.33325	1.7020273E-001
1.33475	1.2690806E-001
1.33625	8.4024429E-002
1.33775	5.5909872E-002
1.33925	2.8810978E-002
1.34075	1.1123657E-002
1.34225	-1.9496202E-002
1.34375	-3.8917780E-002
1.34525	-5.6885242E-002
1.34675	-9.1059446E-002
1.34825	-1.1295938E-001
1.34975	-1.4264226E-001
1.35125	-1.5993953E-001
1.35275	-1.7403960E-001
1.35425	-1.6533470E-001
1.35575	-1.3491440E-001
1.35725	-8.4537029E-002
1.35875	-2.1853209E-002
1.36025	3.3558846E-002
1.36175	1.1857224E-001
1.36325	1.8436193E-001
1.36475	2.1309781E-001
1.36625	2.1066117E-001
1.36775	2.1177125E-001
1.36925	1.9018483E-001
1.37075	1.7046475E-001
1.37225	1.4055991E-001
1.37375	1.2311959E-001
1.37525	1.0273385E-001
1.37675	7.8236818E-002
1.37825	6.6321373E-002
1.37975	3.6816835E-002
1.38125	1.1619568E-002
1.38275	-1.3318300E-002
1.38425	-3.5769939E-002
1.38575	-5.5069923E-002
1.38725	-8.3975077E-002
1.38875	-9.6600533E-002
1.39025	-1.1147261E-001
1.39175	-1.2855697E-001
1.39325	-1.3408470E-001
1.39475	-1.4609671E-001
1.39625	-1.2951136E-001
1.39775	-7.2418690E-002
1.39925	2.6340485E-003
1.40075	8.7110043E-002
1.40225	1.8829703E-001
1.40375	2.3176050E-001
1.40525	2.4756217E-001
1.40675	2.3579931E-001
1.40825	2.2697210E-001
1.40975	1.9697905E-001
1.41125	1.5787911E-001
1.41275	1.2693977E-001
1.41425	1.1551142E-001
1.41575	9.7361326E-002
1.41725	6.7281008E-002
1.41875	5.5983305E-002
1.42025	4.2527676E-002
1.42175	1.7307758E-002
1.42325	-1.1536121E-002
1.42475	-3.6746740E-002
1.42625	-5.2253723E-002
1.42775	-8.7843895E-002
1.42925	-1.1555815E-001
1.43075	-1.0298872E-001
1.43225	-1.1172581E-001
1.43375	-1.1730242E-001
1.43525	-1.1383104E-001
1.43675	-7.8764439E-002
1.43825	-3.4682751E-002
1.43975	3.0298233E-003
1.44125	7.2771549E-002
1.44275	1.4272785E-001
1.44425	1.9849682E-001
1.44575	1.9998431E-001
1.44725	1.9617581E-001
1.44875	1.8621993E-001
1.45025	1.6688538E-001
1.45175	1.3930511E-001
1.45325	1.1501861E-001
1.45475	1.0422921E-001
1.45625	8.9048386E-002
1.45775	6.9296598E-002
1.45925	5.2731752E-002
1.46075	3.7158251E-002
1.46225	8.7630749E-003
1.46375	-1.3211489E-002
1.46525	-3.8225412E-002
1.46675	-6.0767412E-002
1.46825	-8.3437443E-002
1.46975	-9.9105597E-002
1.47125	-9.2672825E-002
1.47275	-9.5845938E-002
1.47425	-8.6498976E-002
1.47575	-5.2973509E-002
1.47725	4.8341751E-003
1.47875	5.9901237E-002
1.48025	9.7390652E-002
1.48175	1.4557171E-001
1.48325	1.6902661E-001
1.48475	1.6759133E-001
1.48625	1.5815043E-001
1.48775	1.4816332E-001
1.48925	1.4200330E-001
1.49075	1.3585877E-001
1.49225	1.1859202E-001
1.49375	1.0276222E-001
1.49525	7.6292276E-002
1.49675	4.8042774E-002
1.49825	2.6385784E-002
1.49975	3.0164719E-003
1.50125	-1.8612862E-002
1.50275	-3.0757427E-002
1.50425	-4.6505213E-002
1.50575	-4.8878670E-002
1.50725	-7.0477009E-002
1.50875	-8.1188202E-002
1.51025	-8.3289146E-002
1.51175	-9.5065117E-002
1.51325	-7.2711229E-002
1.51475	-7.2109938E-002
1.51625	-2.7366877E-002
1.51775	-9.3288422E-003
1.51925	3.7733078E-002
1.52075	9.2674017E-002
1.52225	1.1121225E-001
1.52375	1.4082193E-001
1.52525	1.3914490E-001
1.52675	1.2970161E-001
1.52825	1.2764001E-001
1.52975	1.1460805E-001
1.53125	9.1923475E-002
1.53275	7.1203232E-002
1.53425	5.8043003E-002
1.53575	4.6169281E-002
1.53725	2.9420853E-002
1.53875	1.0606766E-002
1.54025	4.8649311E-003
1.54175	-3.2703876E-003
1.54325	-1.7846584E-002
1.54475	-2.4949074E-002
1.54625	-3.7282467E-002
1.54775	-3.8873672E-002
1.54925	-3.7932873E-002
1.55075	-4.5593262E-002
1.55225	-3.5793066E-002
1.55375	-3.0146360E-002
1.55525	-4.6184063E-003
1.55675	2.4100304E-002
1.55825	5.6270599E-002
1.55975	1.1699796E-001
1.56125	1.4103889E-001
1.56275	1.5319705E-001
1.56425	1.5208554E-001
1.56575	1.4942217E-001
1.56725	1.4694285E-001
1.56875	1.3848853E-001
1.57025	1.3292098E-001
1.57175	1.1949682E-001
1.57325	1.0423994E-001
1.57475	9.2185974E-002
1.57625	8.1296682E-002
1.57775	6.9296122E-002
1.57925	5.7254791E-002
1.58075	5.1905394E-002
1.58225	5.3491116E-002
1.58375	5.2215815E-002
1.58525	5.1048994E-002
1.58675	5.4645300E-002
1.58825	6.1521769E-002
1.58975	6.6934347E-002
1.59125	7.0400238E-002
1.59275	7.5396538E-002
1.59425	9.1852903E-002
1.59575	1.0381436E-001
1.59725	1.0951447E-001
1.59875	1.0598469E-001
1.60025	9.7774267E-002
1.60175	8.2850695E-002
1.60325	6.0839891E-002
1.60475	4.0237665E-002
1.60625	3.2820225E-002
1.60775	2.8937340E-002
1.60925	2.3042917E-002
1.61075	1.7168522E-002
1.61225	1.1679411E-002
1.61375	5.7809353E-003
1.61525	3.0496120E-003
1.61675	-1.7342567E-003
1.61825	-6.1903000E-003
1.61975	-7.1482658E-003
1.62125	-6.5972805E-003
1.62275	-7.3769093E-003
1.62425	-1.1013269E-002
1.62575	-1.3136864E-002
1.62725	-1.3396025E-002
1.62875	-1.4027834E-002
1.63025	-1.4611721E-002
1.63175	-1.2741327E-002
1.63325	-1.0843039E-002
1.63475	-9.2486143E-003
1.63625	-7.5254440E-003
1.63775	-7.9805851E-003
1.63925	-8.9596510E-003
1.64075	-1.0522723E-002
1.64225	-1.0064006E-002
1.64375	-8.7448359E-003
1.64525	-7.5991154E-003
1.64675	-6.6523552E-003
1.64825	-4.8267841E-003
1.64975	-2.9506683E-003
1.65125	-1.3601780E-003
1.65275	9.1648102E-004
1.65425	1.9490719E-003
1.65575	8.2445145E-003
1.65725	1.4449120E-002
1.65875	2.1036148E-002
1.66025	2.5318384E-002
1.66175	2.9911995E-002
1.66325	3.7074327E-002
1.66475	4.1895151E-002
1.66625	4.5642138E-002
1.66775	5.4419756E-002
1.66925	7.0551395E-002
1.67075	8.1638813E-002
1.67225	9.1600895E-002
1.67375	1.0413599E-001
1.67525	1.1096430E-001
1.67675	1.1633658E-001
1.67825	9.7133636E-002
1.67975	7.6921701E-002
1.68125	1.8548250E-002
1.68275	-1.7116070E-002
1.68425	-4.9020767E-002
1.68575	-1.0778189E-001
1.68725	-1.0839367E-001
1.68875	-1.1480999E-001
1.69025	-9.7335339E-002
1.69175	-1.0421109E-001
1.69325	-9.2008829E-002
1.69475	-7.5465918E-002
1.69625	-7.0921898E-002
1.69775	-6.6918612E-002
1.69925	-6.4531803E-002
1.70075	-5.9836149E-002
1.70225	-5.3072453E-002
1.70375	-4.6262264E-002
1.70525	-4.4296980E-002
1.70675	-2.6903868E-002
1.70825	-8.2705021E-003
1.70975	7.6255798E-003
1.71125	3.0004501E-002
1.71275	6.9572926E-002
1.71425	9.2821121E-002
1.71575	1.5222406E-001
1.71725	2.0414114E-001
1.71875	2.2379208E-001
1.72025	2.1975422E-001
1.72175	2.0052862E-001
1.72325	1.9413280E-001
1.72475	1.4880896E-001
1.72625	7.8930855E-002
1.72775	5.1001549E-002
1.72925	2.9288769E-002
1.73075	1.0709286E-002
1.73225	-4.4584274E-004
1.73375	-2.0098209E-002
1.73525	-1.1053085E-003
1.73675	-1.8562317E-002
1.73825	-1.5378952E-002
1.73975	-2.9850006E-003
1.74125	3.0279160E-004
1.74275	3.3121109E-003
1.74425	-7.3285103E-003
1.74575	2.9072762E-003
1.74725	1.3144970E-002
1.74875	1.1539459E-002
1.75025	-7.2150230E-003
1.75175	3.4770012E-002
1.75325	9.3753338E-002
1.75475	1.2927628E-001
1.75625	1.6265106E-001
1.75775	1.7872763E-001
1.75925	1.8855524E-001
1.76075	1.2948513E-001
1.76225	8.0567837E-002
1.76375	1.1604691E-001
1.76525	9.6169472E-002
1.76675	1.0726547E-001
1.76825	1.1353922E-001
1.76975	1.1654663E-001
1.77125	1.0053015E-001
1.77275	9.6041203E-002
1.77425	9.0626717E-002
1.77575	9.1114044E-002
1.77725	6.7629337E-002
1.77875	6.1804771E-002
1.78025	8.3895206E-002
1.78175	7.9331398E-002
1.78325	8.5276604E-002
1.78475	8.2779408E-002
1.78625	1.0173368E-001
1.78775	1.2245703E-001
1.78925	1.0969496E-001
1.79075	1.0662127E-001
1.79225	9.9634171E-002
1.79375	8.1652164E-002
1.79525	9.4855309E-002
1.79675	1.3869572E-001
1.79825	1.0979223E-001
1.79975	1.3663769E-001
1.80125	1.2905645E-001
1.80275	1.2359905E-001
1.80425	1.0057783E-001
1.80575	3.4788609E-002
1.80725	7.3623657E-003
1.80875	5.1968098E-002
1.81025	5.4355145E-002
1.81175	3.0229092E-002
1.81325	-8.4476471E-003
1.81475	-1.4743805E-002
1.81625	1.5834808E-002
1.81775	-5.5211067E-002
1.81925	-6.7015171E-002
1.82075	-7.9600811E-002
1.82225	-4.0358067E-002
1.82375	-1.3422966E-003
1.82525	-5.8569908E-003
1.82675	2.3530006E-002
1.82825	5.0668716E-002
1.82975	1.0578442E-001
1.83125	9.7580910E-002
1.83275	9.1809750E-002
1.83425	1.0493231E-001
1.83575	1.6143513E-001
1.83725	1.3893032E-001
1.83875	9.6921921E-003
1.84025	2.0061731E-001
1.84175	2.1496964E-001
1.84325	2.2052813E-001
1.84475	2.5150776E-001
1.84625	2.3815966E-001
1.84775	2.8360415E-001
1.84925	1.7457056E-001
1.85075	1.3502789E-001
1.85225	7.1472168E-002
1.85375	4.9356461E-002
1.85525	2.7327538E-003
1.85675	-1.1557722E-001
1.85825	-5.5665493E-002
1.85975	-9.3072891E-002
1.86125	-5.6712627E-002
1.86275	-1.3825941E-001
1.86425	-1.1110592E-001
1.86575	-7.5316429E-002
1.86725	-8.2050800E-002
1.86875	2.1976471E-002
1.87025	4.9365520E-002
1.87175	8.0739975E-002
1.87325	9.2145443E-002
1.87475	1.4253521E-001
1.87625	1.0689402E-001
1.87775	-1.6191483E-002
1.87925	-8.2927227E-002
1.88075	1.5597820E-002
1.88225	1.0310411E-001
1.88375	2.0292759E-002
1.88525	-5.6576729E-003
1.88675	7.0409298E-002
1.88825	1.1291552E-001
1.88975	3.4642220E-002
1.89125	-3.7482738E-002
1.89275	-5.5875778E-003
1.89425	2.3598194E-002
1.89575	-6.7433834E-002
1.89725	-1.2152147E-001
1.89875	-1.1226034E-001
1.90025	-1.5065575E-001
1.90175	-1.6285753E-001
1.90325	-2.3798847E-001
1.90475	-1.4208698E-001
1.90625	-1.3034296E-001
1.90775	-1.3601637E-001
1.90925	-1.1142826E-001
1.91075	-1.1098766E-001
1.91225	-1.6592979E-002
1.91375	-8.3526611E-002
1.91525	-5.8075428E-002
1.91675	4.3151855E-002
1.91825	8.8503361E-002
1.91975	1.4998865E-001
1.92125	6.8676472E-002
1.92275	4.1556358E-002
1.92425	1.4098263E-001
1.92575	1.1216402E-001
1.92725	1.7336369E-001
1.92875	1.3135529E-001
1.93025	1.4813662E-001
1.93175	1.4494848E-001
1.93325	5.1123142E-002
1.93475	1.4942169E-002
1.93625	-4.8768520E-002
1.93775	-4.9036026E-002
1.93925	-1.1704206E-001
1.94075	-1.1834097E-001
1.94225	-1.5438747E-001
1.94375	-1.3822126E-001
1.94525	-1.8790293E-001
1.94675	-2.1216488E-001
1.94825	-1.1181498E-001
1.94975	-1.5145588E-001
1.95125	-6.1539173E-002
1.95275	-6.5382004E-002
1.95425	5.6743622E-005
1.95575	9.8024368E-002
1.95725	3.8934231E-002
1.95875	1.5764189E-001
1.96025	1.7569828E-001
1.96175	2.3614216E-001
1.96325	2.9072189E-001
1.96475	1.8850470E-001
1.96625	1.5741920E-001
1.96775	1.4479876E-001
1.96925	5.6790829E-002
1.97075	2.2688866E-002
1.97225	-2.9656410E-002
1.97375	-5.0611019E-002
1.97525	-8.6466312E-002
1.97675	-1.6176653E-001
1.97825	-8.8059425E-002
1.97975	-1.1838722E-001
1.98125	-1.1862230E-001
1.98275	-1.0995293E-001
1.98425	-7.1166515E-002
1.98575	-8.8096142E-002
1.98725	-1.0099411E-001
1.98875	-3.2159805E-002
1.99025	-3.1338215E-002
1.99175	-7.0190430E-004
1.99325	2.8753281E-004
1.99475	9.6569061E-002
1.99625	1.2441492E-001
1.99775	6.0078144E-002
1.99925	4.6782494E-002
2.00075	5.6943893E-003
2.00225	1.6765451E-001
2.00375	9.3983173E-002
2.00525	1.4671612E-001
2.00675	2.1799803E-001
2.00825	1.7578745E-001
2.00975	2.0986176E-001
2.01125	1.1575556E-001
2.01275	1.3448763E-001
2.01425	7.5331688E-002
2.01575	-3.1277657E-002
2.01725	-7.6606274E-002
2.01875	-1.8451118E-001
2.02025	-1.9166088E-001
2.02175	-2.4419212E-001
2.02325	-2.9552174E-001
2.02475	-2.4350023E-001
2.02625	-1.8467712E-001
2.02775	-1.7685843E-001
2.02925	-1.9744396E-001
2.03075	-1.8107462E-001
2.03225	-1.6202450E-001
2.03375	-1.9479465E-001
2.03525	-1.3097525E-001
2.03675	-7.3092937E-002
2.03825	1.1031532E-001
2.03975	2.7058363E-001
2.04125	3.7474203E-001
2.04275	3.5173559E-001
2.04425	3.3038855E-001
2.04575	3.1407881E-001
2.04725	1.8560791E-001
2.04875	7.1317673E-002
2.05025	-4.5884609E-002
2.05175	-1.0275316E-001
2.05325	-1.5196085E-001
2.05475	-2.2257185E-001
2.05625	-2.2428656E-001
2.05775	-2.4685240E-001
2.05925	-2.6028824E-001
2.06075	-2.3658180E-001
2.06225	-2.5982475E-001
2.06375	-2.1788168E-001
2.06525	-1.9481039E-001
2.06675	-1.6259480E-001
2.06825	-1.7937231E-001
2.06975	-1.2959576E-001
2.07125	1.2098789E-002
2.07275	7.5239182E-002
2.07425	1.1469746E-001
2.07575	1.5028524E-001
2.07725	2.3314428E-001
2.07875	2.4346638E-001
2.08025	2.2859716E-001
2.08175	2.7524900E-001
2.08325	2.9059362E-001
2.08475	2.1162558E-001
2.08625	1.2050056E-001
2.08775	1.2667322E-001
2.08925	1.0328531E-001
2.09075	-2.5396824E-002
2.09225	-5.6416988E-002
2.09375	-1.9563675E-002
2.09525	-3.5166740E-003
2.09675	-4.8629284E-002
2.09825	-1.2307596E-001
2.09975	-1.5308285E-001
2.10125	-2.2072411E-001
2.10275	-3.5362101E-001
2.10425	-4.0856600E-001
2.10575	-4.6888494E-001
2.10725	-4.8398924E-001
2.10875	-4.3889904E-001
2.11025	-2.4698782E-001
2.11175	-1.4822149E-001
2.11325	-1.1984777E-001
2.11475	-1.4461517E-002
2.11625	1.1570883E-001
2.11775	1.9663763E-001
2.11925	1.6453218E-001
2.12075	3.0850220E-001
2.12225	4.5874691E-001
2.12375	4.5509720E-001
2.12525	4.4484615E-001
2.12675	4.1019630E-001
2.12825	4.0393448E-001
2.12975	3.1598854E-001
2.13125	2.2264528E-001
2.13275	2.2433758E-001
2.13425	1.1610222E-001
2.13575	1.5765524E-001
2.13725	1.0259342E-001
2.13875	1.0814238E-001
2.14025	1.0221577E-001
2.14175	4.0217876E-002
2.14325	5.2719593E-002
2.14475	-3.1272888E-002
2.14625	-1.5313625E-002
2.14775	-6.0150146E-002
2.14925	-9.3335152E-002
2.15075	-1.0961628E-001
2.15225	-7.2156906E-002
2.15375	-6.4455986E-002
2.15525	-1.0902929E-001
2.15675	1.2846088E-001
2.15825	3.1827211E-001
2.15975	4.7499752E-001
2.16125	5.2883005E-001
2.16275	5.0954390E-001
2.16425	5.5174255E-001
2.16575	5.0481033E-001
2.16725	3.8174391E-001
2.16875	3.4670734E-001
2.17025	2.8953362E-001
2.17175	2.4055958E-001
2.17325	1.3644886E-001
2.17475	6.6614628E-002
2.17625	1.0536051E-001
2.17775	2.7042389E-002
2.17925	1.6024113E-002
2.18075	3.8065910E-003
2.18225	3.2022953E-002
2.18375	2.8230190E-002
2.18525	1.0018349E-002
2.18675	-3.7035942E-003
2.18825	-1.4239311E-002
2.18975	8.3465099E-002
2.19125	8.8986874E-002
2.19275	1.8913078E-001
2.19425	2.0005131E-001
2.19575	3.7290239E-001
2.19725	4.8972940E-001
2.19875	5.4210472E-001
2.20025	5.6964540E-001
2.20175	5.6108141E-001
2.20325	5.5096531E-001
2.20475	4.2986870E-001
2.20625	3.6692047E-001
2.20775	3.1446362E-001
2.20925	3.2609940E-001
2.21075	2.6970863E-001
2.21225	2.1578503E-001
2.21375	2.0410776E-001
2.21525	1.5003824E-001
2.21675	8.3371162E-002
2.21825	2.1726608E-002
2.21975	3.8648605E-002
2.22125	3.3733368E-002
2.22275	4.5913219E-002
2.22425	7.5327873E-002
2.22575	1.0677624E-001
2.22725	8.2409859E-002
2.22875	7.6850891E-002
2.23025	1.2726212E-001
2.23175	1.2919760E-001
2.23325	2.0356035E-001
2.23475	2.6571465E-001
2.23625	3.5498619E-001
2.23775	3.7399530E-001
2.23925	3.8307810E-001
2.24075	4.0085936E-001
2.24225	3.8248587E-001
2.24375	3.6850309E-001
2.24525	3.7583876E-001
2.24675	3.5636711E-001
2.24825	3.2406139E-001
2.24975	3.0094194E-001
2.25125	3.0032921E-001
2.25275	2.7115917E-001
2.25425	2.3104000E-001
2.25575	1.9241762E-001
2.25725	1.7153406E-001
2.25875	1.5174198E-001
2.26025	9.5921040E-002
2.26175	7.8818321E-002
2.26325	8.5631847E-002
2.26475	6.3221455E-002
2.26625	3.7851334E-002
2.26775	3.5236359E-002
2.26925	6.1034203E-002
2.27075	9.3678474E-002
2.27225	4.7831059E-002
2.27375	1.7784739E-001
2.27525	2.6890802E-001
2.27675	3.3231258E-001
2.27825	3.5445452E-001
2.27975	3.2664585E-001
2.28125	2.8081322E-001
2.28275	2.8643608E-001
2.28425	2.9922485E-001
2.28575	2.8166199E-001
2.28725	2.2177982E-001
2.28875	2.0022488E-001
2.29025	2.1550655E-001
2.29175	1.6590929E-001
2.29325	1.2281418E-001
2.29475	8.9603424E-002
2.29625	1.0216808E-001
2.29775	8.7944984E-002
2.29925	6.7423344E-002
2.30075	6.5889835E-002
2.30225	6.0713768E-002
2.30375	6.8200111E-002
2.30525	5.1736355E-002
2.30675	3.0798435E-002
2.30825	3.5402775E-002
2.30975	4.4221878E-002
2.31125	9.7483635E-002
2.31275	8.9529037E-002
2.31425	1.1926651E-001
2.31575	2.9817629E-001
2.31725	3.4385824E-001
2.31875	3.8131380E-001
2.32025	3.3214808E-001
2.32175	3.5559082E-001
2.32325	3.7407160E-001
2.32475	3.1938410E-001
2.32625	2.9135704E-001
2.32775	2.7838516E-001
2.32925	2.6142168E-001
2.33075	2.5620461E-001
2.33225	2.0856667E-001
2.33375	2.0723009E-001
2.33525	1.7878151E-001
2.33675	1.5419674E-001
2.33825	1.4200830E-001
2.33975	1.3221502E-001
2.34125	1.5741825E-001
2.34275	1.3722801E-001
2.34425	1.5084934E-001
2.34575	1.6518784E-001
2.34725	2.0072269E-001
2.34875	2.0289278E-001
2.35025	1.9440794E-001
2.35175	2.1409941E-001
2.35325	2.6118088E-001
2.35475	2.6891947E-001
2.35625	2.9635859E-001
2.35775	3.1398916E-001
2.35925	3.3119535E-001
2.36075	3.5523367E-001
2.36225	3.4110165E-001
2.36375	3.3879471E-001
2.36525	2.8321838E-001
2.36675	2.7855062E-001
2.36825	2.6371908E-001
2.36975	2.4987769E-001
2.37125	2.3868537E-001
2.37275	2.2168326E-001
2.37425	2.1301341E-001
2.37575	2.0249701E-001
2.37725	1.9083428E-001
2.37875	1.8634129E-001
2.38025	1.8028951E-001
2.38175	1.8167949E-001
2.38325	1.8571138E-001
2.38475	1.9085121E-001
2.38625	2.1437311E-001
2.38775	2.1105766E-001
2.38925	2.3222375E-001
2.39075	2.4848151E-001
2.39225	2.8770208E-001
2.39375	3.0349112E-001
2.39525	2.9357529E-001
2.39675	3.0301428E-001
2.39825	2.5904059E-001
2.39975	2.2060966E-001
2.40125	1.5336418E-001
2.40275	1.1306286E-001
2.40425	8.6371660E-002
2.40575	4.9802303E-002
2.40725	3.1888723E-002
2.40875	2.1045446E-002
2.41025	1.1673689E-002
2.41175	3.1254292E-003
2.41325	-1.8036366E-003
2.41475	-6.0765743E-003
2.41625	-4.6784878E-003
2.41775	-9.6781254E-003
2.41925	-8.1889629E-003
2.42075	-8.6791515E-003
2.42225	-1.1640787E-002
2.42375	-1.6176939E-002
2.42525	-2.0514965E-002
2.42675	-2.1744728E-002
2.42825	-2.1007538E-002
2.42975	-2.4116993E-002
2.43125	-2.3805618E-002
2.43275	-2.2992611E-002
2.43425	-2.3439169E-002
2.43575	-2.1455288E-002
2.43725	-2.3308516E-002
2.43875	-2.0485401E-002
2.44025	-2.0600557E-002
2.44175	-1.6436338E-002
2.44325	-1.4041662E-002
2.44475	-1.1276722E-002
2.44625	-8.1613064E-003
2.44775	-4.4167042E-003
2.44925	1.1882782E-003
2.45075	3.5326481E-003
2.45225	1.0522366E-002
2.45375	1.4942646E-002
2.45525	2.1481037E-002
2.45675	2.8622150E-002
2.45825	3.5865307E-002
2.45975	4.8917770E-002
2.46125	5.4878473E-002
2.46275	6.4033270E-002
2.46425	7.4080706E-002
2.46575	8.3329201E-002
2.46725	9.7744226E-002
2.46875	1.1210060E-001
2.47025	1.3939476E-001
2.47175	1.6812110E-001
2.47325	2.0854425E-001
2.47475	2.4251056E-001
2.47625	2.7755499E-001
2.47775	2.7913189E-001
2.47925	2.6272869E-001
2.48075	1.8201637E-001
2.48225	6.2292576E-002
2.48375	-1.6819477E-002
2.48525	-9.8918915E-002
2.48675	-1.6521692E-001
2.48825	-1.9764185E-001
2.48975	-2.1108127E-001
2.49125	-2.0593405E-001
2.49275	-2.1806407E-001
2.49425	-2.3878551E-001
2.49575	-2.2436714E-001
2.49725	-2.1789360E-001
2.49875	-2.0381594E-001
2.50025	-1.9949341E-001
2.50175	-1.9155884E-001
2.50325	-1.5454984E-001
2.50475	-1.2889099E-001
2.50625	-1.1161470E-001
2.50775	-9.5116615E-002
2.50925	-8.6292267E-002
2.51075	-3.8256645E-002
2.51225	-5.5017471E-003
2.51375	5.7783604E-002
2.51525	1.0084152E-001
2.51675	1.3117170E-001
2.51825	1.4264107E-001
2.51975	1.6987514E-001
2.52125	1.0830069E-001
2.52275	8.3815098E-002
2.52425	6.0718060E-002
2.52575	2.4268627E-002
2.52725	-1.8691063E-002
2.52875	-4.3484211E-002
2.53025	-8.0087185E-002
2.53175	-1.2940741E-001
2.53325	-1.5389156E-001
2.53475	-1.6225052E-001
2.53625	-1.4488983E-001
2.53775	-1.6978598E-001
2.53925	-1.4775467E-001
2.54075	-1.5987492E-001
2.54225	-2.0143652E-001
2.54375	-2.0794344E-001
2.54525	-1.9729090E-001
2.54675	-1.8528366E-001
2.54825	-1.9257927E-001
2.54975	-1.5222836E-001
2.55125	-3.6973476E-002
2.55275	8.6660385E-002
2.55425	1.3176250E-001
2.55575	2.4108219E-001
2.55725	2.8127813E-001
2.55875	3.2234001E-001
2.56025	2.6315641E-001
2.56175	1.1231041E-001
2.56325	2.3469925E-003
2.56475	-7.0556641E-002
2.56625	-1.1099291E-001
2.56775	-1.0806656E-001
2.56925	-1.8383455E-001
2.57075	-1.5424061E-001
2.57225	-1.3053036E-001
2.57375	-1.4207458E-001
2.57525	-1.4351034E-001
2.57675	-1.6950226E-001
2.57825	-1.5035534E-001
2.57975	-2.1148300E-001
2.58125	-2.1763086E-001
2.58275	-2.6605463E-001
2.58425	-2.7777767E-001
2.58575	-2.4844170E-001
2.58725	-1.9015932E-001
2.58875	-1.0157299E-001
2.59025	-1.0333061E-001
2.59175	-5.1294804E-002
2.59325	4.1816235E-002
2.59475	6.6657066E-003
2.59625	-3.3257961E-002
2.59775	3.7483215E-002
2.59925	5.5863857E-002
2.60075	4.6264172E-002
2.60225	-5.4212570E-002
2.60375	-8.7262154E-002
2.60525	-1.5904713E-001
2.60675	-1.4722109E-001
2.60825	-2.0435095E-001
2.60975	-2.0064878E-001
2.61125	-1.5384531E-001
2.61275	-2.0962572E-001
2.61425	-2.2547340E-001
2.61575	-2.5034857E-001
2.61725	-2.5525093E-001
2.61875	-2.7030087E-001
2.62025	-3.2206535E-001
2.62175	-2.8484917E-001
2.62325	-2.7331161E-001
2.62475	-3.2389641E-001
2.62625	-3.3355045E-001
2.62775	-2.6509953E-001
2.62925	-3.1060314E-001
2.63075	-2.7232170E-001
2.63225	-1.7548370E-001
2.63375	-5.0419807E-002
2.63525	4.0164948E-002
2.63675	-8.9197159E-003
2.63825	1.0971928E-001
2.63975	2.3041248E-001
2.64125	2.1177244E-001
2.64275	1.8351364E-001
2.64425	9.6100807E-002
2.64575	4.1721344E-002
2.64725	3.2858372E-002
2.64875	-7.5161457E-002
2.65025	-1.7625141E-001
2.65175	-2.8890085E-001
2.65325	-1.8531036E-001
2.65475	-1.7155886E-001
2.65625	-2.2301340E-001
2.65775	-2.8265142E-001
2.65925	-2.3339701E-001
2.66075	-2.3065805E-001
2.66225	-2.9742098E-001
2.66375	-2.9665470E-001
2.66525	-3.3212090E-001
2.66675	-1.9098949E-001
2.66825	-1.8303251E-001
2.66975	-1.2689972E-001
2.67125	-8.8883877E-002
2.67275	-1.1489296E-001
2.67425	-6.1635971E-002
2.67575	-1.6248989E-001
2.67725	-6.1740398E-002
2.67875	3.8625240E-002
2.68025	-2.8233528E-002
2.68175	1.1948013E-001
2.68325	1.1945915E-001
2.68475	1.2121868E-001
2.68625	1.1126137E-001
2.68775	8.3914280E-002
2.68925	6.1256409E-002
2.69075	7.4234009E-003
2.69225	1.9764900E-003
2.69375	-5.5500984E-002
2.69525	-1.0408068E-001
2.69675	-8.9803219E-002
2.69825	-7.9220295E-002
2.69975	-1.5291500E-001
2.70125	-2.3559523E-001
2.70275	-2.6817608E-001
2.70425	-3.0037069E-001
2.70575	-4.8208284E-001
2.70725	-6.4497852E-001
2.70875	-5.0946331E-001
2.71025	-2.3641300E-001
2.71175	-1.5424776E-001
2.71325	-3.3637524E-002
2.71475	4.2602539E-002
2.71625	1.0277557E-001
2.71775	1.7187119E-001
2.71925	6.0134888E-002
2.72075	2.3480511E-001
2.72225	2.0693302E-001
2.72375	2.0834732E-001
2.72525	2.1252537E-001
2.72675	1.3852549E-001
2.72825	1.6690493E-001
2.72975	1.0646296E-001
2.73125	5.5476665E-002
2.73275	1.4539242E-002
2.73425	-4.6152592E-002
2.73575	-3.6755085E-002
2.73725	-1.0941696E-001
2.73875	-1.6321468E-001
2.74025	-1.7314339E-001
2.74175	-2.1747637E-001
2.74325	-2.1159744E-001
2.74475	-2.8132629E-001
2.74625	-3.3671808E-001
2.74775	-4.1622877E-001
2.74925	-4.0708876E-001
2.75075	-2.7573442E-001
2.75225	-1.4851141E-001
2.75375	-7.4992180E-002
2.75525	-1.0957718E-002
2.75675	3.5851955E-002
2.75825	2.1846819E-001
2.75975	2.7633333E-001
2.76125	2.1627235E-001
2.76275	1.6578197E-001
2.76425	2.3492241E-001
2.76575	2.2939777E-001
2.76725	1.1905527E-001
2.76875	9.6005917E-002
2.77025	1.7351484E-001
2.77175	2.0434427E-001
2.77325	2.0038843E-001
2.77475	1.7161560E-001
2.77625	1.8502951E-001
2.77775	1.5502310E-001
2.77925	9.8107815E-002
2.78075	2.7378082E-002
2.78225	-7.1790695E-002
2.78375	-4.1130066E-002
2.78525	-6.4401150E-002
2.78675	-1.4642239E-002
2.78825	-5.9044361E-002
2.78975	3.4114361E-002
2.79125	7.5365067E-002
2.79275	4.7838688E-002
2.79425	3.2797337E-002
2.79575	8.5563183E-002
2.79725	2.3505640E-001
2.79875	2.1443224E-001
2.80025	2.4044609E-001
2.80175	3.5172367E-001
2.80325	3.9167833E-001
2.80475	2.9161263E-001
2.80625	2.2741270E-001
2.80775	2.4212122E-001
2.80925	2.3258591E-001
2.81075	2.2423267E-001
2.81225	1.7841911E-001
2.81375	1.2711477E-001
2.81525	1.2915564E-001
2.81675	1.7697334E-001
2.81825	1.3187265E-001
2.81975	9.2957497E-002
2.82125	4.3059826E-002
2.82275	8.1453800E-002
2.82425	2.4181843E-002
2.82575	-1.3105154E-001
2.82725	-5.1275253E-002
2.82875	-1.2865353E-001
2.83025	-6.5943718E-002
2.83175	-1.0457039E-003
2.83325	1.3428640E-001
2.83475	1.5512371E-001
2.83625	1.1928701E-001
2.83775	1.8762159E-001
2.83925	2.6821709E-001
2.84075	2.8899765E-001
2.84225	1.9258499E-001
2.84375	2.4511528E-001
2.84525	2.1831894E-001
2.84675	2.0923805E-001
2.84825	1.4836216E-001
2.84975	1.7789745E-001
2.85125	1.6415262E-001
2.85275	1.2052155E-001
2.85425	1.3699102E-001
2.85575	7.8355312E-002
2.85725	9.6252918E-002
2.85875	-1.8665314E-002
2.86025	-3.5866737E-002
2.86175	-9.4175339E-004
2.86325	-6.9287300E-002
2.86475	-6.2685013E-002
2.86625	-1.1087227E-001
2.86775	-2.8556824E-002
2.86925	-4.0955544E-003
2.87075	-5.7440758E-002
2.87225	3.5181046E-003
2.87375	6.0418129E-002
2.87525	1.0859537E-001
2.87675	9.8218918E-002
2.87825	1.1799479E-001
2.87975	6.9675446E-002
2.88125	1.0670137E-001
2.88275	2.0176220E-001
2.88425	2.5554705E-001
2.88575	3.0554914E-001
2.88725	3.8400316E-001
2.88875	4.0192461E-001
2.89025	3.3226156E-001
2.89175	2.2052956E-001
2.89325	1.9502544E-001
2.89475	1.2848806E-001
2.89625	-1.4467716E-002
2.89775	-1.3130999E-001
2.89925	-3.3157349E-002
2.90075	1.5473366E-002
2.90225	3.0278683E-002
2.90375	3.3424854E-002
2.90525	1.0840893E-001
2.90675	1.8845272E-001
2.90825	1.5907431E-001
2.90975	1.9228172E-001
2.91125	1.1802912E-001
2.91275	1.4340019E-001
2.91425	1.9583988E-001
2.91575	2.0416832E-001
2.91725	2.3449564E-001
2.91875	2.8466892E-001
2.92025	4.0074539E-001
2.92175	4.3286514E-001
2.92325	3.7852764E-001
2.92475	2.8413486E-001
2.92625	2.5832605E-001
2.92775	2.0152092E-001
2.92925	1.6910696E-001
2.93075	1.3853645E-001
2.93225	1.3383722E-001
2.93375	1.3286114E-001
2.93525	1.8655062E-001
2.93675	1.7934799E-001
2.93825	1.8117952E-001
2.93975	1.9216824E-001
2.94125	1.9857311E-001
2.94275	2.2838163E-001
2.94425	1.9588995E-001
2.94575	2.1473932E-001
2.94725	2.4143267E-001
2.94875	2.1913099E-001
2.95025	2.1080589E-001
2.95175	1.9361782E-001
2.95325	2.7565241E-001
2.95475	3.2534027E-001
2.95625	2.8066492E-001
2.95775	3.6517286E-001
2.95925	4.2786074E-001
2.96075	4.2368507E-001
2.96225	3.5285044E-001
2.96375	4.1580486E-001
2.96525	3.9124918E-001
2.96675	4.6230984E-001
2.96825	4.0458012E-001
2.96975	3.9135218E-001
2.97125	4.5909023E-001
2.97275	4.2213535E-001
2.97425	3.9283228E-001
2.97575	3.0847311E-001
2.97725	3.2013416E-001
2.97875	2.9762125E-001
2.98025	2.4970627E-001
2.98175	2.0604563E-001
2.98325	2.2315693E-001
2.98475	2.0700788E-001
2.98625	1.7830849E-001
2.98775	2.0477915E-001
2.98925	1.7692566E-001
2.99075	2.1096849E-001
2.99225	2.2087479E-001
2.99375	2.7699327E-001
2.99525	2.7220917E-001
2.99675	3.1101847E-001
2.99825	3.6379766E-001
2.99975	3.4443140E-001
3.00125	3.3621693E-001
3.00275	3.6588430E-001
3.00425	3.5128212E-001
3.00575	4.0674782E-001
3.00725	3.0895472E-001
3.00875	2.8749371E-001
3.01025	2.0870876E-001
3.01175	2.0950079E-001
3.01325	2.1100140E-001
3.01475	1.7168093E-001
3.01625	1.8571758E-001
3.01775	1.6506243E-001
3.01925	1.6785288E-001
3.02075	1.2381268E-001
3.02225	1.3225651E-001
3.02375	1.0300398E-001
3.02525	9.6058369E-002
3.02675	1.1475754E-001
3.02825	2.1390486E-001
3.02975	2.3251820E-001
3.03125	2.7278662E-001
3.03275	2.7307367E-001
3.03425	3.0981541E-001
3.03575	3.3844662E-001
3.03725	2.9947233E-001
3.03875	4.2621469E-001
3.04025	5.1438475E-001
3.04175	5.3600597E-001
3.04325	5.0274849E-001
3.04475	5.1838541E-001
3.04625	4.5863104E-001
3.04775	3.4579897E-001
3.04925	1.8695879E-001
3.05075	1.8220949E-001
3.05225	2.0786476E-001
3.05375	1.2832689E-001
3.05525	1.3463020E-001
3.05675	1.7166948E-001
3.05825	2.6064634E-001
3.05975	2.5982046E-001
3.06125	2.4971676E-001
3.06275	2.5899982E-001
3.06425	3.1514454E-001
3.06575	2.7723503E-001
3.06725	2.3682213E-001
3.06875	2.7227497E-001
3.07025	2.5950670E-001
3.07175	3.2223225E-001
3.07325	2.6836443E-001
3.07475	4.0594816E-001
3.07625	3.9150476E-001
3.07775	4.1576529E-001
3.07925	4.4020987E-001
3.08075	3.7332869E-001
3.08225	3.4814882E-001
3.08375	3.6770964E-001
3.08525	3.6206198E-001
3.08675	3.5617065E-001
3.08825	3.3864975E-001
3.08975	3.4019804E-001
3.09125	3.1651258E-001
3.09275	2.4697495E-001
3.09425	2.9192829E-001
3.09575	2.6028967E-001
3.09725	2.6232767E-001
3.09875	2.3428297E-001
3.10025	2.3178196E-001
3.10175	2.5401306E-001
3.10325	1.7393064E-001
3.10475	1.6552210E-001
3.10625	1.7564392E-001
3.10775	2.1584511E-001
3.10925	2.2385311E-001
3.11075	2.3689318E-001
3.11225	3.1736994E-001
3.11375	3.5323811E-001
3.11525	4.4042540E-001
3.11675	4.5333195E-001
3.11825	4.5782661E-001
3.11975	5.1159763E-001
3.12125	5.8182478E-001
3.12275	5.6127787E-001
3.12425	4.5464849E-001
3.12575	3.9514494E-001
3.12725	4.1249228E-001
3.12875	3.1594992E-001
3.13025	1.9490910E-001
3.13175	1.2303782E-001
3.13325	1.2948847E-001
3.13475	1.1250734E-001
3.13625	1.1092281E-001
3.13775	1.7500401E-001
3.13925	1.8325996E-001
3.14075	2.0486784E-001
3.14225	2.1384954E-001
3.14375	2.5235081E-001
3.14525	2.4116230E-001
3.14675	2.0352077E-001
3.14825	2.1240520E-001
3.14975	2.2284555E-001
3.15125	2.2389889E-001
3.15275	2.4388313E-001
3.15425	3.0482769E-001
3.15575	3.9663649E-001
3.15725	4.5217896E-001
3.15875	5.5111647E-001
3.16025	5.4583645E-001
3.16175	5.2914095E-001
3.16325	4.7953224E-001
3.16475	4.3481588E-001
3.16625	3.8202095E-001
3.16775	3.0717373E-001
3.16925	2.8061628E-001
3.17075	2.5375938E-001
3.17225	1.9757462E-001
3.17375	1.6322327E-001
3.17525	1.8562746E-001
3.17675	1.8037081E-001
3.17825	2.0562029E-001
3.17975	1.9746780E-001
3.18125	2.0072222E-001
3.18275	1.8472004E-001
3.18425	2.1184731E-001
3.18575	2.4797964E-001
3.18725	2.3832321E-001
3.18875	2.6427841E-001
3.19025	2.9159021E-001
3.19175	3.4266567E-001
3.19325	3.2419348E-001
3.19475	3.1462097E-001
3.19625	3.7199545E-001
3.19775	4.2484999E-001
3.19925	4.4637680E-001
3.20075	4.3731499E-001
3.20225	3.8140726E-001
3.20375	3.1025171E-001
3.20525	2.1743155E-001
3.20675	1.2893820E-001
3.20825	8.9803696E-002
3.20975	4.1462421E-002
3.21125	1.2073994E-002
3.21275	-5.7168007E-003
3.21425	-2.1467924E-002
3.21575	-2.5664330E-002
3.21725	-3.3416748E-002
3.21875	-3.7561893E-002
3.22025	-4.0127754E-002
3.22175	-5.9540033E-002
3.22325	-5.1343679E-002
3.22475	-4.1630983E-002
3.22625	-4.8477411E-002
3.22775	-5.1239252E-002
3.22925	-4.7438145E-002
3.23075	-3.0421019E-002
3.23225	-4.2360306E-002
3.23375	-5.3921938E-002
3.23525	-4.6065807E-002
3.23675	-4.0958881E-002
3.23825	-3.8977385E-002
3.23975	-4.0733814E-002
3.24125	-3.1499863E-002
3.24275	-2.6121378E-002
3.24425	-2.3859501E-002
3.24575	-3.0651569E-002
3.24725	-3.1231642E-002
3.24875	-3.1096458E-002
3.25025	-2.6629448E-002
3.25175	-1.1511087E-002
3.25325	-1.1863470E-002
3.25475	1.2126207E-002
3.25625	2.1015644E-002
3.25775	2.6082277E-002
3.25925	3.6134720E-002
3.26075	2.8618336E-002
3.26225	4.8689604E-002
3.26375	4.0368557E-002
3.26525	5.8088303E-002
3.26675	7.7869177E-002
3.26825	9.2595577E-002
3.26975	1.2479067E-001
3.27125	1.3626814E-001
3.27275	2.0305920E-001
3.27425	2.5105238E-001
3.27575	3.1649590E-001
3.27725	3.6920691E-001
3.27875	4.2086411E-001
3.28025	4.9936104E-001
3.28175	4.8989773E-001
3.28325	4.0784264E-001
3.28475	3.4435558E-001
3.28625	2.5634050E-001
3.28775	9.9061489E-002
3.28925	-5.1153660E-002
3.29075	-1.7377567E-001
3.29225	-1.7277622E-001
3.29375	-2.7714920E-001
3.29525	-2.9189253E-001
3.29675	-2.0215130E-001
3.29825	-1.9932604E-001
3.29975	-1.1275911E-001
3.30125	-1.1828375E-001
3.30275	-5.4815292E-002
3.30425	-1.6231537E-002
3.30575	-5.3862095E-002
3.30725	4.8837662E-003
3.30875	-6.4242840E-002
3.31025	-1.0859871E-001
3.31175	-1.2010479E-001
3.31325	-1.7284060E-001
3.31475	-6.4806938E-003
3.31625	-7.6940536E-002
3.31775	1.4404297E-002
3.31925	1.8508577E-001
3.32075	1.8778133E-001
3.32225	2.5120020E-001
3.32375	1.9268703E-001
3.32525	2.8647423E-001
3.32675	2.9330397E-001
3.32825	2.1811342E-001
3.32975	2.0917177E-001
3.33125	1.3445902E-001
3.33275	1.3117504E-001
3.33425	1.1235094E-001
3.33575	6.1928272E-002
3.33725	1.9812584E-002
3.33875	-6.2266827E-002
3.34025	-9.0710163E-002
3.34175	-1.1159658E-001
3.34325	-2.7145958E-001
3.34475	-2.4638271E-001
3.34625	-2.1283436E-001
3.34775	-1.3007545E-001
3.34925	-4.4211388E-002
3.35075	-2.8972626E-002
3.35225	2.6472092E-002
3.35375	1.1887836E-001
3.35525	2.0386600E-001
3.35675	2.4653482E-001
3.35825	3.9617682E-001
3.35975	3.9306164E-001
3.36125	4.0729094E-001
3.36275	4.1405630E-001
3.36425	3.8669395E-001
3.36575	4.1011524E-001
3.36725	3.1040621E-001
3.36875	3.8636303E-001
3.37025	3.9434433E-001
3.37175	3.9784622E-001
3.37325	3.7529230E-001
3.37475	3.2875681E-001
3.37625	2.8361559E-001
3.37775	1.7927456E-001
3.37925	1.3625050E-001
3.38075	5.5406094E-002
3.38225	1.4704704E-002
3.38375	-2.5118351E-002
3.38525	-6.6506386E-002
3.38675	6.3011169E-002
3.38825	1.3101721E-001
3.38975	1.0733938E-001
3.39125	2.1453857E-001
3.39275	2.3122263E-001
3.39425	2.4394846E-001
3.39575	1.6569757E-001
3.39725	1.2025595E-001
3.39875	1.2362337E-001
3.40025	5.1259995E-004
3.40175	1.4257431E-003
3.40325	6.8793297E-002
3.40475	6.8971634E-002
3.40625	6.9041729E-002
3.40775	6.9067001E-002
3.40925	1.2706709E-001
3.41075	1.2706995E-001
3.41225	6.9078445E-002
3.41375	6.9078922E-002
3.41525	6.9078922E-002
3.41675	6.9078922E-002
3.41825	2.1324158E-003
3.41975	2.1324158E-003
3.42125	2.1324158E-003
3.42275	2.1324158E-003
3.42425	1.7822361E-001
3.42575	1.7822361E-001
3.42725	1.7822361E-001
3.42875	1.7822361E-001
3.43025	2.2398090E-001
3.43175	2.6537371E-001
3.43325	1.2707090E-001
3.43475	1.2707090E-001
3.43625	2.2398090E-001
3.43775	2.6537371E-001
3.43925	2.6537371E-001
3.44075	2.6537371E-001
3.44225	2.6537371E-001
3.44375	3.3792448E-001
3.44525	2.6537371E-001
3.44675	2.6537371E-001
3.44825	2.2398090E-001
3.44975	1.7822361E-001
3.45125	1.7822361E-001
3.45275	6.9078922E-002
3.45425	6.9078922E-002
3.45575	2.1324158E-003
3.45725	2.1324158E-003
3.45875	2.1324158E-003
3.46025	2.1324158E-003
3.46175	6.9078922E-002
3.46325	6.9078922E-002
3.46475	6.9078922E-002
3.46625	1.7822361E-001
3.46775	1.7822361E-001
3.46925	1.7822361E-001
3.47075	1.2707090E-001
3.47225	1.2707090E-001
3.47375	1.2707090E-001
3.47525	6.9078922E-002
3.47675	1.7822361E-001
3.47825	1.7822361E-001
3.47975	1.7822361E-001
3.48125	1.7822361E-001
3.48275	1.7822361E-001
3.48425	1.2707090E-001
3.48575	6.9078922E-002
3.48725	6.9078922E-002
3.48875	6.9078922E-002
3.49025	6.9078922E-002
3.49175	2.2398090E-001
3.49325	2.2398090E-001
3.49475	1.7822361E-001
3.49625	1.7822361E-001
3.49775	1.7822361E-001
3.49925	2.2398090E-001
3.50075	6.9078922E-002
3.50225	6.9078922E-002
3.50375	6.9078922E-002
3.50525	6.9078922E-002
3.50675	6.9078922E-002
3.50825	2.1324158E-003
3.50975	2.1324158E-003
3.51125	2.1324158E-003
3.51275	2.1324158E-003
3.51425	2.1324158E-003
3.51575	6.9078922E-002
3.51725	1.2707090E-001
3.51875	1.2707090E-001
3.52025	1.2707090E-001
3.52175	1.7822361E-001
3.52325	1.7822361E-001
3.52475	1.7822361E-001
3.52625	1.2707090E-001
3.52775	1.2707090E-001
3.52925	1.2707090E-001
3.53075	1.2707090E-001
3.53225	1.2707090E-001
3.53375	6.9078922E-002
3.53525	6.9078922E-002
3.53675	6.9078922E-002
3.53825	6.9078922E-002
3.53975	6.9078922E-002
3.54125	1.2707090E-001
3.54275	1.2707090E-001
3.54425	1.2707090E-001
3.54575	1.2707090E-001
3.54725	1.2707090E-001
3.54875	6.9078922E-002
3.55025	2.1324158E-003
3.55175	2.1324158E-003
3.55325	2.1324158E-003
3.55475	2.1324158E-003
3.55625	2.1324158E-003
3.55775	2.1324158E-003
3.55925	1.2707090E-001
3.56075	1.2707090E-001
3.56225	1.2707090E-001
3.56375	1.2707090E-001
3.56525	1.2707090E-001
3.56675	1.2707090E-001
3.56825	2.1324158E-003
3.56975	2.1324158E-003
3.57125	2.1324158E-003
3.57275	2.1324158E-003
3.57425	2.1324158E-003
3.57575	2.1324158E-003
3.57725	6.9078922E-002
3.57875	6.9078922E-002
3.58025	6.9078922E-002
3.58175	6.9078922E-002
3.58325	6.9078922E-002
3.58475	6.9078922E-002
3.58625	2.1324158E-003
3.58775	2.1324158E-003
3.58925	2.1324158E-003
3.59075	2.1324158E-003
3.59225	2.1324158E-003
3.59375	2.1324158E-003
3.59525	2.1324158E-003
3.59675	2.1324158E-003
3.59825	2.1324158E-003
3.59975	2.1324158E-003
3.60125	2.1324158E-003
3.60275	2.1324158E-003
3.60425	2.1324158E-003
3.60575	2.1324158E-003
3.60725	2.1324158E-003
3.60875	6.9078922E-002
3.61025	6.9078922E-002
3.61175	6.9078922E-002
3.61325	6.9078922E-002
3.61475	1.7822361E-001
3.61625	2.6537371E-001
3.61775	2.2398090E-001
3.61925	2.6537371E-001
3.62075	2.6537371E-001
3.62225	2.6537371E-001
3.62375	1.7822361E-001
3.62525	6.9078922E-002
3.62675	1.2707090E-001
3.62825	1.2707090E-001
3.62975	1.7822361E-001
3.63125	1.7822361E-001
3.63275	1.7822361E-001
3.63425	1.7822361E-001
3.63575	1.2707090E-001
3.63725	6.9078922E-002
3.63875	2.1324158E-003
3.64025	6.9078922E-002
3.64175	1.2707090E-001
3.64325	1.2707090E-001
3.64475	1.2707090E-001
3.64625	1.2707090E-001
3.64775	1.2707090E-001
3.64925	1.2707090E-001
3.65075	1.2707090E-001
3.65225	1.2707090E-001
3.65375	1.7822361E-001
3.65525	1.7822361E-001
3.65675	1.7822361E-001
3.65825	1.2707090E-001
3.65975	6.9078922E-002
3.66125	1.7822361E-001
3.66275	1.7822361E-001
3.66425	1.7822361E-001
3.66575	1.7822361E-001
3.66725	1.7822361E-001
3.66875	1.7822361E-001
3.67025	6.9078922E-002
3.67175	2.1324158E-003
3.67325	2.1324158E-003
3.67475	2.1324158E-003
3.67625	2.1324158E-003
3.67775	2.1324158E-003
3.67925	6.9078922E-002
3.68075	6.9078922E-002
3.68225	6.9078922E-002
3.68375	6.9078922E-002
3.68525	1.7822361E-001
3.68675	1.7822361E-001
3.68825	1.2707090E-001
3.68975	1.2707090E-001
3.69125	1.2707090E-001
3.69275	1.2707090E-001
3.69425	6.9078922E-002
3.69575	6.9078922E-002
3.69725	6.9078922E-002
3.69875	6.9078922E-002
3.70025	6.9078922E-002
3.70175	6.9078922E-002
3.70325	1.2707090E-001
3.70475	1.2707090E-001
3.70625	1.2707090E-001
3.70775	1.2707090E-001
3.70925	1.2707090E-001
3.71075	1.2707090E-001
3.71225	2.1324158E-003
3.71375	2.1324158E-003
3.71525	2.1324158E-003
3.71675	2.1324158E-003
3.71825	2.1324158E-003
3.71975	2.1324158E-003
3.72125	2.1324158E-003
3.72275	2.1324158E-003
3.72425	6.9078922E-002
3.72575	6.9078922E-002
3.72725	6.9078922E-002
3.72875	6.9078922E-002
3.73025	6.9078922E-002
3.73175	6.9078922E-002
3.73325	2.1324158E-003
3.73475	2.1324158E-003
3.73625	2.1324158E-003
3.73775	2.1324158E-003
3.73925	2.1324158E-003
3.74075	2.1324158E-003
3.74225	2.1324158E-003
3.74375	2.1324158E-003
3.74525	2.1324158E-003
3.74675	6.9078922E-002
3.74825	6.9078922E-002
3.74975	6.9078922E-002
3.75125	6.9078922E-002
3.75275	6.9078922E-002
3.75425	6.9078922E-002
3.75575	2.1324158E-003
3.75725	6.9078922E-002
3.75875	6.9078922E-002
3.76025	6.9078922E-002
3.76175	6.9078922E-002
3.76325	6.9078922E-002
3.76475	6.9078922E-002
3.76625	2.1324158E-003
3.76775	2.1324158E-003
3.76925	2.1324158E-003
3.77075	2.1324158E-003
3.77225	2.1324158E-003
3.77375	6.9078922E-002
3.77525	6.9078922E-002
3.77675	6.9078922E-002
3.77825	6.9078922E-002
3.77975	6.9078922E-002
3.78125	6.9078922E-002
3.78275	6.9078922E-002
3.78425	1.7822361E-001
3.78575	2.2398090E-001
3.78725	2.6537371E-001
3.78875	2.6537371E-001
3.79025	2.6537371E-001
3.79175	3.3792448E-001
3.79325	2.6537371E-001
3.79475	2.2398090E-001
3.79625	1.7822361E-001
3.79775	1.7822361E-001
3.79925	1.7822361E-001
3.80075	2.1324158E-003
3.80225	2.1324158E-003
3.80375	2.1324158E-003
3.80525	2.1324158E-003
3.80675	2.1324158E-003
3.80825	2.1324158E-003
3.80975	2.1324158E-003
3.81125	2.1324158E-003
3.81275	2.1324158E-003
3.81425	2.1324158E-003
3.81575	6.9078922E-002
3.81725	6.9078922E-002
3.81875	6.9078922E-002
3.82025	6.9078922E-002
3.82175	6.9078922E-002
3.82325	6.9078922E-002
3.82475	2.1324158E-003
3.82625	2.1324158E-003
3.82775	2.1324158E-003
3.82925	2.1324158E-003
3.83075	2.1324158E-003
3.83225	6.9078922E-002
3.83375	1.7822361E-001
3.83525	1.7822361E-001
3.83675	1.7822361E-001
3.83825	1.7822361E-001
3.83975	1.7822361E-001
3.84125	2.2398090E-001
3.84275	1.2707090E-001
3.84425	1.2707090E-001
3.84575	1.2707090E-001
3.84725	1.2707090E-001
3.84875	1.2707090E-001
3.85025	1.2707090E-001
3.85175	1.7822361E-001
3.85325	1.7822361E-001
3.85475	1.7822361E-001
3.85625	1.7822361E-001
3.85775	2.2398090E-001
3.85925	1.2707090E-001
3.86075	6.9078922E-002
3.86225	1.2707090E-001
3.86375	1.7822361E-001
3.86525	1.7822361E-001
3.86675	1.7822361E-001
3.86825	1.7822361E-001
3.86975	1.7822361E-001
3.87125	1.2707090E-001
3.87275	6.9078922E-002
3.87425	6.9078922E-002
3.87575	1.2707090E-001
3.87725	1.7822361E-001
3.87875	1.7822361E-001
3.88025	1.7822361E-001
3.88175	1.7822361E-001
3.88325	2.2398090E-001
3.88475	1.2707090E-001
3.88625	6.9078922E-002
3.88775	6.9078922E-002
3.88925	6.9078922E-002
3.89075	1.7822361E-001
3.89225	1.2707090E-001
3.89375	1.2707090E-001
3.89525	1.2707090E-001
3.89675	1.2707090E-001
3.89825	2.6537371E-001
3.89975	2.6537371E-001
3.90125	2.6537371E-001
3.90275	2.6537371E-001
3.90425	3.0316210E-001
3.90575	3.0316210E-001
3.90725	1.7822361E-001
3.90875	6.9078922E-002
3.91025	6.9078922E-002
3.91175	1.2707090E-001
3.91325	6.9078922E-002
3.91475	6.9078922E-002
3.91625	6.9078922E-002
3.91775	6.9078922E-002
3.91925	2.6537371E-001
3.92075	2.2398090E-001
3.92225	2.2398043E-001
3.92375	2.2397995E-001
3.92525	2.2397804E-001
3.92675	2.6536465E-001
3.92825	6.9053173E-002
3.92975	2.2391415E-001
3.93125	2.2382021E-001
3.93275	2.6501656E-001
3.93425	3.6937761E-001
3.93575	3.6872435E-001
3.93725	3.9765167E-001
3.93875	3.9616346E-001
3.94025	4.2226887E-001
3.94175	3.9202785E-001
3.94325	2.9290152E-001
3.94475	2.5326347E-001
3.94625	2.5214148E-001
3.94775	1.1368275E-001
3.94925	1.1452723E-001
3.95075	1.1619186E-001
3.95225	2.9443312E-001
3.95375	2.9668570E-001
3.95525	2.9872036E-001
3.95675	3.0034161E-001
3.95825	3.0148411E-001
3.95975	3.3692837E-001
3.96125	3.6935663E-001
3.96275	3.6909533E-001
3.96425	3.3588076E-001
3.96575	3.6569405E-001
3.96725	3.6099195E-001
3.96875	4.1052341E-001
3.97025	2.3386002E-001
3.97175	2.5063372E-001
3.97325	2.2164488E-001
3.97475	2.1977758E-001
3.97625	2.6737833E-001
3.97775	2.2155523E-001
3.97925	2.2669935E-001
3.98075	2.2910357E-001
3.98225	2.3207903E-001
3.98375	2.5576496E-001
3.98525	2.6504803E-001
3.98675	2.8034019E-001
3.98825	3.1619692E-001
3.98975	3.5733891E-001
3.99125	4.2679071E-001
3.99275	4.2511845E-001
3.99425	4.0612841E-001
3.99575	4.0305138E-001
3.99725	4.1702604E-001
3.99875	3.6215973E-001
4.00025	3.4550095E-001
4.00175	3.1067228E-001
4.00325	3.0360794E-001
4.00475	2.3989058E-001
4.00625	1.3631105E-001
4.00775	1.9340467E-001
4.00925	1.5130138E-001
4.01075	6.5296173E-002
4.01225	5.0081253E-002
4.01375	6.3896179E-005
4.01525	8.2583427E-003
4.01675	5.8207512E-003
4.01825	-1.6854286E-002
4.01975	-4.3089867E-002
4.02125	-1.1328650E-001
4.02275	-1.1789131E-001
4.02425	-1.5044403E-001
4.02575	-1.5686607E-001
4.02725	-2.0106697E-001
4.02875	-1.6378307E-001
4.03025	-1.0521221E-001
4.03175	-1.0262871E-001
4.03325	-1.0181332E-001
4.03475	-1.1677027E-001
4.03625	-1.1989546E-001
4.03775	-1.2231159E-001
4.03925	-1.5879250E-001
4.04075	-1.6744614E-001
4.04225	-1.7443800E-001
4.04375	-1.7393827E-001
4.04525	-1.6997862E-001
4.04675	-1.6627073E-001
4.04825	-1.1710119E-001
4.04975	-9.8598003E-002
4.05125	-6.4443588E-002
4.05275	-6.4036369E-002
4.05425	-2.6082993E-002
4.05575	-3.8224697E-002
4.05725	-6.5041065E-002
4.05875	-5.8908463E-002
4.06025	-6.6147804E-002
4.06175	-2.2898197E-002
4.06325	-4.3097973E-002
4.06475	-1.1105061E-002
4.06625	2.0232201E-003
4.06775	2.8513432E-002
4.06925	2.9659748E-002
4.07075	4.2197704E-002
4.07225	7.8539371E-002
4.07375	1.1814785E-001
4.07525	1.6055822E-001
4.07675	1.6855669E-001
4.07825	2.4882460E-001
4.07975	2.4770737E-001
4.08125	2.6792908E-001
4.08275	3.2714081E-001
4.08425	3.8511133E-001
4.08575	4.0423107E-001
4.08725	3.6178446E-001
4.08875	4.2460251E-001
4.09025	4.3604040E-001
4.09175	3.0415583E-001
4.09325	2.1484804E-001
4.09475	1.4162350E-001
4.09625	2.4836540E-002
4.09775	-1.5601301E-001
4.09925	-1.9349384E-001
4.10075	-2.2375250E-001
4.10225	-2.4554205E-001
4.10375	-1.1994505E-001
4.10525	-8.5577011E-002
4.10675	-4.5016289E-002
4.10825	-6.5029144E-002
4.10975	-7.0490837E-003
4.11125	2.3858547E-002
4.11275	-5.2696705E-002
4.11425	-5.6362629E-002
4.11575	-1.2111664E-001
4.11725	-7.7335835E-002
4.11875	-1.0413218E-001
4.12025	-7.0132256E-002
4.12175	-4.3702602E-002
4.12325	-2.4906158E-002
4.12475	-1.2683868E-002
4.12625	-5.4054260E-003
4.12775	6.5519333E-002
4.12925	6.7519188E-002
4.13075	6.8445206E-002
4.13225	6.8840027E-002
4.13375	6.8995476E-002
4.13525	6.9052219E-002
4.13675	2.1243095E-003
4.13825	2.1300316E-003
4.13975	2.1319389E-003
4.14125	2.1324158E-003
4.14275	2.1324158E-003
4.14425	2.1324158E-003
4.14575	2.1324158E-003
4.14725	6.9078922E-002
4.14875	1.2707090E-001
4.15025	1.2707090E-001
4.15175	1.2707090E-001
4.15325	1.2707090E-001
4.15475	1.7822361E-001
4.15625	1.2707090E-001
4.15775	1.2707090E-001
4.15925	1.2707090E-001
4.16075	1.2707090E-001
4.16225	1.2707090E-001
4.16375	1.2707090E-001
4.16525	1.2707090E-001
4.16675	6.9078922E-002
4.16825	6.9078922E-002
4.16975	6.9078922E-002
4.17125	6.9078922E-002
4.17275	2.1324158E-003
4.17425	2.1324158E-003
4.17575	2.1324158E-003
4.17725	2.1324158E-003
4.17875	2.1324158E-003
4.18025	2.1324158E-003
4.18175	2.1324158E-003
4.18325	2.1324158E-003
4.18475	2.1324158E-003
4.18625	2.1324158E-003
4.18775	2.1324158E-003
4.18925	2.1324158E-003
4.19075	2.1324158E-003
4.19225	2.1324158E-003
4.19375	2.1324158E-003
4.19525	2.1324158E-003
4.19675	2.1324158E-003
4.19825	2.1324158E-003
4.19975	2.1324158E-003
4.20125	2.1324158E-003
4.20275	2.1324158E-003
4.20425	2.1324158E-003
4.20575	2.1324158E-003
4.20725	6.9078922E-002
4.20875	6.9078922E-002
4.21025	6.9078922E-002
4.21175	6.9078922E-002
4.21325	6.9078922E-002
4.21475	6.9078922E-002
4.21625	2.1324158E-003
4.21775	2.1324158E-003
4.21925	2.1324158E-003
4.22075	2.1324158E-003
4.22225	2.1324158E-003
4.22375	2.1324158E-003
4.22525	2.1324158E-003
4.22675	2.1324158E-003
4.22825	2.1324158E-003
4.22975	2.1324158E-003
4.23125	2.1324158E-003
4.23275	2.1324158E-003
4.23425	2.1324158E-003
4.23575	2.1324158E-003
4.23725	2.1324158E-003
4.23875	2.1324158E-003
4.24025	2.1324158E-003
4.24175	2.1324158E-003
4.24325	6.9078922E-002
4.24475	6.9078922E-002
4.24625	6.9078922E-002
4.24775	6.9078922E-002
4.24925	1.2707090E-001
4.25075	1.2707090E-001
4.25225	6.9078922E-002
4.25375	6.9078922E-002
4.25525	6.9078922E-002
4.25675	6.9078922E-002
4.25825	2.1324158E-003
4.25975	2.1324158E-003
4.26125	2.1324158E-003
4.26275	2.1324158E-003
4.26425	2.1324158E-003
4.26575	2.1324158E-003
4.26725	2.1324158E-003
4.26875	2.1324158E-003
4.27025	2.1324158E-003
4.27175	2.1324158E-003
4.27325	2.1324158E-003
4.27475	6.9078922E-002
4.27625	6.9078922E-002
4.27775	6.9078922E-002
4.27925	6.9078922E-002
4.28075	6.9078922E-002
4.28225	6.9078922E-002
4.28375	2.1324158E-003
4.28525	2.1324158E-003
4.28675	6.9078922E-002
4.28825	6.9078922E-002
4.28975	6.9078922E-002
4.29125	6.9078922E-002
4.29275	6.9078922E-002
4.29425	6.9078922E-002
4.29575	2.1324158E-003
4.29725	2.1324158E-003
4.29875	2.1324158E-003
4.30025	2.1324158E-003
4.30175	2.1324158E-003
4.30325	2.1324158E-003
4.30475	2.1324158E-003
4.30625	2.1324158E-003
4.30775	2.1324158E-003
4.30925	1.2707090E-001
4.31075	1.2707090E-001
4.31225	1.2707090E-001
4.31375	1.2707090E-001
4.31525	1.2707090E-001
4.31675	1.2707090E-001
4.31825	2.1324158E-003
4.31975	2.1324158E-003
4.32125	2.1324158E-003
4.32275	2.1324158E-003
4.32425	2.1324158E-003
4.32575	2.1324158E-003
4.32725	6.9078922E-002
4.32875	6.9078922E-002
4.33025	6.9078922E-002
4.33175	1.7822361E-001
4.33325	1.7822361E-001
4.33475	1.7822361E-001
4.33625	1.2707090E-001
4.33775	1.7822361E-001
4.33925	2.2398090E-001
4.34075	1.2707090E-001
4.34225	1.2707090E-001
4.34375	1.2707090E-001
4.34525	1.7822361E-001
4.34675	1.2707090E-001
4.34825	6.9078922E-002
4.34975	6.9078922E-002
4.35125	6.9078922E-002
4.35275	6.9078922E-002
4.35425	2.1324158E-003
4.35575	2.1324158E-003
4.35725	2.1324158E-003
4.35875	2.1324158E-003
4.36025	2.1324158E-003
4.36175	2.1324158E-003
4.36325	6.9078922E-002
4.36475	6.9078922E-002
4.36625	6.9078922E-002
4.36775	6.9078922E-002
4.36925	6.9078922E-002
4.37075	6.9078922E-002
4.37225	2.1324158E-003
4.37375	2.1324158E-003
4.37525	2.1324158E-003
4.37675	2.1324158E-003
4.37825	2.1324158E-003
4.37975	2.1324158E-003
4.38125	2.1324158E-003
4.38275	2.1324158E-003
4.38425	2.1324158E-003
4.38575	2.1324158E-003
4.38725	6.9078922E-002
4.38875	6.9078922E-002
4.39025	6.9078922E-002
4.39175	6.9078922E-002
4.39325	6.9078922E-002
4.39475	6.9078922E-002
4.39625	2.1324158E-003
4.39775	2.1324158E-003
4.39925	1.2707090E-001
4.40075	1.2707090E-001
4.40225	1.2707090E-001
4.40375	1.2707090E-001
4.40525	1.7822361E-001
4.40675	1.7822361E-001
4.40825	6.9078922E-002
4.40975	6.9078922E-002
4.41125	6.9078922E-002
4.41275	6.9078922E-002
4.41425	2.1324158E-003
4.41575	2.1324158E-003
4.41725	6.9078922E-002
4.41875	6.9078922E-002
4.42025	6.9078922E-002
4.42175	6.9078922E-002
4.42325	6.9078922E-002
4.42475	6.9078922E-002
4.42625	2.1324158E-003
4.42775	2.1324158E-003
4.42925	2.1324158E-003
4.43075	2.1324158E-003
4.43225	2.1324158E-003
4.43375	2.1324158E-003
4.43525	2.1324158E-003
4.43675	2.1324158E-003
4.43825	2.1324158E-003
4.43975	2.1324158E-003
4.44125	2.1324158E-003
4.44275	2.1324158E-003
4.44425	2.1324158E-003
4.44575	2.1324158E-003
4.44725	2.1324158E-003
4.44875	2.1324158E-003
4.45025	2.1324158E-003
4.45175	2.1324158E-003
4.45325	2.1324158E-003
4.45475	2.1324158E-003
4.45625	2.1324158E-003
4.45775	2.1324158E-003
4.45925	6.9078922E-002
4.46075	1.7822361E-001
4.46225	1.7822361E-001
4.46375	1.7822361E-001
4.46525	1.7822361E-001
4.46675	1.7822361E-001
4.46825	1.2707090E-001
4.46975	6.9078922E-002
4.47125	1.2707090E-001
4.47275	1.2707090E-001
4.47425	1.2707090E-001
4.47575	1.2707090E-001
4.47725	1.2707090E-001
4.47875	6.9078922E-002
4.48025	2.1324158E-003
4.48175	2.1324158E-003
4.48325	2.1324158E-003
4.48475	2.1324158E-003
4.48625	2.1324158E-003
4.48775	6.9078922E-002
4.48925	6.9078922E-002
4.49075	6.9078922E-002
4.49225	6.9078922E-002
4.49375	1.2707090E-001
4.49525	1.2707090E-001
4.49675	6.9078922E-002
4.49825	6.9078922E-002
4.49975	6.9078922E-002
4.50125	6.9078922E-002
4.50275	2.1324158E-003
4.50425	2.1324158E-003
4.50575	2.1324158E-003
4.50725	2.1324158E-003
4.50875	2.1324158E-003
4.51025	2.1324158E-003
4.51175	2.1324158E-003
4.51325	2.1324158E-003
4.51475	2.1324158E-003
4.51625	2.1324158E-003
4.51775	2.1324158E-003
4.51925	2.1324158E-003
4.52075	2.1324158E-003
4.52225	2.1324158E-003
4.52375	2.1324158E-003
4.52525	2.1324158E-003
4.52675	2.1324158E-003
4.52825	2.1324158E-003
4.52975	2.1324158E-003
4.53125	2.1324158E-003
4.53275	2.1324158E-003
4.53425	2.1324158E-003
4.53575	2.1324158E-003
4.53725	2.1324158E-003
4.53875	2.1324158E-003
4.54025	2.1324158E-003
4.54175	2.1324158E-003
4.54325	2.1324158E-003
4.54475	2.1324158E-003
4.54625	2.1324158E-003
4.54775	2.1324158E-003
4.54925	2.1324158E-003
4.55075	2.1324158E-003
4.55225	2.1324158E-003
4.55375	2.1324158E-003
4.55525	2.1324158E-003
4.55675	2.1324158E-003
4.55825	2.1324158E-003
4.55975	2.1324158E-003
4.56125	2.1324158E-003
4.56275	2.1324158E-003
4.56425	2.1324158E-003
4.56575	2.1324158E-003
4.56725	2.1324158E-003
4.56875	2.1324158E-003
4.57025	2.1324158E-003
4.57175	2.1324158E-003
4.57325	6.9078922E-002
4.57475	6.9078922E-002
4.57625	6.9078922E-002
4.57775	1.2707090E-001
4.57925	1.2707090E-001
4.58075	1.2707090E-001
4.58225	6.9078922E-002
4.58375	6.9078922E-002
4.58525	6.9078922E-002
4.58675	2.1324158E-003
4.58825	2.1324158E-003
4.58975	6.9078922E-002
4.59125	6.9078922E-002
4.59275	6.9078922E-002
4.59425	6.9078922E-002
4.59575	6.9078922E-002
4.59725	6.9078922E-002
4.59875	2.1324158E-003
4.60025	2.1324158E-003
4.60175	2.1324158E-003
4.60325	2.1324158E-003
4.60475	2.1324158E-003
4.60625	2.1324158E-003
4.60775	6.9078922E-002
4.60925	6.9078922E-002
4.61075	6.9078922E-002
4.61225	6.9078922E-002
4.61375	6.9078922E-002
4.61525	6.9078922E-002
4.61675	2.1324158E-003
4.61825	2.1324158E-003
4.61975	2.1324158E-003
4.62125	2.1324158E-003
4.62275	6.9078922E-002
4.62425	6.9078922E-002
4.62575	6.9078922E-002
4.62725	6.9078922E-002
4.62875	6.9078922E-002
4.63025	6.9078922E-002
4.63175	2.1324158E-003
4.63325	2.1324158E-003
4.63475	2.1324158E-003
4.63625	2.1324158E-003
4.63775	2.1324158E-003
4.63925	2.1324158E-003
4.64075	6.9078922E-002
4.64225	6.9078922E-002
4.64375	6.9078922E-002
4.64525	6.9078922E-002
4.64675	6.9078922E-002
4.64825	6.9078922E-002
4.64975	2.1324158E-003
4.65125	2.1324158E-003
4.65275	2.1324158E-003
4.65425	2.1324158E-003
4.65575	2.1324158E-003
4.65725	2.1324158E-003
4.65875	2.1324158E-003
4.66025	2.1324158E-003
4.66175	2.1324158E-003
4.66325	2.1324158E-003
4.66475	2.1324158E-003
4.66625	2.1324158E-003
4.66775	2.1324158E-003
4.66925	2.1324158E-003
4.67075	2.1324158E-003
4.67225	2.1324158E-003
4.67375	2.1324158E-003
4.67525	2.1324158E-003
4.67675	2.1324158E-003
4.67825	2.1324158E-003
4.67975	2.1324158E-003
4.68125	2.1324158E-003
4.68275	2.1324158E-003
4.68425	2.1324158E-003
4.68575	2.1324158E-003
4.68725	2.1324158E-003
4.68875	2.1324158E-003
4.69025	2.1324158E-003
4.69175	2.1324158E-003
4.69325	2.1324158E-003
4.69475	6.9078922E-002
4.69625	6.9078922E-002
4.69775	6.9078922E-002
4.69925	6.9078922E-002
4.70075	6.9078922E-002
4.70225	1.2707090E-001
4.70375	6.9078922E-002
4.70525	1.7822361E-001
4.70675	2.2398090E-001
4.70825	2.2398090E-001
4.70975	2.2398090E-001
4.71125	1.7822361E-001
4.71275	1.7822361E-001
4.71425	6.9078922E-002
4.71575	6.9078922E-002
4.71725	6.9078922E-002
4.71875	6.9078922E-002
4.72025	6.9078922E-002
4.72175	6.9078922E-002
4.72325	6.9078922E-002
4.72475	2.1324158E-003
4.72625	2.1324158E-003
4.72775	2.1324158E-003
4.72925	6.9078922E-002
4.73075	1.2707090E-001
4.73225	1.2707090E-001
4.73375	1.2707090E-001
4.73525	1.2707090E-001
4.73675	1.2707090E-001
4.73825	6.9078922E-002
4.73975	2.1324158E-003
4.74125	2.1324158E-003
4.74275	6.9078922E-002
4.74425	6.9078922E-002
4.74575	6.9078922E-002
4.74725	6.9078922E-002
4.74875	6.9078922E-002
4.75025	6.9078922E-002
4.75175	2.1324158E-003
4.75325	2.1324158E-003
4.75475	2.1324158E-003
4.75625	2.1324158E-003
4.75775	2.1324158E-003
4.75925	2.1324158E-003
4.76075	2.1324158E-003
4.76225	2.1324158E-003
4.76375	2.1324158E-003
4.76525	2.1324158E-003
4.76675	2.1324158E-003
4.76825	2.1324158E-003
4.76975	2.1324158E-003
4.77125	2.1324158E-003
4.77275	2.1324158E-003
4.77425	2.1324158E-003
4.77575	2.1324158E-003
4.77725	2.1324158E-003
4.77875	6.9078922E-002
4.78025	1.2707090E-001
4.78175	1.2707090E-001
4.78325	1.2707090E-001
4.78475	1.2707090E-001
4.78625	1.2707090E-001
4.78775	6.9078922E-002
4.78925	2.1324158E-003
4.79075	2.1324158E-003
4.79225	2.1324158E-003
4.79375	2.1324158E-003
4.79525	1.2707090E-001
4.79675	1.2707090E-001
4.79825	1.2707090E-001
4.79975	2.2398090E-001
4.80125	2.2398043E-001
4.80275	2.6537180E-001
4.80425	2.6536655E-001
4.80575	2.6534843E-001
4.80725	2.6529408E-001
4.80875	1.7798948E-001
4.81025	1.7758560E-001
4.81175	2.6375866E-001
4.81325	1.7442417E-001
4.81475	1.6991282E-001
4.81625	1.6132164E-001
4.81775	2.3342705E-001
4.81925	2.4707174E-001
4.82075	8.6727619E-002
4.82225	3.9284229E-002
4.82375	1.4064217E-001
4.82525	1.6437721E-001
4.82675	9.3435764E-002
4.82825	9.6086979E-002
4.82975	1.6201544E-001
4.83125	1.5740490E-001
4.83275	4.9474716E-002
4.83425	8.1605911E-003
4.83575	4.3773651E-004
4.83725	-1.9239426E-002
4.83875	-4.8182011E-002
4.84025	-3.7065506E-002
4.84175	-2.6266098E-002
4.84325	-1.5080452E-002
4.84475	-2.0731926E-002
4.84625	-4.9955845E-002
4.84775	-7.5433254E-002
4.84925	-9.7262383E-002
4.85075	-7.7734947E-002
4.85225	-9.1649532E-002
4.85375	-7.4625969E-002
4.85525	-7.2018623E-002
4.85675	-7.4681282E-002
4.85825	-5.5729866E-002
4.85975	-5.0945759E-002
4.86125	-4.2553902E-002
4.86275	-4.0033340E-002
4.86425	-5.1193237E-003
4.86575	3.3666611E-002
4.86725	8.0103874E-003
4.86875	6.6723824E-002
4.87025	6.6892147E-002
4.87175	5.4597378E-002
4.87325	8.0419064E-002
4.87475	6.3688278E-002
4.87625	1.8549013E-001
4.87775	1.5810251E-001
4.87925	2.0956039E-001
4.88075	2.4227953E-001
4.88225	2.7004766E-001
4.88375	2.8878021E-001
4.88525	2.0387220E-001
4.88675	1.3568878E-001
4.88825	1.6979599E-001
4.88975	1.9305992E-001
4.89125	1.6182232E-001
4.89275	1.7013502E-001
4.89425	1.2336111E-001
4.89575	2.2239923E-001
4.89725	1.7759705E-001
4.89875	1.7799330E-001
4.90025	1.7814493E-001
4.90175	1.7819881E-001
4.90325	1.7821646E-001
4.90475	6.9077015E-002
4.90625	6.9078445E-002
4.90775	6.9078922E-002
4.90925	2.1324158E-003
4.91075	2.1324158E-003
4.91225	2.1324158E-003
4.91375	2.1324158E-003
4.91525	2.1324158E-003
4.91675	2.1324158E-003
4.91825	2.1324158E-003
4.91975	2.1324158E-003
4.92125	2.1324158E-003
4.92275	2.1324158E-003
4.92425	2.1324158E-003
4.92575	2.1324158E-003
4.92725	2.1324158E-003
4.92875	2.1324158E-003
4.93025	2.1324158E-003
4.93175	2.1324158E-003
4.93325	2.1324158E-003
4.93475	2.1324158E-003
4.93625	2.1324158E-003
4.93775	2.1324158E-003
4.93925	2.1324158E-003
4.94075	2.1324158E-003
4.94225	2.1324158E-003
4.94375	2.1324158E-003
4.94525	2.1324158E-003
4.94675	2.1324158E-003
4.94825	2.1324158E-003
4.94975	2.1324158E-003
4.95125	2.1324158E-003
4.95275	2.1324158E-003
4.95425	2.1324158E-003
4.95575	2.1324158E-003
4.95725	2.1324158E-003
4.95875	2.1324158E-003
4.96025	2.1324158E-003
4.96175	2.1324158E-003
4.96325	2.1324158E-003
4.96475	2.1324158E-003
4.96625	2.1324158E-003
4.96775	2.1324158E-003
4.96925	2.1324158E-003
4.97075	2.1324158E-003
4.97225	2.1324158E-003
4.97375	2.1324158E-003
4.97525	2.1324158E-003
4.97675	2.1324158E-003
4.97825	2.1324158E-003
4.97975	2.1324158E-003
4.98125	2.1324158E-003
4.98275	6.9078922E-002
4.98425	6.9078922E-002
4.98575	6.9078922E-002
4.98725	6.9078922E-002
4.98875	6.9078922E-002
4.99025	6.9078922E-002
4.99175	2.1324158E-003
4.99325	2.1324158E-003
4.99475	2.1324158E-003
4.99625	2.1324158E-003
4.99775	2.1324158E-003
4.99925	2.1324158E-003
5.00075	2.1324158E-003
5.00225	2.1324158E-003
5.00375	2.1324158E-003
5.00525	2.1324158E-003
5.00675	2.1324158E-003
5.00825	2.1324158E-003
5.00975	2.1324158E-003
5.01125	2.1324158E-003
5.01275	2.1324158E-003
5.01425	2.1324158E-003
5.01575	6.9078922E-002
5.01725	6.9078922E-002
5.01875	6.9078922E-002
5.02025	6.9078922E-002
5.02175	1.2707090E-001
5.02325	1.2707090E-001
5.02475	6.9078922E-002
5.02625	6.9078922E-002
5.02775	6.9078922E-002
5.02925	6.9078922E-002
5.03075	2.1324158E-003
5.03225	2.1324158E-003
5.03375	2.1324158E-003
5.03525	2.1324158E-003
5.03675	2.1324158E-003
5.03825	2.1324158E-003
5.03975	2.1324158E-003
5.04125	6.9078922E-002
5.04275	6.9078922E-002
5.04425	6.9078922E-002
5.04575	6.9078922E-002
5.04725	6.9078922E-002
5.04875	6.9078922E-002
5.05025	2.1324158E-003
5.05175	2.1324158E-003
5.05325	2.1324158E-003
5.05475	2.1324158E-003
5.05625	2.1324158E-003
5.05775	2.1324158E-003
5.05925	2.1324158E-003
5.06075	2.1324158E-003
5.06225	2.1324158E-003
5.06375	2.1324158E-003
5.06525	2.1324158E-003
5.06675	2.1324158E-003
5.06825	2.1324158E-003
5.06975	2.1324158E-003
5.07125	2.1324158E-003
5.07275	2.1324158E-003
5.07425	2.1324158E-003
5.07575	2.1324158E-003
5.07725	2.1324158E-003
5.07875	2.1324158E-003
5.08025	2.1324158E-003
5.08175	2.1324158E-003
5.08325	2.1324158E-003
5.08475	2.1324158E-003
5.08625	2.1324158E-003
5.08775	2.1324158E-003
5.08925	2.1324158E-003
5.09075	2.1324158E-003
5.09225	2.1324158E-003
5.09375	2.1324158E-003
5.09525	2.1324158E-003
5.09675	2.1324158E-003
5.09825	2.1324158E-003
5.09975	2.1324158E-003
5.10125	2.1324158E-003
5.10275	2.1324158E-003
5.10425	2.1324158E-003
5.10575	2.1324158E-003
5.10725	2.1324158E-003
5.10875	2.1324158E-003
5.11025	2.1324158E-003
5.11175	2.1324158E-003
5.11325	2.1324158E-003
5.11475	2.1324158E-003
5.11625	2.1324158E-003
5.11775	2.1324158E-003
5.11925	2.1324158E-003
5.12075	2.1324158E-003
5.12225	2.1324158E-003
5.12375	2.1324158E-003
5.12525	2.1324158E-003
5.12675	2.1324158E-003
5.12825	2.1324158E-003
5.12975	2.1324158E-003
5.13125	2.1324158E-003
5.13275	2.1324158E-003
5.13425	2.1324158E-003
5.13575	2.1324158E-003
5.13725	2.1324158E-003
5.13875	2.1324158E-003
5.14025	2.1324158E-003
5.14175	2.1324158E-003
5.14325	2.1324158E-003
5.14475	2.1324158E-003
5.14625	2.1324158E-003
5.14775	2.1324158E-003
5.14925	2.1324158E-003
5.15075	2.1324158E-003
5.15225	2.1324158E-003
5.15375	2.1324158E-003
5.15525	2.1324158E-003
5.15675	2.1324158E-003
5.15825	2.1324158E-003
5.15975	2.1324158E-003
5.16125	2.1324158E-003
5.16275	2.1324158E-003
5.16425	2.1324158E-003
5.16575	2.1324158E-003
5.16725	2.1324158E-003
5.16875	2.1324158E-003
5.17025	2.1324158E-003
5.17175	2.1324158E-003
5.17325	2.1324158E-003
5.17475	2.1324158E-003
5.17625	2.1324158E-003
5.17775	2.1324158E-003
5.17925	2.1324158E-003
5.18075	2.1324158E-003
5.18225	2.1324158E-003
5.18375	2.1324158E-003
5.18525	2.1324158E-003
5.18675	2.1324158E-003
5.18825	2.1324158E-003
5.18975	2.1324158E-003
5.19125	2.1324158E-003
5.19275	2.1324158E-003
5.19425	2.1324158E-003
5.19575	2.1324158E-003
5.19725	2.1324158E-003
5.19875	2.1324158E-003
5.20025	2.1324158E-003
5.20175	2.1324158E-003
5.20325	2.1324158E-003
5.20475	6.9078922E-002
5.20625	6.9078922E-002
5.20775	6.9078922E-002
5.20925	6.9078922E-002
5.21075	6.9078922E-002
5.21225	6.9078922E-002
5.21375	2.1324158E-003
5.21525	2.1324158E-003
5.21675	2.1324158E-003
5.21825	2.1324158E-003
5.21975	2.1324158E-003
5.22125	2.1324158E-003
5.22275	2.1324158E-003
5.22425	2.1324158E-003
5.22575	2.1324158E-003
5.22725	2.1324158E-003
5.22875	2.1324158E-003
5.23025	2.1324158E-003
5.23175	2.1324158E-003
5.23325	6.9078922E-002
5.23475	6.9078922E-002
5.23625	6.9078922E-002
5.23775	6.9078922E-002
5.23925	1.2707090E-001
5.24075	1.2707090E-001
5.24225	6.9078922E-002
5.24375	6.9078922E-002
5.24525	6.9078922E-002
5.24675	6.9078922E-002
5.24825	2.1324158E-003
5.24975	2.1324158E-003
5.25125	2.1324158E-003
5.25275	2.1324158E-003
5.25425	2.1324158E-003
5.25575	2.1324158E-003
5.25725	2.1324158E-003
5.25875	2.1324158E-003
5.26025	2.1324158E-003
5.26175	2.1324158E-003
5.26325	2.1324158E-003
5.26475	2.1324158E-003
5.26625	2.1324158E-003
5.26775	2.1324158E-003
5.26925	2.1324158E-003
5.27075	2.1324158E-003
5.27225	2.1324158E-003
5.27375	2.1324158E-003
5.27525	2.1324158E-003
5.27675	2.1324158E-003
5.27825	2.1324158E-003
5.27975	2.1324158E-003
5.28125	2.1324158E-003
5.28275	2.1324158E-003
5.28425	2.1324158E-003
5.28575	2.1324158E-003
5.28725	2.1324158E-003
5.28875	2.1324158E-003
5.29025	2.1324158E-003
5.29175	2.1324158E-003
5.29325	2.1324158E-003
5.29475	2.1324158E-003
5.29625	2.1324158E-003
5.29775	2.1324158E-003
5.29925	2.1324158E-003
5.30075	2.1324158E-003
5.30225	2.1324158E-003
5.30375	2.1324158E-003
5.30525	6.9078922E-002
5.30675	6.9078922E-002
5.30825	6.9078922E-002
5.30975	6.9078922E-002
5.31125	6.9078922E-002
5.31275	6.9078922E-002
5.31425	2.1324158E-003
5.31575	2.1324158E-003
5.31725	2.1324158E-003
5.31875	2.1324158E-003
5.32025	2.1324158E-003
5.32175	2.1324158E-003
5.32325	2.1324158E-003
5.32475	2.1324158E-003
5.32625	2.1324158E-003
5.32775	2.1324158E-003
5.32925	2.1324158E-003
5.33075	2.1324158E-003
5.33225	2.1324158E-003
5.33375	2.1324158E-003
5.33525	2.1324158E-003
5.33675	2.1324158E-003
5.33825	2.1324158E-003
5.33975	2.1324158E-003
5.34125	2.1324158E-003
5.34275	2.1324158E-003
5.34425	2.1324158E-003
5.34575	2.1324158E-003
5.34725	2.1324158E-003
5.34875	2.1324158E-003
5.35025	2.1324158E-003
5.35175	2.1324158E-003
5.35325	2.1324158E-003
5.35475	2.1324158E-003
5.35625	2.1324158E-003
5.35775	2.1324158E-003
5.35925	2.1324158E-003
5.36075	2.1324158E-003
5.36225	6.9078922E-002
5.36375	6.9078922E-002
5.36525	6.9078922E-002
5.36675	6.9078922E-002
5.36825	1.7822361E-001
5.36975	1.7822361E-001
5.37125	1.2707090E-001
5.37275	1.2707090E-001
5.37425	1.2707090E-001
5.37575	1.2707090E-001
5.37725	2.1324158E-003
5.37875	2.1324158E-003
5.38025	2.1324158E-003
5.38175	2.1324158E-003
5.38325	2.1324158E-003
5.38475	2.1324158E-003
5.38625	2.1324158E-003
5.38775	2.1324158E-003
5.38925	2.1324158E-003
5.39075	2.1324158E-003
5.39225	2.1324158E-003
5.39375	2.1324158E-003
5.39525	2.1324158E-003
5.39675	2.1324158E-003
5.39825	2.1324158E-003
5.39975	2.1324158E-003
5.40125	2.1324158E-003
5.40275	2.1324158E-003
5.40425	2.1324158E-003
5.40575	2.1324158E-003
5.40725	2.1324158E-003
5.40875	2.1324158E-003
5.41025	2.1324158E-003
5.41175	2.1324158E-003
5.41325	2.1324158E-003
5.41475	2.1324158E-003
5.41625	2.1324158E-003
5.41775	2.1324158E-003
5.41925	2.1324158E-003
5.42075	2.1324158E-003
5.42225	2.1324158E-003
5.42375	2.1324158E-003
5.42525	2.1324158E-003
5.42675	2.1324158E-003
5.42825	2.1324158E-003
5.42975	2.1324158E-003
5.43125	2.1324158E-003
5.43275	2.1324158E-003
5.43425	6.9078922E-002
5.43575	6.9078922E-002
5.43725	6.9078922E-002
5.43875	6.9078922E-002
5.44025	6.9078922E-002
5.44175	6.9078922E-002
5.44325	2.1324158E-003
5.44475	2.1324158E-003
5.44625	2.1324158E-003
5.44775	2.1324158E-003
5.44925	2.1324158E-003
5.45075	6.9078922E-002
5.45225	6.9078922E-002
5.45375	6.9078922E-002
5.45525	6.9078922E-002
5.45675	6.9078922E-002
5.45825	6.9078922E-002
5.45975	2.1324158E-003
5.46125	2.1324158E-003
5.46275	2.1324158E-003
5.46425	2.1324158E-003
5.46575	2.1324158E-003
5.46725	2.1324158E-003
5.46875	2.1324158E-003
5.47025	2.1324158E-003
5.47175	2.1324158E-003
5.47325	2.1324158E-003
5.47475	2.1324158E-003
5.47625	2.1324158E-003
5.47775	2.1324158E-003
5.47925	2.1324158E-003
5.48075	2.1324158E-003
5.48225	2.1324158E-003
5.48375	2.1324158E-003
5.48525	2.1324158E-003
5.48675	2.1324158E-003
5.48825	2.1324158E-003
5.48975	2.1324158E-003
5.49125	2.1324158E-003
5.49275	2.1324158E-003
5.49425	2.1324158E-003
5.49575	2.1324158E-003
5.49725	2.1324158E-003
5.49875	2.1324158E-003
