theta_deg	R
0.20225	8.4388840E-001
0.20375	8.4221661E-001
0.20525	7.7556455E-001
0.20675	7.8866571E-001
0.20825	8.0462927E-001
0.20975	8.0629623E-001
0.21125	8.0657434E-001
0.21275	8.0479807E-001
0.21425	8.0345821E-001
0.21575	8.0024946E-001
0.21725	7.9638243E-001
0.21875	7.9423213E-001
0.22025	7.8969330E-001
0.22175	7.8471535E-001
0.22325	7.8204721E-001
0.22475	7.7647203E-001
0.22625	7.7049261E-001
0.22775	7.6408798E-001
0.22925	7.6068842E-001
0.23075	7.5361389E-001
0.23225	7.4602729E-001
0.23375	7.3789471E-001
0.23525	7.3360395E-001
0.23675	7.2455776E-001
0.23825	7.1488696E-001
0.23975	7.0442879E-001
0.24125	6.9316524E-001
0.24275	6.8092299E-001
0.24425	6.7440796E-001
0.24575	6.6057980E-001
0.24725	6.4560866E-001
0.24875	6.2931544E-001
0.25025	6.1154652E-001
0.25175	5.9245306E-001
0.25325	5.7184017E-001
0.25475	5.4999292E-001
0.25625	5.2734870E-001
0.25775	5.0171375E-001
0.25925	4.7397304E-001
0.26075	4.4697323E-001
0.26225	4.2090762E-001
0.26375	3.9591676E-001
0.26525	3.7219331E-001
0.26675	3.4974417E-001
0.26825	3.2865795E-001
0.26975	3.0908430E-001
0.27125	2.9119849E-001
0.27275	2.7514273E-001
0.27425	2.6085624E-001
0.27575	2.4815892E-001
0.27725	2.3667836E-001
0.27875	2.2082786E-001
0.28025	2.1069351E-001
0.28175	2.0070665E-001
0.28325	1.9086345E-001
0.28475	1.8131886E-001
0.28625	1.7229001E-001
0.28775	1.6019464E-001
0.28925	1.5333261E-001
0.29075	1.4747700E-001
0.29225	1.4255221E-001
0.29375	1.3837935E-001
0.29525	1.3300253E-001
0.29675	1.2964298E-001
0.29825	1.2620822E-001
0.29975	1.2061696E-001
0.30125	1.1650652E-001
0.30275	1.1273231E-001
0.30425	1.0820973E-001
0.30575	1.0384533E-001
0.30725	9.9676244E-002
0.30875	9.5744528E-002
0.31025	9.2088290E-002
0.31175	8.8733390E-002
0.31325	8.5687906E-002
0.31475	8.2939096E-002
0.31625	8.0453828E-002
0.31775	7.8182168E-002
0.31925	7.6063097E-002
0.32075	7.4032016E-002
0.32225	7.2028331E-002
0.32375	7.0002422E-002
0.32525	6.7921102E-002
0.32675	6.5770730E-002
0.32825	6.3557826E-002
0.32975	6.1307311E-002
0.33125	5.9058614E-002
0.33275	5.6860235E-002
0.33425	5.4763455E-002
0.33575	5.2815888E-002
0.33725	5.1055674E-002
0.33875	4.9506839E-002
0.34025	4.8176449E-002
0.34175	4.7053717E-002
0.34325	4.6111241E-002
0.34475	4.5308042E-002
0.34625	4.4594038E-002
0.34775	4.3915398E-002
0.34925	4.3220084E-002
0.35075	4.2463113E-002
0.35225	4.1610803E-002
0.35375	4.0643748E-002
0.35525	3.9558332E-002
0.35675	3.8366549E-002
0.35825	3.7094280E-002
0.35975	3.5778273E-002
0.36125	3.4462150E-002
0.36275	3.3191863E-002
0.36425	3.2011107E-002
0.36575	3.0956930E-002
0.36725	3.0056281E-002
0.36875	2.9323475E-002
0.37025	2.8759042E-002
0.37175	2.8349910E-002
0.37325	2.8070819E-002
0.37475	2.7886946E-002
0.37625	2.7757263E-002
0.37775	2.7638329E-002
0.37925	2.7488234E-002
0.38075	2.7270138E-002
0.38225	2.6955320E-002
0.38375	2.6525365E-002
0.38525	2.5973417E-002
0.38675	2.5304420E-002
0.38825	2.4534354E-002
0.38975	2.3688572E-002
0.39125	2.2799449E-002
0.39275	2.1903411E-002
0.39425	2.1037871E-002
0.39575	2.0238016E-002
0.39725	1.9533925E-002
0.39875	1.8948216E-002
0.40025	1.8494315E-002
0.40175	1.8175567E-002
0.40325	1.7985178E-002
0.40475	1.7907003E-002
0.40625	1.7917065E-002
0.40775	1.7985655E-002
0.40925	1.8079776E-002
0.41075	1.8165801E-002
0.41225	1.8212039E-002
0.41375	1.8191054E-002
0.41525	1.8081611E-002
0.41675	1.7870145E-002
0.41825	1.7551528E-002
0.41975	1.7129323E-002
0.42125	1.6615300E-002
0.42275	1.6028401E-002
0.42425	1.5393185E-002
0.42575	1.4737882E-002
0.42725	1.4092201E-002
0.42875	1.3485141E-002
0.43025	1.2942822E-002
0.43175	1.2486650E-002
0.43325	1.2131816E-002
0.43475	1.1886299E-002
0.43625	1.1750425E-002
0.43775	1.1716980E-002
0.43925	1.1771861E-002
0.44075	1.1895225E-002
0.44225	1.2063025E-002
0.44375	1.2248801E-002
0.44525	1.2425602E-002
0.44675	1.2567881E-002
0.44825	1.2653258E-002
0.44975	1.2663990E-002
0.45125	1.2588080E-002
0.45275	1.2419975E-002
0.45425	1.2160769E-002
0.45575	1.1817992E-002
0.45725	1.1404940E-002
0.45875	1.0939674E-002
0.46025	1.0443688E-002
0.46175	9.9404100E-003
0.46325	9.4536096E-003
0.46475	9.0058222E-003
0.46625	8.6168526E-003
0.46775	8.3025387E-003
0.46925	8.0737146E-003
0.47075	7.9356162E-003
0.47225	7.8875748E-003
0.47375	7.9231765E-003
0.47525	8.0307573E-003
0.47675	8.1942398E-003
0.47825	8.3942786E-003
0.47975	8.6095491E-003
0.48125	8.8181943E-003
0.48275	8.9992350E-003
0.48425	9.1339247E-003
0.48575	9.2069227E-003
0.48725	9.2072152E-003
0.48875	9.1287261E-003
0.49025	8.9706117E-003
0.49175	8.7372242E-003
0.49325	8.4377378E-003
0.49475	8.0855303E-003
0.49625	7.6972689E-003
0.49775	7.2918516E-003
0.49925	6.8891663E-003
0.50075	6.5088337E-003
0.50225	6.1689434E-003
0.50375	5.8849198E-003
0.50525	5.6685773E-003
0.50675	5.5274214E-003
0.50825	5.4642493E-003
0.50975	5.4770419E-003
0.51125	5.5591632E-003
0.51275	5.6998469E-003
0.51425	5.8849067E-003
0.51575	6.0976930E-003
0.51725	6.3201520E-003
0.51875	6.5339808E-003
0.52025	6.7217704E-003
0.52175	6.8680551E-003
0.52325	6.9602211E-003
0.52475	6.9892085E-003
0.52625	6.9499621E-003
0.52775	6.8416363E-003
0.52925	6.6675488E-003
0.53075	6.4348872E-003
0.53225	6.1542364E-003
0.53375	5.8389050E-003
0.53525	5.5041490E-003
0.53675	5.1662885E-003
0.53825	4.8417752E-003
0.53975	4.5462516E-003
0.54125	4.2936401E-003
0.54275	4.0953211E-003
0.54425	3.9594444E-003
0.54575	3.8904576E-003
0.54725	3.8888429E-003
0.54875	3.9511179E-003
0.55025	4.0700911E-003
0.55175	4.2353403E-003
0.55325	4.4338834E-003
0.55475	4.6509807E-003
0.55625	4.8710248E-003
0.55775	5.0784647E-003
0.55925	5.2586887E-003
0.56075	5.3988551E-003
0.56225	5.4885955E-003
0.56375	5.5205720E-003
0.56525	5.4908679E-003
0.56675	5.3991787E-003
0.56825	5.2487948E-003
0.56975	5.0463956E-003
0.57125	4.8016254E-003
0.57275	4.5265271E-003
0.57425	4.2348141E-003
0.57575	3.9410796E-003
0.57725	3.6599473E-003
0.57875	3.4052401E-003
0.58025	3.1892059E-003
0.58175	3.0218521E-003
0.58325	2.9103875E-003
0.58475	2.8588516E-003
0.58625	2.8679036E-003
0.58775	2.9348156E-003
0.58925	3.0536447E-003
0.59075	3.2155938E-003
0.59225	3.4095200E-003
0.59375	3.6225824E-003
0.59525	3.8409675E-003
0.59675	4.0506762E-003
0.59825	4.2383117E-003
0.59975	4.3918341E-003
0.60125	4.5012212E-003
0.60275	4.5590210E-003
0.60425	4.5607463E-003
0.60575	4.5050848E-003
0.60725	4.3939389E-003
0.60875	4.2322907E-003
0.61025	4.0278854E-003
0.61175	3.7907946E-003
0.61325	3.5328437E-003
0.61475	3.2669595E-003
0.61625	3.0064725E-003
0.61775	2.7643831E-003
0.61925	2.5526634E-003
0.62075	2.3816084E-003
0.62225	2.2592798E-003
0.62375	2.1910772E-003
0.62525	2.1794476E-003
0.62675	2.2237708E-003
0.62825	2.3203960E-003
0.62975	2.4628551E-003
0.63125	2.6422099E-003
0.63275	2.8475535E-003
0.63425	3.0666112E-003
0.63575	3.2864187E-003
0.63725	3.4940497E-003
0.63875	3.6773221E-003
0.64025	3.8254592E-003
0.64175	3.9296541E-003
0.64325	3.9835237E-003
0.64475	3.9834157E-003
0.64625	3.9285868E-003
0.64775	3.8212149E-003
0.64925	3.6662843E-003
0.65075	3.4713186E-003
0.65225	3.2459754E-003
0.65375	3.0015460E-003
0.65525	2.7503488E-003
0.65675	2.5050747E-003
0.65825	2.2781142E-003
0.65975	2.0808980E-003
0.66125	1.9232912E-003
0.66275	1.8130715E-003
0.66425	1.7555224E-003
0.66575	1.7531558E-003
0.66725	1.8055848E-003
0.66875	1.9095417E-003
0.67025	2.0590513E-003
0.67175	2.2457372E-003
0.67325	2.4592625E-003
0.67475	2.6878673E-003
0.67625	2.9189859E-003
0.67775	3.1399194E-003
0.67925	3.3385032E-003
0.68075	3.5037578E-003
0.68225	3.6264628E-003
0.68375	3.6996373E-003
0.68525	3.7189017E-003
0.68675	3.6827063E-003
0.68825	3.5924090E-003
0.68975	3.4522116E-003
0.69125	3.2689536E-003
0.69275	3.0517557E-003
0.69425	2.8115567E-003
0.69575	2.5605434E-003
0.69725	2.3115240E-003
0.69875	2.0772673E-003
0.70025	1.8698400E-003
0.70175	1.6999947E-003
0.70325	1.5766134E-003
0.70475	1.5062493E-003
0.70625	1.4927826E-003
0.70775	1.5372074E-003
0.70925	1.6375583E-003
0.71075	1.7889937E-003
0.71225	1.9840198E-003
0.71375	2.2128634E-003
0.71525	2.4639580E-003
0.71675	2.7245397E-003
0.71825	2.9812923E-003
0.71975	3.2210385E-003
0.72125	3.4314091E-003
0.72275	3.6014817E-003
0.72425	3.7223324E-003
0.72575	3.7874975E-003
0.72725	3.7933076E-003
0.72875	3.7390860E-003
0.73025	3.6271997E-003
0.73175	3.4629677E-003
0.73325	3.2544306E-003
0.73475	3.0119794E-003
0.73625	2.7478780E-003
0.73775	2.4756710E-003
0.73925	2.2095316E-003
0.74075	1.9635477E-003
0.74225	1.7510073E-003
0.74375	1.5837012E-003
0.74525	1.4713047E-003
0.74675	1.4208539E-003
0.74825	1.4363611E-003
0.74975	1.5185816E-003
0.75125	1.6649452E-003
0.75275	1.8696444E-003
0.75425	2.1238828E-003
0.75575	2.4162687E-003
0.75725	2.7333340E-003
0.75875	3.0601728E-003
0.76025	3.3811636E-003
0.76175	3.6807409E-003
0.76325	3.9441870E-003
0.76475	4.1583884E-003
0.76625	4.3125157E-003
0.76775	4.3986095E-003
0.76925	4.4120168E-003
0.77075	4.3516769E-003
0.77225	4.2202575E-003
0.77375	4.0240753E-003
0.77525	3.7728855E-003
0.77675	3.4794568E-003
0.77825	3.1590026E-003
0.77975	2.8284774E-003
0.78125	2.5057653E-003
0.78275	2.2088161E-003
0.78425	1.9547630E-003
0.78575	1.7590756E-003
0.78725	1.6347849E-003
0.78875	1.5918118E-003
0.79025	1.6364378E-003
0.79175	1.7709269E-003
0.79325	1.9933179E-003
0.79475	2.2973956E-003
0.79625	2.6728499E-003
0.79775	3.1056211E-003
0.79925	3.5784463E-003
0.80075	4.0715835E-003
0.80225	4.5636981E-003
0.80375	5.0328807E-003
0.80525	5.4577282E-003
0.80675	5.8184103E-003
0.80825	6.0977144E-003
0.80975	6.2819547E-003
0.81125	6.3617532E-003
0.81275	6.3326419E-003
0.81425	6.1954581E-003
0.81575	5.9565422E-003
0.81725	5.6276554E-003
0.81875	5.2256766E-003
0.82025	4.7720200E-003
0.82175	4.2918371E-003
0.82325	3.8129874E-003
0.82475	3.3648631E-003
0.82625	2.9770858E-003
0.82775	2.6781294E-003
0.82925	2.4939245E-003
0.83075	2.4465048E-003
0.83225	2.5527519E-003
0.83375	2.8233239E-003
0.83525	3.2618234E-003
0.83675	3.8642606E-003
0.83825	4.6188394E-003
0.83975	5.5061067E-003
0.84125	6.4994376E-003
0.84275	7.5658811E-003
0.84425	8.6673144E-003
0.84575	9.7619267E-003
0.84725	1.0805952E-002
0.84875	1.1755631E-002
0.85025	1.2569294E-002
0.85175	1.3209531E-002
0.85325	1.3645322E-002
0.85475	1.3854058E-002
0.85625	1.3823401E-002
0.85775	1.3552912E-002
0.85925	1.3055328E-002
0.86075	1.2357566E-002
0.86225	1.1501247E-002
0.86375	1.0542789E-002
0.86525	9.5529780E-003
0.86675	8.6159343E-003
0.86825	7.8274384E-003
0.86975	7.2926641E-003
0.87125	7.1232058E-003
0.87275	7.4335462E-003
0.87425	8.3369929E-003
0.87575	9.9412147E-003
0.87725	1.2343571E-002
0.87875	1.5626423E-002
0.88025	1.9852698E-002
0.88175	2.5061991E-002
0.88325	3.1267468E-002
0.88475	3.8453829E-002
0.88625	4.6576392E-002
0.88775	5.5561494E-002
0.88925	6.5307952E-002
0.89075	7.5689644E-002
0.89225	8.6559124E-002
0.89375	9.7752176E-002
0.89525	1.0909327E-001
0.89675	1.2040158E-001
0.89825	1.3149732E-001
0.89975	1.4220795E-001
0.90125	1.5237324E-001
0.90275	1.6184916E-001
0.90425	1.7051017E-001
0.90575	1.7825034E-001
0.90725	1.8498296E-001
0.90875	1.9064000E-001
0.91025	1.9517107E-001
0.91175	1.9854249E-001
0.91325	2.0073636E-001
0.91475	2.0174949E-001
0.91625	2.0159273E-001
0.91775	2.0028992E-001
0.91925	1.9787699E-001
0.92075	1.9440126E-001
0.92225	1.8992007E-001
0.92375	1.8450010E-001
0.92525	1.7821568E-001
0.92675	1.7114796E-001
0.92825	1.6338344E-001
0.92975	1.5501302E-001
0.93125	1.4613140E-001
0.93275	1.3683714E-001
0.93425	1.2723221E-001
0.93575	1.1742192E-001
0.93725	1.0751441E-001
0.93875	9.7619206E-002
0.94025	8.7845653E-002
0.94175	7.8300796E-002
0.94325	6.9086999E-002
0.94475	6.0299661E-002
0.94625	5.2024998E-002
0.94775	4.4338003E-002
0.94925	3.7300620E-002
0.95075	3.0960182E-002
0.95225	2.5348168E-002
0.95375	2.0479528E-002
0.95525	1.6352402E-002
0.95675	1.2948582E-002
0.95825	1.0234454E-002
0.95975	8.1626354E-003
0.96125	6.6740629E-003
0.96275	5.7004993E-003
0.96425	5.1673148E-003
0.96575	4.9963593E-003
0.96725	5.1088142E-003
0.96875	5.4278676E-003
0.97025	5.8810846E-003
0.97175	6.4024180E-003
0.97325	6.9337538E-003
0.97475	7.4260044E-003
0.97625	7.8397440E-003
0.97775	8.1454348E-003
0.97925	8.3232578E-003
0.98075	8.3626602E-003
0.98225	8.2616126E-003
0.98375	8.0256518E-003
0.98525	7.6667727E-003
0.98675	7.2021536E-003
0.98825	6.6528516E-003
0.98975	6.0424428E-003
0.99125	5.3957263E-003
0.99275	4.7374736E-003
0.99425	4.0913345E-003
0.99575	3.4788665E-003
0.99725	2.9187496E-003
0.99875	2.4261761E-003
1.00025	2.0124423E-003
1.00175	1.6847345E-003
1.00325	1.4461032E-003
1.00475	1.2956243E-003
1.00625	1.2287181E-003
1.00775	1.2376045E-003
1.00925	1.3118612E-003
1.01075	1.4390630E-003
1.01225	1.6054526E-003
1.01375	1.7966407E-003
1.01525	1.9982785E-003
1.01675	2.1966940E-003
1.01825	2.3794519E-003
1.01975	2.5358216E-003
1.02125	2.6571348E-003
1.02275	2.7370236E-003
1.02425	2.7715508E-003
1.02575	2.7592115E-003
1.02725	2.7008534E-003
1.02875	2.5994885E-003
1.03025	2.4600343E-003
1.03175	2.2889832E-003
1.03325	2.0940220E-003
1.03475	1.8836065E-003
1.03625	1.6665310E-003
1.03775	1.4514922E-003
1.03925	1.2466914E-003
1.04075	1.0594663E-003
1.04225	8.9600036E-004
1.04375	7.6109439E-004
1.04525	6.5801817E-004
1.04675	5.8844552E-004
1.04825	5.5246515E-004
1.04975	5.4866198E-004
1.05125	5.7426194E-004
1.05275	6.2532787E-004
1.05425	6.9699518E-004
1.05575	7.8373402E-004
1.05725	8.7962626E-004
1.05875	9.7864971E-004
1.06025	1.0749516E-003
1.06175	1.1631084E-003
1.06325	1.2383520E-003
1.06475	1.2967617E-003
1.06625	1.3354071E-003
1.06775	1.3524351E-003
1.06925	1.3471106E-003
1.07075	1.3197927E-003
1.07225	1.2718729E-003
1.07375	1.2056611E-003
1.07525	1.1242431E-003
1.07675	1.0313025E-003
1.07825	9.3092804E-004
1.07975	8.2740991E-004
1.08125	7.2503259E-004
1.08275	6.2787766E-004
1.08425	5.3964194E-004
1.08575	4.6348126E-004
1.08725	4.0188406E-004
1.08875	3.5657870E-004
1.09025	3.2848152E-004
1.09175	3.1768304E-004
1.09325	3.2347388E-004
1.09475	3.4440833E-004
1.09625	3.7839904E-004
1.09775	4.2283913E-004
1.09925	4.7474352E-004
1.10075	5.3090142E-004
1.10225	5.8803323E-004
1.10375	6.4294413E-004
1.10525	6.9266738E-004
1.10675	7.3459337E-004
1.10825	7.6657691E-004
1.10975	7.8702270E-004
1.11125	7.9494179E-004
1.11275	7.8997953E-004
1.11425	7.7241112E-004
1.11575	7.4310944E-004
1.11725	7.0348347E-004
1.11875	6.5539213E-004
1.12025	6.0104195E-004
1.12175	5.4286950E-004
1.12325	4.8341879E-004
1.12475	4.2521665E-004
1.12625	3.7065518E-004
1.12775	3.2188403E-004
1.12925	2.8071750E-004
1.13075	2.4856118E-004
1.13225	2.2635850E-004
1.13375	2.1456189E-004
1.13525	2.1312607E-004
1.13675	2.2152469E-004
1.13825	2.3878913E-004
1.13975	2.6356685E-004
1.14125	2.9419584E-004
1.14275	3.2879208E-004
1.14425	3.6534417E-004
1.14575	4.0181194E-004
1.14725	4.3622270E-004
1.14875	4.6676211E-004
1.15025	4.9185543E-004
1.15175	5.1023473E-004
1.15325	5.2099221E-004
1.15475	5.2361377E-004
1.15625	5.1799248E-004
1.15775	5.0442334E-004
1.15925	4.8357638E-004
1.16075	4.5645222E-004
1.16225	4.2432273E-004
1.16375	3.8866070E-004
1.16525	3.5106327E-004
1.16675	3.1317322E-004
1.16825	2.7660350E-004
1.16975	2.4286445E-004
1.17125	2.1329999E-004
1.17275	1.8903054E-004
1.17425	1.7090676E-004
1.17575	1.5947448E-004
1.17725	1.5495339E-004
1.17875	1.5723120E-004
1.18025	1.6587396E-004
1.18175	1.8015329E-004
1.18325	1.9908843E-004
1.18475	2.2150102E-004
1.18625	2.4607911E-004
1.18775	2.7144505E-004
1.18925	2.9622458E-004
1.19075	3.1911134E-004
1.19225	3.3892691E-004
1.19375	3.5467051E-004
1.19525	3.6556058E-004
1.19675	3.7106461E-004
1.19825	3.7091822E-004
1.19975	3.6513183E-004
1.20125	3.5398413E-004
1.20275	3.3800438E-004
1.20425	3.1794171E-004
1.20575	2.9472547E-004
1.20725	2.6941704E-004
1.20875	2.4315601E-004
1.21025	2.1710407E-004
1.21175	1.9238901E-004
1.21325	1.7005124E-004
1.21475	1.5099622E-004
1.21625	1.3595397E-004
1.21775	1.2544809E-004
1.21925	1.1977592E-004
1.22075	1.1899927E-004
1.22225	1.2294721E-004
1.22375	1.3122943E-004
1.22525	1.4325928E-004
1.22675	1.5828565E-004
1.22825	1.7543155E-004
1.22975	1.9373847E-004
1.23125	2.1221310E-004
1.23275	2.2987575E-004
1.23425	2.4580720E-004
1.23575	2.5919211E-004
1.23725	2.6935531E-004
1.23875	2.7579223E-004
1.24025	2.7818864E-004
1.24175	2.7643089E-004
1.24325	2.7060753E-004
1.24475	2.6099946E-004
1.24625	2.4806269E-004
1.24775	2.3240325E-004
1.24925	2.1474542E-004
1.25075	1.9589515E-004
1.25225	1.7670043E-004
1.25375	1.5801024E-004
1.25525	1.4063399E-004
1.25675	1.2530385E-004
1.25825	1.1264127E-004
1.25975	1.0312966E-004
1.26125	9.7094104E-005
1.26275	9.4689167E-005
1.26425	9.5894575E-005
1.26575	1.0051957E-004
1.26725	1.0821456E-004
1.26875	1.1849062E-004
1.27025	1.3074509E-004
1.27175	1.4429199E-004
1.27325	1.5839639E-004
1.27475	1.7231054E-004
1.27625	1.8530985E-004
1.27775	1.9672759E-004
1.27925	2.0598600E-004
1.28075	2.1262211E-004
1.28225	2.1630815E-004
1.28375	2.1686390E-004
1.28525	2.1426253E-004
1.28675	2.0862825E-004
1.28825	2.0022743E-004
1.28975	1.8945373E-004
1.29125	1.7680734E-004
1.29275	1.6287033E-004
1.29425	1.4827802E-004
1.29575	1.3368833E-004
1.29725	1.1974996E-004
1.29875	1.0707114E-004
1.30025	9.6190655E-005
1.30175	8.7552333E-005
1.30325	8.1485246E-005
1.30475	7.8189463E-005
1.30625	7.7729128E-005
1.30775	8.0031838E-005
1.30925	8.4895117E-005
1.31075	9.1998416E-005
1.31225	1.0092070E-004
1.31375	1.1116188E-004
1.31525	1.2216755E-004
1.31675	1.3335566E-004
1.31825	1.4414436E-004
1.31975	1.5397929E-004
1.32125	1.6235965E-004
1.32275	1.6886201E-004
1.32425	1.7315937E-004
1.32575	1.7503639E-004
1.32725	1.7439788E-004
1.32875	1.7127165E-004
1.33025	1.6580528E-004
1.33175	1.5825666E-004
1.33325	1.4897999E-004
1.33475	1.3840718E-004
1.33625	1.2702662E-004
1.33775	1.1535864E-004
1.33925	1.0393088E-004
1.34075	9.3252725E-005
1.34225	8.3791158E-005
1.34375	7.5948708E-005
1.34525	7.0044960E-005
1.34675	6.6302215E-005
1.34825	6.4836240E-005
1.34975	6.5652370E-005
1.35125	6.8646652E-005
1.35275	7.3612755E-005
1.35425	8.0252998E-005
1.35575	8.8194050E-005
1.35725	9.7005613E-005
1.35875	1.0622170E-004
1.36025	1.1536338E-004
1.36175	1.2396155E-004
1.36325	1.3157947E-004
1.36475	1.3783312E-004
1.36625	1.4240897E-004
1.36775	1.4507827E-004
1.36925	1.4570700E-004
1.37075	1.4426095E-004
1.37225	1.4080624E-004
1.37375	1.3550455E-004
1.37525	1.2860443E-004
1.37675	1.2042816E-004
1.37825	1.1135574E-004
1.37975	1.0180589E-004
1.38125	9.2215756E-005
1.38275	8.3019804E-005
1.38425	7.4628784E-005
1.38575	6.7410489E-005
1.38725	6.1672305E-005
1.38875	5.7647361E-005
1.39025	5.5484146E-005
1.39175	5.5240424E-005
1.39325	5.6881621E-005
1.39475	6.0283641E-005
1.39625	6.5239961E-005
1.39775	7.1472547E-005
1.39925	7.8646197E-005
1.40075	8.6385051E-005
1.40225	9.4291136E-005
1.40375	1.0196325E-004
1.40525	1.0901583E-004
1.40675	1.1509688E-004
1.40825	1.1990409E-004
1.40975	1.2319842E-004
1.41125	1.2481502E-004
1.41275	1.2467011E-004
1.41425	1.2276469E-004
1.41575	1.1918377E-004
1.41725	1.1409195E-004
1.41875	1.0772517E-004
1.42025	1.0037935E-004
1.42175	9.2395814E-005
1.42325	8.4144645E-005
1.42475	7.6006669E-005
1.42625	6.8354530E-005
1.42775	6.1534738E-005
1.42925	5.5850625E-005
1.43075	5.1547981E-005
1.43225	4.8803613E-005
1.43375	4.7717520E-005
1.43525	4.8309019E-005
1.43675	5.0516817E-005
1.43825	5.4202992E-005
1.43975	5.9160553E-005
1.44125	6.5124106E-005
1.44275	7.1783208E-005
1.44425	7.8797450E-005
1.44575	8.5812819E-005
1.44725	9.2478498E-005
1.44875	9.8463293E-005
1.45025	1.0347086E-004
1.45175	1.0725349E-004
1.45325	1.0962335E-004
1.45475	1.1046095E-004
1.45625	1.0972052E-004
1.45775	1.0743192E-004
1.45925	1.0369893E-004
1.46075	9.8694181E-005
1.46225	9.2650429E-005
1.46375	8.5849431E-005
1.46525	7.8608035E-005
1.46675	7.1262708E-005
1.46825	6.4153253E-005
1.46975	5.7606274E-005
1.47125	5.1919746E-005
1.47275	4.7348865E-005
1.47425	4.4094206E-005
1.47575	4.2292497E-005
1.47725	4.2010539E-005
1.47875	4.3242406E-005
1.48025	4.5910077E-005
1.48175	4.9867478E-005
1.48325	5.4907610E-005
1.48475	6.0772829E-005
1.48625	6.7167304E-005
1.48775	7.3771371E-005
1.48925	8.0256992E-005
1.49075	8.6303437E-005
1.49225	9.1612594E-005
1.49375	9.5923009E-005
1.49525	9.9022123E-005
1.49675	1.0075622E-004
1.49825	1.0103740E-004
1.49975	9.9847530E-005
1.50125	9.7238975E-005
1.50275	9.3331786E-005
1.50425	8.8307854E-005
1.50575	8.2402148E-005
1.50725	7.5891439E-005
1.50875	6.9081005E-005
1.51025	6.2289997E-005
1.51175	5.5836139E-005
1.51325	5.0020473E-005
1.51475	4.5112905E-005
1.51625	4.1339459E-005
1.51775	3.8871542E-005
1.51925	3.7817917E-005
1.52075	3.8219900E-005
1.52225	4.0049541E-005
1.52375	4.3211203E-005
1.52525	4.7546207E-005
1.52675	5.2840529E-005
1.52825	5.8834903E-005
1.52975	6.5237138E-005
1.53125	7.1735929E-005
1.53275	7.8015582E-005
1.53425	8.3770996E-005
1.53575	8.8722110E-005
1.53725	9.2627197E-005
1.53875	9.5294330E-005
1.54025	9.6590658E-005
1.54175	9.6448799E-005
1.54325	9.4870338E-005
1.54475	9.1925904E-005
1.54625	8.7751927E-005
1.54775	8.2544255E-005
1.54925	7.6548647E-005
1.55075	7.0048722E-005
1.55225	6.3352374E-005
1.55375	5.6776680E-005
1.55525	5.0633131E-005
1.55675	4.5212837E-005
1.55825	4.0773280E-005
1.55975	3.7526344E-005
1.56125	3.5628655E-005
1.56275	3.5174129E-005
1.56425	3.6189391E-005
1.56575	3.8632163E-005
1.56725	4.2392850E-005
1.56875	4.7299240E-005
1.57025	5.3124171E-005
1.57175	5.9595892E-005
1.57325	6.6410517E-005
1.57475	7.3246287E-005
1.57625	7.9778678E-005
1.57775	8.5696091E-005
1.57925	9.0714973E-005
1.58075	9.4593568E-005
1.58225	9.7144031E-005
1.58375	9.8241522E-005
1.58525	9.7830183E-005
1.58675	9.5925898E-005
1.58825	9.2615293E-005
1.58975	8.8051776E-005
1.59125	8.2448307E-005
1.59275	7.6068034E-005
1.59425	6.9212401E-005
1.59575	6.2207728E-005
1.59725	5.5390752E-005
1.59875	4.9092891E-005
1.60025	4.3625001E-005
1.60175	3.9262402E-005
1.60325	3.6231322E-005
1.60475	3.4697685E-005
1.60625	3.4758610E-005
1.60775	3.6437072E-005
1.60925	3.9680308E-005
1.61075	4.4361499E-005
1.61225	5.0285133E-005
1.61375	5.7195353E-005
1.61525	6.4787266E-005
1.61675	7.2720664E-005
1.61825	8.0635473E-005
1.61975	8.8168657E-005
1.62125	9.4971241E-005
1.62275	1.0072505E-004
1.62425	1.0515807E-004
1.62575	1.0805794E-004
1.62725	1.0928236E-004
1.62875	1.0876668E-004
1.63025	1.0652774E-004
1.63175	1.0266421E-004
1.63325	9.7353324E-005
1.63475	9.0843794E-005
1.63625	8.3445651E-005
1.63775	7.5516917E-005
1.63925	6.7447691E-005
1.64075	5.9642669E-005
1.64225	5.2502226E-005
1.64375	4.6403744E-005
1.64525	4.1683434E-005
1.64675	3.8620059E-005
1.64825	3.7420923E-005
1.64975	3.8211045E-005
1.65125	4.1025971E-005
1.65275	4.5808381E-005
1.65425	5.2409017E-005
1.65575	6.0591592E-005
1.65725	7.0041882E-005
1.65875	8.0380414E-005
1.66025	9.1178590E-005
1.66175	1.0197724E-004
1.66325	1.1230718E-004
1.66475	1.2171081E-004
1.66625	1.2976347E-004
1.66775	1.3609431E-004
1.66925	1.4040443E-004
1.67075	1.4248345E-004
1.67225	1.4222124E-004
1.67375	1.3961608E-004
1.67525	1.3477770E-004
1.67675	1.2792548E-004
1.67825	1.1938171E-004
1.67975	1.0956030E-004
1.68125	9.8950994E-005
1.68275	8.8100336E-005
1.68425	7.7589502E-005
1.68575	6.8009700E-005
1.68725	5.9936323E-005
1.68875	5.3902470E-005
1.69025	5.0373153E-005
1.69175	4.9721515E-005
1.69325	5.2208277E-005
1.69475	5.7965452E-005
1.69625	6.6985456E-005
1.69775	7.9116049E-005
1.69925	9.4061492E-005
1.70075	1.1138987E-004
1.70225	1.3054651E-004
1.70375	1.5087287E-004
1.70525	1.7163031E-004
1.70675	1.9202875E-004
1.70825	2.1125804E-004
1.70975	2.2852271E-004
1.71125	2.4307825E-004
1.71275	2.5426733E-004
1.71425	2.6155607E-004
1.71575	2.6456610E-004
1.71725	2.6310419E-004
1.71875	2.5718476E-004
1.72025	2.4704632E-004
1.72175	2.3315944E-004
1.72325	2.1622676E-004
1.72475	1.9717521E-004
1.72625	1.7713968E-004
1.72775	1.5743950E-004
1.72925	1.3954780E-004
1.73075	1.2505495E-004
1.73225	1.1562669E-004
1.73375	1.1295781E-004
1.73525	1.1872292E-004
1.73675	1.3452557E-004
1.73825	1.6184646E-004
1.73975	2.0199321E-004
1.74125	2.5605227E-004
1.74275	3.2484444E-004
1.74425	4.0888693E-004
1.74575	5.0836126E-004
1.74725	6.2309124E-004
1.74875	7.5252977E-004
1.75025	8.9575705E-004
1.75175	1.0514907E-003
1.75325	1.2181040E-003
1.75475	1.3936552E-003
1.75625	1.5759232E-003
1.75775	1.7624517E-003
1.75925	1.9505989E-003
1.76075	2.1375949E-003
1.76225	2.3206030E-003
1.76375	2.4967904E-003
1.76525	2.6633886E-003
1.76675	2.8177635E-003
1.76825	2.9574700E-003
1.76975	3.0803075E-003
1.77125	3.1843579E-003
1.77275	3.2680281E-003
1.77425	3.3300729E-003
1.77575	3.3696168E-003
1.77725	3.3861741E-003
1.77875	3.3796495E-003
1.78025	3.3503368E-003
1.78175	3.2989096E-003
1.78325	3.2264008E-003
1.78475	3.1341712E-003
1.78625	3.0238733E-003
1.78775	2.8974121E-003
1.78925	2.7568929E-003
1.79075	2.6045789E-003
1.79225	2.4428389E-003
1.79375	2.2740951E-003
1.79525	2.1007815E-003
1.79675	1.9252915E-003
1.79825	1.7499370E-003
1.79975	1.5769049E-003
1.80125	1.4082198E-003
1.80275	1.2457095E-003
1.80425	1.0909763E-003
1.80575	9.4537303E-004
1.80725	8.0999266E-004
1.80875	6.8565918E-004
1.81025	5.7293207E-004
1.81175	4.7211617E-004
1.81325	3.8327667E-004
1.81475	3.0625591E-004
1.81625	2.4069515E-004
1.81775	1.8605599E-004
1.81925	1.4164620E-004
1.82075	1.0664681E-004
1.82225	8.0141202E-005
1.82375	6.1145591E-005
1.82525	4.8638856E-005
1.82675	4.1590924E-005
1.82825	3.8988677E-005
1.82975	3.9858769E-005
1.83125	4.3287066E-005
1.83275	4.8434915E-005
1.83425	5.4551838E-005
1.83575	6.0985025E-005
1.83725	6.7185021E-005
1.83875	7.2708215E-005
1.84025	7.7215736E-005
1.84175	8.0469588E-005
1.84325	8.2326027E-005
1.84475	8.2727194E-005
1.84625	8.1691142E-005
1.84775	7.9300815E-005
1.84925	7.5692471E-005
1.85075	7.1043956E-005
1.85225	6.5562737E-005
1.85375	5.9474543E-005
1.85525	5.3012525E-005
1.85675	4.6407054E-005
1.85825	3.9876861E-005
1.85975	3.3621152E-005
1.86125	2.7813261E-005
1.86275	2.2595899E-005
1.86425	1.8077993E-005
1.86575	1.4333306E-005
1.86725	1.1400638E-005
1.86875	9.2855598E-006
1.87025	7.9632455E-006
1.87175	7.3822212E-006
1.87325	7.4685613E-006
1.87475	8.1303997E-006
1.87625	9.2625205E-006
1.87775	1.0751002E-005
1.87925	1.2477827E-005
1.88075	1.4325447E-005
1.88225	1.6181124E-005
1.88375	1.7940947E-005
1.88525	1.9513296E-005
1.88675	2.0821626E-005
1.88825	2.1806492E-005
1.88975	2.2426719E-005
1.89125	2.2659806E-005
1.89275	2.2501501E-005
1.89425	2.1964770E-005
1.89575	2.1078124E-005
1.89725	1.9883531E-005
1.89875	1.8433884E-005
1.90025	1.6790334E-005
1.90175	1.5019307E-005
1.90325	1.3189536E-005
1.90475	1.1368999E-005
1.90625	9.6220119E-006
1.90775	8.0064983E-006
1.90925	6.5717181E-006
1.91075	5.3565586E-006
1.91225	4.3885584E-006
1.91375	3.6836539E-006
1.91525	3.2465869E-006
1.91675	3.0717447E-006
1.91825	3.1442160E-006
1.91975	3.4409045E-006
1.92125	3.9316092E-006
1.92275	4.5801444E-006
1.92425	5.3456006E-006
1.92575	6.1838405E-006
1.92725	7.0492692E-006
1.92875	7.8967860E-006
1.93025	8.6837936E-006
1.93175	9.3720719E-006
1.93325	9.9293766E-006
1.93475	1.0330669E-005
1.93625	1.0558924E-005
1.93775	1.0605518E-005
1.93925	1.0470227E-005
1.94075	1.0160893E-005
1.94225	9.6927606E-006
1.94375	9.0875856E-006
1.94525	8.3724954E-006
1.94675	7.5786579E-006
1.94825	6.7397987E-006
1.94975	5.8905584E-006
1.95125	5.0648109E-006
1.95275	4.2940119E-006
1.95425	3.6057388E-006
1.95575	3.0225474E-006
1.95725	2.5612669E-006
1.95875	2.2327333E-006
1.96025	2.0419179E-006
1.96175	1.9882907E-006
1.96325	2.0662608E-006
1.96475	2.2655859E-006
1.96625	2.5717391E-006
1.96775	2.9662767E-006
1.96925	3.4273669E-006
1.97075	3.9305337E-006
1.97225	4.4496824E-006
1.97375	4.9583464E-006
1.97525	5.4310149E-006
1.97675	5.8444416E-006
1.97825	6.1787637E-006
1.97975	6.4183973E-006
1.98125	6.5526451E-006
1.98275	6.5760282E-006
1.98425	6.4883679E-006
1.98575	6.2946337E-006
1.98725	6.0045700E-006
1.98875	5.6321501E-006
1.99025	5.1948314E-006
1.99175	4.7126632E-006
1.99325	4.2072584E-006
1.99475	3.7006889E-006
1.99625	3.2143450E-006
1.99775	2.7678734E-006
1.99925	2.3782632E-006
2.00075	2.0591754E-006
2.00225	1.8205357E-006
2.00375	1.6684120E-006
2.00525	1.6050817E-006
2.00675	1.6292190E-006
2.00825	1.7361141E-006
2.00975	1.9178970E-006
2.01125	2.1637782E-006
2.01275	2.4603735E-006
2.01425	2.7921590E-006
2.01575	3.1421073E-006
2.01725	3.4924753E-006
2.01875	3.8256953E-006
2.02025	4.1252715E-006
2.02175	4.3766186E-006
2.02325	4.5677539E-006
2.02475	4.6898303E-006
2.02625	4.7374760E-006
2.02775	4.7089447E-006
2.02925	4.6061250E-006
2.03075	4.4343496E-006
2.03225	4.2020870E-006
2.03375	3.9204833E-006
2.03525	3.6027868E-006
2.03675	3.2636608E-006
2.03825	2.9184400E-006
2.03975	2.5823472E-006
2.04125	2.2697309E-006
2.04275	1.9933889E-006
2.04425	1.7640111E-006
2.04575	1.5897818E-006
2.04725	1.4761524E-006
2.04875	1.4257531E-006
2.05025	1.4384226E-006
2.05175	1.5113151E-006
2.05325	1.6390634E-006
2.05475	1.8140064E-006
2.05625	2.0264886E-006
2.05775	2.2652559E-006
2.05925	2.5179540E-006
2.06075	2.7717053E-006
2.06225	3.0137442E-006
2.06375	3.2320459E-006
2.06525	3.4159252E-006
2.06675	3.5565367E-006
2.06825	3.6472809E-006
2.06975	3.6840752E-006
2.07125	3.6654942E-006
2.07275	3.5927883E-006
2.07425	3.4697582E-006
2.07575	3.3025299E-006
2.07725	3.0992096E-006
2.07875	2.8694583E-006
2.08025	2.6239979E-006
2.08175	2.3740704E-006
2.08325	2.1308790E-006
2.08475	1.9050495E-006
2.08625	1.7061319E-006
2.08775	1.5421780E-006
2.08925	1.4194090E-006
2.09075	1.3419914E-006
2.09225	1.3119155E-006
2.09375	1.3289731E-006
2.09525	1.3908233E-006
2.09675	1.4931373E-006
2.09825	1.6298162E-006
2.09975	1.7932786E-006
2.10125	1.9748129E-006
2.10275	2.1649871E-006
2.10425	2.3540965E-006
2.10575	2.5326335E-006
2.10725	2.6917476E-006
2.10875	2.8236655E-006
2.11025	2.9220519E-006
2.11175	2.9822979E-006
2.11325	3.0017002E-006
2.11475	2.9795558E-006
2.11625	2.9171565E-006
2.11775	2.8176833E-006
2.11925	2.6860271E-006
2.12075	2.5285174E-006
2.12225	2.3526079E-006
2.12375	2.1665005E-006
2.12525	1.9787381E-006
2.12675	1.7977998E-006
2.12825	1.6316858E-006
2.12975	1.4875530E-006
2.13125	1.3713820E-006
2.13275	1.2877143E-006
2.13425	1.2394636E-006
2.13575	1.2278078E-006
2.13725	1.2521652E-006
2.13875	1.3102549E-006
2.14025	1.3982348E-006
2.14175	1.5109138E-006
2.14325	1.6420206E-006
2.14475	1.7845219E-006
2.14625	1.9309671E-006
2.14775	2.0738505E-006
2.14925	2.2059698E-006
2.15075	2.3207585E-006
2.15225	2.4125936E-006
2.15375	2.4770404E-006
2.15525	2.5110517E-006
2.15675	2.5130855E-006
2.15825	2.4831565E-006
2.15975	2.4228048E-006
2.16125	2.3350060E-006
2.16275	2.2239967E-006
2.16425	2.0950586E-006
2.16575	1.9542513E-006
2.16725	1.8081111E-006
2.16875	1.6633312E-006
2.17025	1.5264445E-006
2.17175	1.4035070E-006
2.17325	1.2998172E-006
2.17475	1.2196674E-006
2.17625	1.1661575E-006
2.17775	1.1410594E-006
2.17925	1.1447554E-006
2.18075	1.1762437E-006
2.18225	1.2332048E-006
2.18375	1.3121361E-006
2.18525	1.4085338E-006
2.18675	1.5171205E-006
2.18825	1.6321083E-006
2.18975	1.7474802E-006
2.19125	1.8572814E-006
2.19275	1.9559093E-006
2.19425	2.0383784E-006
2.19575	2.1005612E-006
2.19725	2.1393782E-006
2.19875	2.1529343E-006
2.20025	2.1405954E-006
2.20175	2.1030025E-006
2.20325	2.0420200E-006
2.20475	1.9606246E-006
2.20625	1.8627456E-006
2.20775	1.7530577E-006
2.20925	1.6367406E-006
2.21075	1.5192146E-006
2.21225	1.4058656E-006
2.21375	1.3017772E-006
2.21525	1.2114863E-006
2.21675	1.1387787E-006
2.21825	1.0865319E-006
2.21975	1.0566131E-006
2.22125	1.0498261E-006
2.22275	1.0658978E-006
2.22425	1.1035021E-006
2.22575	1.1603223E-006
2.22725	1.2331446E-006
2.22875	1.3180012E-006
2.23025	1.4103530E-006
2.23175	1.5053120E-006
2.23325	1.5978890E-006
2.23475	1.6832513E-006
2.23625	1.7569690E-006
2.23775	1.8152366E-006
2.23925	1.8550563E-006
2.24075	1.8743824E-006
2.24225	1.8722117E-006
2.24375	1.8486281E-006
2.24525	1.8047959E-006
2.24675	1.7429003E-006
2.24825	1.6660310E-006
2.24975	1.5780189E-006
2.25125	1.4832164E-006
2.25275	1.3862423E-006
2.25425	1.2917070E-006
2.25575	1.2039420E-006
2.25725	1.1267643E-006
2.25875	1.0633037E-006
2.26025	1.0159073E-006
2.26175	9.8611258E-007
2.26325	9.7466989E-007
2.26475	9.8158807E-007
2.26625	1.0061660E-006
2.26775	1.0470093E-006
2.26925	1.1020352E-006
2.27075	1.1684937E-006
2.27225	1.2430268E-006
2.27375	1.3217897E-006
2.27525	1.4006357E-006
2.27675	1.4753443E-006
2.27825	1.5418693E-006
2.27975	1.5965826E-006
2.28125	1.6364843E-006
2.28275	1.6593721E-006
2.28425	1.6639611E-006
2.28575	1.6499554E-006
2.28725	1.6180663E-006
2.28875	1.5699815E-006
2.29025	1.5082753E-006
2.29175	1.4362562E-006
2.29325	1.3577534E-006
2.29475	1.2768497E-006
2.29625	1.1975878E-006
2.29775	1.1236843E-006
2.29925	1.0582970E-006
2.30075	1.0038822E-006
2.30225	9.6215990E-007
2.30375	9.3417646E-007
2.30525	9.2042757E-007
2.30675	9.2098082E-007
2.30825	9.3555172E-007
2.30975	9.6350311E-007
2.31125	1.0037727E-006
2.31275	1.0547694E-006
2.31425	1.1142929E-006
2.31575	1.1795252E-006
2.31725	1.2471173E-006
2.31875	1.3133754E-006
2.32025	1.3745156E-006
2.32175	1.4269406E-006
2.32325	1.4675097E-006
2.32475	1.4937658E-006
2.32625	1.5041003E-006
2.32775	1.4978624E-006
2.32925	1.4754016E-006
2.33075	1.4380497E-006
2.33225	1.3880367E-006
2.33375	1.3283368E-006
2.33525	1.2624464E-006
2.33675	1.1940979E-006
2.33825	1.1269499E-006
2.33975	1.0642837E-006
2.34125	1.0087685E-006
2.34275	9.6233418E-007
2.34425	9.2617370E-007
2.34575	9.0086598E-007
2.34725	8.8657094E-007
2.34875	8.8322935E-007
2.35025	8.9070193E-007
2.35175	9.0879882E-007
2.35325	9.3719370E-007
2.35475	9.7525788E-007
2.35625	1.0218657E-006
2.35775	1.0752537E-006
2.35925	1.1329774E-006
2.36075	1.1919949E-006
2.36225	1.2488698E-006
2.36375	1.3000550E-006
2.36525	1.3422061E-006
2.36675	1.3724817E-006
2.36825	1.3887953E-006
2.36975	1.3899955E-006
2.37125	1.3759665E-006
2.37275	1.3476447E-006
2.37425	1.3069481E-006
2.37575	1.2566135E-006
2.37725	1.1999508E-006
2.37875	1.1405289E-006
2.38025	1.0818330E-006
2.38175	1.0269373E-006
2.38325	9.7825921E-007
2.38475	9.3743404E-007
2.38625	9.0533536E-007
2.38775	8.8222617E-007
2.38925	8.6799525E-007
2.39075	8.6240783E-007
2.39225	8.6530059E-007
2.39375	8.7666376E-007
2.39525	8.9658914E-007
2.39675	9.2510010E-007
2.39825	9.6191150E-007
2.39975	1.0061906E-006
2.40125	1.0563883E-006
2.40275	1.1101982E-006
2.40425	1.1646547E-006
2.40575	1.2163666E-006
2.40725	1.2618358E-006
2.40875	1.2978122E-006
2.41025	1.3216272E-006
2.41175	1.3314664E-006
2.41325	1.3265543E-006
2.41475	1.3072352E-006
2.41625	1.2749468E-006
2.41775	1.2320836E-006
2.41925	1.1817522E-006
2.42075	1.1274490E-006
2.42225	1.0726878E-006
2.42375	1.0206397E-006
2.42525	9.7384248E-007
2.42675	9.3403668E-007
2.42825	9.0215246E-007
2.42975	8.7844444E-007
2.43125	8.6273292E-007
2.43275	8.5468207E-007
2.43425	8.5404650E-007
2.43575	8.6082065E-007
2.43725	8.7525365E-007
2.43875	8.9772567E-007
2.44025	9.2851678E-007
2.44175	9.6752171E-007
2.44325	1.0139868E-006
2.44475	1.0663359E-006
2.44625	1.1221397E-006
2.44775	1.1782407E-006
2.44925	1.2310235E-006
2.45075	1.2767750E-006
2.45225	1.3120842E-006
2.45375	1.3342134E-006
2.45525	1.3413973E-006
2.45675	1.3330363E-006
2.45825	1.3097679E-006
2.45975	1.2734039E-006
2.46125	1.2267411E-006
2.46275	1.1732577E-006
2.46425	1.1167266E-006
2.46575	1.0608038E-006
2.46725	1.0086540E-006
2.46875	9.6268172E-007
2.47025	9.2441627E-007
2.47175	8.9456512E-007
2.47325	8.7321644E-007
2.47475	8.6013068E-007
2.47625	8.5504593E-007
2.47775	8.5791942E-007
2.47925	8.6904441E-007
2.48075	8.8901129E-007
2.48225	9.1851393E-007
2.48375	9.5804796E-007
2.48525	1.0075635E-006
2.48675	1.0661591E-006
2.48825	1.1318980E-006
2.48975	1.2017945E-006
2.49125	1.2719876E-006
2.49275	1.3380782E-006
2.49425	1.3955645E-006
2.49575	1.4403093E-006
2.49725	1.4689715E-006
2.49875	1.4793509E-006
2.50025	1.4706128E-006
2.50175	1.4433818E-006
2.50325	1.3996898E-006
2.50475	1.3427801E-006
2.50625	1.2767807E-006
2.50775	1.2062719E-006
2.50925	1.1358038E-006
2.51075	1.0694429E-006
2.51225	1.0104221E-006
2.51375	9.6097176E-007
2.51525	9.2235831E-007
2.51675	8.9510780E-007
2.51825	8.7935831E-007
2.51975	8.7523523E-007
2.52125	8.8314334E-007
2.52275	9.0389221E-007
2.52425	9.3861098E-007
2.52575	9.8845601E-007
2.52725	1.0541793E-006
2.52875	1.1356581E-006
2.53025	1.2314968E-006
2.53175	1.3388118E-006
2.53325	1.4532482E-006
2.53475	1.5692381E-006
2.53625	1.6804523E-006
2.53775	1.7803596E-006
2.53925	1.8628095E-006
2.54075	1.9225638E-006
2.54225	1.9557251E-006
2.54375	1.9600552E-006
2.54525	1.9351589E-006
2.54675	1.8825438E-006
2.54825	1.8055398E-006
2.54975	1.7090694E-006
2.55125	1.5992640E-006
2.55275	1.4829492E-006
2.55425	1.3670599E-006
2.55575	1.2580763E-006
2.55725	1.1615907E-006
2.55875	1.0821013E-006
2.56025	1.0230725E-006
2.56175	9.8723081E-007
2.56325	9.7698296E-007
2.56475	9.9479837E-007
2.56625	1.0433954E-006
2.56775	1.1256177E-006
2.56925	1.2439997E-006
2.57075	1.4000897E-006
2.57225	1.5937113E-006
2.57375	1.8223456E-006
2.57525	2.0807890E-006
2.57675	2.3611749E-006
2.57825	2.6533439E-006
2.57975	2.9454809E-006
2.58125	3.2249068E-006
2.58275	3.4788923E-006
2.58425	3.6954348E-006
2.58575	3.8639205E-006
2.58725	3.9757124E-006
2.58875	4.0246314E-006
2.59025	4.0073774E-006
2.59175	3.9238789E-006
2.59325	3.7775560E-006
2.59475	3.5754563E-006
2.59625	3.3282283E-006
2.59775	3.0499064E-006
2.59925	2.7575095E-006
2.60075	2.4705089E-006
2.60225	2.2102852E-006
2.60375	1.9996692E-006
2.60525	1.8626681E-006
2.60675	1.8243879E-006
2.60825	1.9110360E-006
2.60975	2.1498522E-006
2.61125	2.5687673E-006
2.61275	3.1956729E-006
2.61425	4.0573059E-006
2.61575	5.1778857E-006
2.61725	6.5777217E-006
2.61875	8.2719935E-006
2.62025	1.0269867E-005
2.62175	1.2573994E-005
2.62325	1.5180301E-005
2.62475	1.8078041E-005
2.62625	2.1249973E-005
2.62775	2.4672594E-005
2.62925	2.8316474E-005
2.63075	3.2146636E-005
2.63225	3.6122954E-005
2.63375	4.0200823E-005
2.63525	4.4331729E-005
2.63675	4.8464106E-005
2.63825	5.2544179E-005
2.63975	5.6517030E-005
2.64125	6.0327489E-005
2.64275	6.3921281E-005
2.64425	6.7245965E-005
2.64575	7.0252150E-005
2.64725	7.2894247E-005
2.64875	7.5131640E-005
2.65025	7.6929442E-005
2.65175	7.8259378E-005
2.65325	7.9100268E-005
2.65475	7.9438563E-005
2.65625	7.9268699E-005
2.65775	7.8593024E-005
2.65925	7.7421755E-005
2.66075	7.5772768E-005
2.66225	7.3671203E-005
2.66375	7.1149065E-005
2.66525	6.8244262E-005
2.66675	6.5000255E-005
2.66825	6.1465042E-005
2.66975	5.7690304E-005
2.67125	5.3730317E-005
2.67275	4.9641014E-005
2.67425	4.5478839E-005
2.67575	4.1299645E-005
2.67725	3.7157635E-005
2.67875	3.3104356E-005
2.68025	2.9187759E-005
2.68175	2.5451372E-005
2.68325	2.1933607E-005
2.68475	1.8667090E-005
2.68625	1.5678168E-005
2.68775	1.2986455E-005
2.68925	1.0604513E-005
2.69075	8.5376168E-006
2.69225	6.7837191E-006
2.69375	5.3336885E-006
2.69525	4.1719154E-006
2.69675	3.2773075E-006
2.69825	2.6246314E-006
2.69975	2.1860264E-006
2.70125	1.9324548E-006
2.70275	1.8348790E-006
2.70425	1.8650200E-006
2.70575	1.9957035E-006
2.70725	2.2009351E-006
2.70875	2.4558999E-006
2.71025	2.7370695E-006
2.71175	3.0225003E-006
2.71325	3.2923272E-006
2.71475	3.5293394E-006
2.71625	3.7195250E-006
2.71775	3.8524781E-006
2.71925	3.9215956E-006
2.72075	3.9240890E-006
2.72225	3.8607941E-006
2.72375	3.7358641E-006
2.72525	3.5563576E-006
2.72675	3.3317444E-006
2.72825	3.0733354E-006
2.72975	2.7936260E-006
2.73125	2.5055397E-006
2.73275	2.2216011E-006
2.73425	1.9530860E-006
2.73575	1.7092593E-006
2.73725	1.4968039E-006
2.73875	1.3195745E-006
2.74025	1.1787215E-006
2.74175	1.0731657E-006
2.74325	1.0003201E-006
2.74475	9.5689029E-007
2.74625	9.3955168E-007
2.74775	9.4537592E-007
2.74925	9.7191798E-007
2.75075	1.0170077E-006
2.75225	1.0783468E-006
2.75375	1.1530744E-006
2.75525	1.2374505E-006
2.75675	1.3267642E-006
2.75825	1.4155050E-006
2.75975	1.4977587E-006
2.76125	1.5677394E-006
2.76275	1.6203589E-006
2.76425	1.6517268E-006
2.76575	1.6595268E-006
2.76725	1.6432236E-006
2.76875	1.6040985E-006
2.77025	1.5451096E-006
2.77175	1.4705920E-006
2.77325	1.3858164E-006
2.77475	1.2964465E-006
2.77625	1.2079541E-006
2.77775	1.1250738E-006
2.77925	1.0513828E-006
2.78075	9.8907265E-007
2.78225	9.3894613E-007
2.78375	9.0061991E-007
2.78525	8.7287020E-007
2.78675	8.5404167E-007
2.78825	8.4243123E-007
2.78975	8.3658631E-007
2.79125	8.3548002E-007
2.79275	8.3855844E-007
2.79425	8.4566909E-007
2.79575	8.5689834E-007
2.79725	8.7234844E-007
2.79875	8.9189689E-007
2.80025	9.1498595E-007
2.80175	9.4049278E-007
2.80325	9.6672079E-007
2.80475	9.9153226E-007
2.80625	1.0126076E-006
2.80775	1.0277864E-006
2.80925	1.0354182E-006
2.81075	1.0346461E-006
2.81225	1.0255587E-006
2.81375	1.0091729E-006
2.81525	9.8725468E-007
2.81675	9.6201620E-007
2.81825	9.3576040E-007
2.81975	9.1054619E-007
2.82125	8.8794201E-007
2.82275	8.6890446E-007
2.82425	8.5378406E-007
2.82575	8.4243237E-007
2.82725	8.3436515E-007
2.82875	8.2893382E-007
2.83025	8.2546831E-007
2.83175	8.2337311E-007
2.83325	8.2217542E-007
2.83475	8.2153269E-007
2.83625	8.2121812E-007
2.83775	8.2109392E-007
2.83925	8.2108505E-007
2.84075	8.2115577E-007
2.84225	8.2129208E-007
2.84375	8.2148875E-007
2.84525	8.2173915E-007
2.84675	8.2202951E-007
2.84825	8.2233566E-007
2.84975	8.2262432E-007
2.85125	8.2285828E-007
2.85275	8.2300352E-007
2.85425	8.2303751E-007
2.85575	8.2295492E-007
2.85725	8.2276887E-007
2.85875	8.2250733E-007
2.86025	8.2220674E-007
2.86175	8.2190331E-007
2.86325	8.2162632E-007
2.86475	8.2139411E-007
2.86625	8.2121397E-007
2.86775	8.2108380E-007
2.86925	8.2099592E-007
2.87075	8.2094027E-007
2.87225	8.2090725E-007
2.87375	8.2088883E-007
2.87525	8.2087917E-007
2.87675	8.2087433E-007
2.87825	8.2087212E-007
2.87975	8.2087115E-007
2.88125	8.2087070E-007
2.88275	8.2087058E-007
2.88425	8.2087053E-007
2.88575	8.2087047E-007
2.88725	8.2087047E-007
2.88875	8.2087047E-007
2.89025	8.2087047E-007
2.89175	8.2087047E-007
2.89325	8.2087047E-007
2.89475	8.2087047E-007
2.89625	8.2087047E-007
2.89775	8.2087047E-007
2.89925	8.2087047E-007
2.90075	8.2087047E-007
2.90225	8.2087047E-007
2.90375	8.2087047E-007
2.90525	8.2087047E-007
2.90675	8.2087047E-007
2.90825	8.2087047E-007
2.90975	8.2087047E-007
2.91125	8.2087047E-007
2.91275	8.2087047E-007
2.91425	8.2087047E-007
2.91575	8.2087047E-007
2.91725	8.2087047E-007
2.91875	8.2087047E-007
2.92025	8.2087047E-007
2.92175	8.2087047E-007
2.92325	8.2087047E-007
2.92475	8.2087047E-007
2.92625	8.2087047E-007
2.92775	8.2087047E-007
2.92925	8.2087047E-007
2.93075	8.2087047E-007
2.93225	8.2087047E-007
2.93375	8.2087047E-007
2.93525	8.2087047E-007
2.93675	8.2087047E-007
2.93825	8.2087047E-007
2.93975	8.2087047E-007
2.94125	8.2087047E-007
2.94275	8.2087047E-007
2.94425	8.2087047E-007
2.94575	8.2087047E-007
2.94725	8.2087047E-007
2.94875	8.2087047E-007
2.95025	8.2087047E-007
2.95175	8.2087047E-007
2.95325	8.2087047E-007
2.95475	8.2087047E-007
2.95625	8.2087047E-007
2.95775	8.2087047E-007
2.95925	8.2087047E-007
2.96075	8.2087047E-007
2.96225	8.2087047E-007
2.96375	8.2087047E-007
2.96525	8.2087047E-007
2.96675	8.2087047E-007
2.96825	8.2087047E-007
2.96975	8.2087047E-007
2.97125	8.2087047E-007
2.97275	8.2087047E-007
2.97425	8.2087047E-007
2.97575	8.2087047E-007
2.97725	8.2087047E-007
2.97875	8.2087047E-007
2.98025	8.2087047E-007
2.98175	8.2087047E-007
2.98325	8.2087047E-007
2.98475	8.2087047E-007
2.98625	8.2087047E-007
2.98775	8.2087047E-007
2.98925	8.2087047E-007
2.99075	8.2087047E-007
2.99225	8.2087047E-007
2.99375	8.2087047E-007
2.99525	8.2087047E-007
2.99675	8.2087047E-007
2.99825	8.2087047E-007
2.99975	8.2087047E-007
3.00125	8.2087047E-007
3.00275	8.2087047E-007
3.00425	8.2087047E-007
3.00575	8.2087047E-007
3.00725	8.2087047E-007
3.00875	8.2087047E-007
3.01025	8.2087047E-007
3.01175	8.2087047E-007
3.01325	8.2087047E-007
3.01475	8.2087047E-007
3.01625	8.2087047E-007
3.01775	8.2087047E-007
3.01925	8.2087047E-007
3.02075	8.2087047E-007
3.02225	8.2087047E-007
3.02375	8.2087047E-007
3.02525	8.2087047E-007
3.02675	8.2087047E-007
3.02825	8.2087047E-007
3.02975	8.2087047E-007
3.03125	8.2087047E-007
3.03275	8.2087047E-007
3.03425	8.2087047E-007
3.03575	8.2087047E-007
3.03725	8.2087047E-007
3.03875	8.2087047E-007
3.04025	8.2087047E-007
3.04175	8.2087047E-007
3.04325	8.2087047E-007
3.04475	8.2087047E-007
3.04625	8.2087047E-007
3.04775	8.2087047E-007
3.04925	8.2087047E-007
3.05075	8.2087047E-007
3.05225	8.2087047E-007
3.05375	8.2087047E-007
3.05525	8.2087047E-007
3.05675	8.2087047E-007
3.05825	8.2087047E-007
3.05975	8.2087047E-007
3.06125	8.2087047E-007
3.06275	8.2087047E-007
3.06425	8.2087047E-007
3.06575	8.2087047E-007
3.06725	8.2087047E-007
3.06875	8.2087047E-007
3.07025	8.2087047E-007
3.07175	8.2087047E-007
3.07325	8.2087047E-007
3.07475	8.2087047E-007
3.07625	8.2087047E-007
3.07775	8.2087047E-007
3.07925	8.2087047E-007
3.08075	8.2087047E-007
3.08225	8.2087047E-007
3.08375	8.2087047E-007
3.08525	8.2087047E-007
3.08675	8.2087047E-007
3.08825	8.2087047E-007
3.08975	8.2087047E-007
3.09125	8.2087047E-007
3.09275	8.2087047E-007
3.09425	8.2087047E-007
3.09575	8.2087047E-007
3.09725	8.2087047E-007
3.09875	8.2087047E-007
3.10025	8.2087047E-007
3.10175	8.2087047E-007
3.10325	8.2087047E-007
3.10475	8.2087047E-007
3.10625	8.2087047E-007
3.10775	8.2087047E-007
3.10925	8.2087047E-007
3.11075	8.2087047E-007
3.11225	8.2087047E-007
3.11375	8.2087047E-007
3.11525	8.2087047E-007
3.11675	8.2087047E-007
3.11825	8.2087047E-007
3.11975	8.2087047E-007
3.12125	8.2087047E-007
3.12275	8.2087047E-007
3.12425	8.2087047E-007
3.12575	8.2087047E-007
3.12725	8.2087047E-007
3.12875	8.2087047E-007
3.13025	8.2087047E-007
3.13175	8.2087047E-007
3.13325	8.2087047E-007
3.13475	8.2087047E-007
3.13625	8.2087047E-007
3.13775	8.2087047E-007
3.13925	8.2087047E-007
3.14075	8.2087047E-007
3.14225	8.2087047E-007
3.14375	8.2087047E-007
3.14525	8.2087047E-007
3.14675	8.2087047E-007
3.14825	8.2087047E-007
3.14975	8.2087047E-007
3.15125	8.2087047E-007
3.15275	8.2087047E-007
3.15425	8.2087047E-007
3.15575	8.2087047E-007
3.15725	8.2087047E-007
3.15875	8.2087047E-007
3.16025	8.2087047E-007
3.16175	8.2087047E-007
3.16325	8.2087047E-007
3.16475	8.2087047E-007
3.16625	8.2087047E-007
3.16775	8.2087047E-007
3.16925	8.2087047E-007
3.17075	8.2087047E-007
3.17225	8.2087047E-007
3.17375	8.2087047E-007
3.17525	8.2087047E-007
3.17675	8.2087047E-007
3.17825	8.2087047E-007
3.17975	8.2087047E-007
3.18125	8.2087047E-007
3.18275	8.2087047E-007
3.18425	8.2087047E-007
3.18575	8.2087047E-007
3.18725	8.2087047E-007
3.18875	8.2087047E-007
3.19025	8.2087047E-007
3.19175	8.2087047E-007
3.19325	8.2087047E-007
3.19475	8.2087047E-007
3.19625	8.2087047E-007
3.19775	8.2087047E-007
3.19925	8.2087047E-007
3.20075	8.2087047E-007
3.20225	8.2087047E-007
3.20375	8.2087047E-007
3.20525	8.2087047E-007
3.20675	8.2087047E-007
3.20825	8.2087047E-007
3.20975	8.2087047E-007
3.21125	8.2087047E-007
3.21275	8.2087047E-007
3.21425	8.2087047E-007
3.21575	8.2087047E-007
3.21725	8.2087047E-007
3.21875	8.2087047E-007
3.22025	8.2087047E-007
3.22175	8.2087047E-007
3.22325	8.2087047E-007
3.22475	8.2087047E-007
3.22625	8.2087047E-007
3.22775	8.2087047E-007
3.22925	8.2087047E-007
3.23075	8.2087047E-007
3.23225	8.2087047E-007
3.23375	8.2087047E-007
3.23525	8.2087047E-007
3.23675	8.2087047E-007
3.23825	8.2087047E-007
3.23975	8.2087047E-007
3.24125	8.2087047E-007
3.24275	8.2087047E-007
3.24425	8.2087047E-007
3.24575	8.2087047E-007
3.24725	8.2087047E-007
3.24875	8.2087047E-007
3.25025	8.2087047E-007
3.25175	8.2087047E-007
3.25325	8.2087047E-007
3.25475	8.2087047E-007
3.25625	8.2087047E-007
3.25775	8.2087047E-007
3.25925	8.2087047E-007
3.26075	8.2087047E-007
3.26225	8.2087047E-007
3.26375	8.2087047E-007
3.26525	8.2087047E-007
3.26675	8.2087047E-007
3.26825	8.2087047E-007
3.26975	8.2087047E-007
3.27125	8.2087047E-007
3.27275	8.2087047E-007
3.27425	8.2087047E-007
3.27575	8.2087047E-007
3.27725	8.2087047E-007
3.27875	8.2087047E-007
3.28025	8.2087047E-007
3.28175	8.2087047E-007
3.28325	8.2087047E-007
3.28475	8.2087047E-007
3.28625	8.2087047E-007
3.28775	8.2087047E-007
3.28925	8.2087047E-007
3.29075	8.2087047E-007
3.29225	8.2087047E-007
3.29375	8.2087047E-007
3.29525	8.2087047E-007
3.29675	8.2087047E-007
3.29825	8.2087047E-007
3.29975	8.2087047E-007
3.30125	8.2087047E-007
3.30275	8.2087047E-007
3.30425	8.2087047E-007
3.30575	8.2087047E-007
3.30725	8.2087047E-007
3.30875	8.2087047E-007
3.31025	8.2087047E-007
3.31175	8.2087047E-007
3.31325	8.2087047E-007
3.31475	8.2087047E-007
3.31625	8.2087047E-007
3.31775	8.2087047E-007
3.31925	8.2087047E-007
3.32075	8.2087047E-007
3.32225	8.2087047E-007
3.32375	8.2087047E-007
3.32525	8.2087047E-007
3.32675	8.2087047E-007
3.32825	8.2087047E-007
3.32975	8.2087047E-007
3.33125	8.2087047E-007
3.33275	8.2087047E-007
3.33425	8.2087047E-007
3.33575	8.2087047E-007
3.33725	8.2087047E-007
3.33875	8.2087047E-007
3.34025	8.2087047E-007
3.34175	8.2087047E-007
3.34325	8.2087047E-007
3.34475	8.2087047E-007
3.34625	8.2087047E-007
3.34775	8.2087047E-007
3.34925	8.2087047E-007
3.35075	8.2087047E-007
3.35225	8.2087047E-007
3.35375	8.2087047E-007
3.35525	8.2087047E-007
3.35675	8.2087047E-007
3.35825	8.2087047E-007
3.35975	8.2087047E-007
3.36125	8.2087047E-007
3.36275	8.2087047E-007
3.36425	8.2087047E-007
3.36575	8.2087047E-007
3.36725	8.2087047E-007
3.36875	8.2087047E-007
3.37025	8.2087047E-007
3.37175	8.2087047E-007
3.37325	8.2087047E-007
3.37475	8.2087047E-007
3.37625	8.2087047E-007
3.37775	8.2087047E-007
3.37925	8.2087047E-007
3.38075	8.2087047E-007
3.38225	8.2087047E-007
3.38375	8.2087047E-007
3.38525	8.2087047E-007
3.38675	8.2087047E-007
3.38825	8.2087047E-007
3.38975	8.2087047E-007
3.39125	8.2087047E-007
3.39275	8.2087047E-007
3.39425	8.2087047E-007
3.39575	8.2087047E-007
3.39725	8.2087047E-007
3.39875	8.2087047E-007
3.40025	8.2087047E-007
3.40175	8.2087047E-007
3.40325	8.2087047E-007
3.40475	8.2087047E-007
3.40625	8.2087047E-007
3.40775	8.2087047E-007
3.40925	8.2087047E-007
3.41075	8.2087047E-007
3.41225	8.2087047E-007
3.41375	8.2087047E-007
3.41525	8.2087047E-007
3.41675	8.2087047E-007
3.41825	8.2087047E-007
3.41975	8.2087047E-007
3.42125	8.2087047E-007
3.42275	8.2087047E-007
3.42425	8.2087047E-007
3.42575	8.2087047E-007
3.42725	8.2087047E-007
3.42875	8.2087047E-007
3.43025	8.2087047E-007
3.43175	8.2087047E-007
3.43325	8.2087047E-007
3.43475	8.2087047E-007
3.43625	8.2087047E-007
3.43775	8.2087047E-007
3.43925	8.2087047E-007
3.44075	8.2087047E-007
3.44225	8.2087047E-007
3.44375	8.2087047E-007
3.44525	8.2087047E-007
3.44675	8.2087047E-007
3.44825	8.2087047E-007
3.44975	8.2087047E-007
3.45125	8.2087047E-007
3.45275	8.2087047E-007
3.45425	8.2087047E-007
3.45575	8.2087047E-007
3.45725	8.2087047E-007
3.45875	8.2087047E-007
3.46025	8.2087047E-007
3.46175	8.2087047E-007
3.46325	8.2087047E-007
3.46475	8.2087047E-007
3.46625	8.2087047E-007
3.46775	8.2087058E-007
3.46925	8.2087064E-007
3.47075	8.2087092E-007
3.47225	8.2087195E-007
3.47375	8.2087507E-007
3.47525	8.2088371E-007
3.47675	8.2090685E-007
3.47825	8.2096443E-007
3.47975	8.2110199E-007
3.48125	8.2141366E-007
3.48275	8.2208493E-007
3.48425	8.2345923E-007
3.48575	8.2613650E-007
3.48725	8.3110189E-007
3.48875	8.3987607E-007
3.49025	8.5466183E-007
3.49175	8.7844677E-007
3.49325	9.1501380E-007
3.49475	9.6881433E-007
3.49625	1.0446821E-006
3.49775	1.1474004E-006
3.49925	1.2811832E-006
3.50075	1.4491591E-006
3.50225	1.6529586E-006
3.50375	1.8924831E-006
3.50525	2.1658932E-006
3.50675	2.4697911E-006
3.50825	2.7995397E-006
3.50975	3.1496315E-006
3.51125	3.5140449E-006
3.51275	3.8865251E-006
3.51425	4.2607849E-006
3.51575	4.6306359E-006
3.51725	4.9900764E-006
3.51875	5.3333420E-006
3.52025	5.6549679E-006
3.52175	5.9498439E-006
3.52325	6.2132990E-006
3.52475	6.4411547E-006
3.52625	6.6298189E-006
3.52775	6.7763372E-006
3.52925	6.8784589E-006
3.53075	6.9346711E-006
3.53225	6.9442358E-006
3.53375	6.9071971E-006
3.53525	6.8243717E-006
3.53675	6.6973325E-006
3.53825	6.5283562E-006
3.53975	6.3203820E-006
3.54125	6.0769148E-006
3.54275	5.8019641E-006
3.54425	5.4999377E-006
3.54575	5.1755778E-006
3.54725	4.8338761E-006
3.54875	4.4800149E-006
3.55025	4.1193202E-006
3.55175	3.7572199E-006
3.55325	3.3992087E-006
3.55475	3.0507852E-006
3.55625	2.7173571E-006
3.55775	2.4040935E-006
3.55925	2.1157014E-006
3.56075	1.8561452E-006
3.56225	1.6283395E-006
3.56375	1.4338748E-006
3.56525	1.2728424E-006
3.56675	1.1438193E-006
3.56825	1.0440386E-006
3.56975	9.6972303E-007
3.57125	9.1652646E-007
3.57275	8.7999496E-007
3.57425	8.5596594E-007
3.57575	8.4084860E-007
3.57725	8.3176297E-007
3.57875	8.2655214E-007
3.58025	8.2370292E-007
3.58175	8.2221874E-007
3.58325	8.2148279E-007
3.58475	8.2113559E-007
3.58625	8.2097984E-007
3.58775	8.2091344E-007
3.58925	8.2088656E-007
3.59075	8.2087615E-007
3.59225	8.2087240E-007
3.59375	8.2087109E-007
3.59525	8.2087064E-007
3.59675	8.2087053E-007
3.59825	8.2087047E-007
3.59975	8.2087047E-007
3.60125	8.2087047E-007
3.60275	8.2087047E-007
3.60425	8.2087047E-007
3.60575	8.2087047E-007
3.60725	8.2087047E-007
3.60875	8.2087047E-007
3.61025	8.2087047E-007
3.61175	8.2087047E-007
3.61325	8.2087047E-007
3.61475	8.2087047E-007
3.61625	8.2087047E-007
3.61775	8.2087047E-007
3.61925	8.2087047E-007
3.62075	8.2087047E-007
3.62225	8.2087047E-007
3.62375	8.2087047E-007
3.62525	8.2087047E-007
3.62675	8.2087047E-007
3.62825	8.2087047E-007
3.62975	8.2087047E-007
3.63125	8.2087047E-007
3.63275	8.2087047E-007
3.63425	8.2087047E-007
3.63575	8.2087047E-007
3.63725	8.2087047E-007
3.63875	8.2087047E-007
3.64025	8.2087047E-007
3.64175	8.2087047E-007
3.64325	8.2087047E-007
3.64475	8.2087047E-007
3.64625	8.2087047E-007
3.64775	8.2087047E-007
3.64925	8.2087047E-007
3.65075	8.2087047E-007
3.65225	8.2087047E-007
3.65375	8.2087047E-007
3.65525	8.2087047E-007
3.65675	8.2087047E-007
3.65825	8.2087047E-007
3.65975	8.2087047E-007
3.66125	8.2087047E-007
3.66275	8.2087047E-007
3.66425	8.2087047E-007
3.66575	8.2087047E-007
3.66725	8.2087047E-007
3.66875	8.2087047E-007
3.67025	8.2087047E-007
3.67175	8.2087047E-007
3.67325	8.2087047E-007
3.67475	8.2087047E-007
3.67625	8.2087047E-007
3.67775	8.2087047E-007
3.67925	8.2087047E-007
3.68075	8.2087047E-007
3.68225	8.2087047E-007
3.68375	8.2087047E-007
3.68525	8.2087047E-007
3.68675	8.2087047E-007
3.68825	8.2087047E-007
3.68975	8.2087047E-007
3.69125	8.2087047E-007
3.69275	8.2087047E-007
3.69425	8.2087047E-007
3.69575	8.2087047E-007
3.69725	8.2087047E-007
3.69875	8.2087047E-007
3.70025	8.2087047E-007
3.70175	8.2087047E-007
3.70325	8.2087047E-007
3.70475	8.2087047E-007
3.70625	8.2087047E-007
3.70775	8.2087047E-007
3.70925	8.2087047E-007
3.71075	8.2087047E-007
3.71225	8.2087047E-007
3.71375	8.2087047E-007
3.71525	8.2087047E-007
3.71675	8.2087047E-007
3.71825	8.2087047E-007
3.71975	8.2087047E-007
3.72125	8.2087047E-007
3.72275	8.2087047E-007
3.72425	8.2087047E-007
3.72575	8.2087047E-007
3.72725	8.2087047E-007
3.72875	8.2087047E-007
3.73025	8.2087047E-007
3.73175	8.2087047E-007
3.73325	8.2087047E-007
3.73475	8.2087047E-007
3.73625	8.2087047E-007
3.73775	8.2087047E-007
3.73925	8.2087047E-007
3.74075	8.2087047E-007
3.74225	8.2087047E-007
3.74375	8.2087047E-007
3.74525	8.2087047E-007
3.74675	8.2087047E-007
3.74825	8.2087047E-007
3.74975	8.2087047E-007
3.75125	8.2087047E-007
3.75275	8.2087047E-007
3.75425	8.2087047E-007
3.75575	8.2087047E-007
3.75725	8.2087047E-007
3.75875	8.2087047E-007
3.76025	8.2087047E-007
3.76175	8.2087047E-007
3.76325	8.2087047E-007
3.76475	8.2087047E-007
3.76625	8.2087047E-007
3.76775	8.2087047E-007
3.76925	8.2087047E-007
3.77075	8.2087047E-007
3.77225	8.2087047E-007
3.77375	8.2087047E-007
3.77525	8.2087047E-007
3.77675	8.2087047E-007
3.77825	8.2087047E-007
3.77975	8.2087047E-007
3.78125	8.2087047E-007
3.78275	8.2087047E-007
3.78425	8.2087047E-007
3.78575	8.2087047E-007
3.78725	8.2087047E-007
3.78875	8.2087047E-007
3.79025	8.2087047E-007
3.79175	8.2087047E-007
3.79325	8.2087047E-007
3.79475	8.2087047E-007
3.79625	8.2087047E-007
3.79775	8.2087047E-007
3.79925	8.2087047E-007
3.80075	8.2087047E-007
3.80225	8.2087047E-007
3.80375	8.2087047E-007
3.80525	8.2087047E-007
3.80675	8.2087047E-007
3.80825	8.2087047E-007
3.80975	8.2087047E-007
3.81125	8.2087047E-007
3.81275	8.2087047E-007
3.81425	8.2087047E-007
3.81575	8.2087047E-007
3.81725	8.2087047E-007
3.81875	8.2087047E-007
3.82025	8.2087047E-007
3.82175	8.2087047E-007
3.82325	8.2087047E-007
3.82475	8.2087047E-007
3.82625	8.2087047E-007
3.82775	8.2087047E-007
3.82925	8.2087047E-007
3.83075	8.2087047E-007
3.83225	8.2087047E-007
3.83375	8.2087047E-007
3.83525	8.2087047E-007
3.83675	8.2087047E-007
3.83825	8.2087047E-007
3.83975	8.2087047E-007
3.84125	8.2087047E-007
3.84275	8.2087047E-007
3.84425	8.2087047E-007
3.84575	8.2087047E-007
3.84725	8.2087047E-007
3.84875	8.2087047E-007
3.85025	8.2087047E-007
3.85175	8.2087047E-007
3.85325	8.2087047E-007
3.85475	8.2087047E-007
3.85625	8.2087047E-007
3.85775	8.2087047E-007
3.85925	8.2087047E-007
3.86075	8.2087047E-007
3.86225	8.2087047E-007
3.86375	8.2087047E-007
3.86525	8.2087047E-007
3.86675	8.2087047E-007
3.86825	8.2087047E-007
3.86975	8.2087047E-007
3.87125	8.2087047E-007
3.87275	8.2087047E-007
3.87425	8.2087047E-007
3.87575	8.2087047E-007
3.87725	8.2087047E-007
3.87875	8.2087047E-007
3.88025	8.2087047E-007
3.88175	8.2087047E-007
3.88325	8.2087047E-007
3.88475	8.2087047E-007
3.88625	8.2087047E-007
3.88775	8.2087047E-007
3.88925	8.2087047E-007
3.89075	8.2087047E-007
3.89225	8.2087047E-007
3.89375	8.2087047E-007
3.89525	8.2087047E-007
3.89675	8.2087047E-007
3.89825	8.2087047E-007
3.89975	8.2086996E-007
3.90125	8.2086996E-007
3.90275	8.2086996E-007
3.90425	8.2086996E-007
3.90575	8.2086996E-007
3.90725	8.2086996E-007
3.90875	8.2086996E-007
3.91025	8.2086996E-007
3.91175	8.2086996E-007
3.91325	8.2086996E-007
3.91475	8.2086996E-007
3.91625	8.2086996E-007
3.91775	8.2086996E-007
3.91925	8.2086996E-007
3.92075	8.2086996E-007
3.92225	8.2086996E-007
3.92375	8.2086996E-007
3.92525	8.2086996E-007
3.92675	8.2086996E-007
3.92825	8.2086996E-007
3.92975	8.2086996E-007
3.93125	8.2086996E-007
3.93275	8.2086996E-007
3.93425	8.2086996E-007
3.93575	8.2086996E-007
3.93725	8.2086996E-007
3.93875	8.2086996E-007
3.94025	8.2086996E-007
3.94175	8.2086996E-007
3.94325	8.2086996E-007
3.94475	8.2086996E-007
3.94625	8.2086996E-007
3.94775	8.2086996E-007
3.94925	8.2086996E-007
3.95075	8.2086996E-007
3.95225	8.2086996E-007
3.95375	8.2086996E-007
3.95525	8.2086996E-007
3.95675	8.2086996E-007
3.95825	8.2086996E-007
3.95975	8.2086996E-007
3.96125	8.2086996E-007
3.96275	8.2086996E-007
3.96425	8.2086996E-007
3.96575	8.2086996E-007
3.96725	8.2086996E-007
3.96875	8.2086996E-007
3.97025	8.2086996E-007
3.97175	8.2086996E-007
3.97325	8.2086996E-007
3.97475	8.2086996E-007
3.97625	8.2086996E-007
3.97775	8.2086996E-007
3.97925	8.2086996E-007
3.98075	8.2086996E-007
3.98225	8.2086996E-007
3.98375	8.2086996E-007
3.98525	8.2086996E-007
3.98675	8.2086996E-007
3.98825	8.2086996E-007
3.98975	8.2086996E-007
3.99125	8.2086996E-007
3.99275	8.2086996E-007
3.99425	8.2086996E-007
3.99575	8.2086996E-007
3.99725	8.2086996E-007
3.99875	8.2086996E-007
