theta_deg	I
0.20225	8.7913293E-001
0.20375	8.7972516E-001
0.20525	8.7928396E-001
0.20675	8.7785482E-001
0.20825	8.7665361E-001
0.20975	8.7521029E-001
0.21125	8.7313241E-001
0.21275	8.7015039E-001
0.21425	8.6519051E-001
0.21575	8.5776997E-001
0.21725	8.4637570E-001
0.21875	8.3145332E-001
0.22025	8.1384999E-001
0.22175	7.9377031E-001
0.22325	7.7248591E-001
0.22475	7.5137824E-001
0.22625	7.3141629E-001
0.22775	7.1380162E-001
0.22925	6.9866133E-001
0.23075	6.8672085E-001
0.23225	6.7751551E-001
0.23375	6.7111486E-001
0.23525	6.6712588E-001
0.23675	6.6431564E-001
0.23825	6.6148072E-001
0.23975	6.5790087E-001
0.24125	6.5361047E-001
0.24275	6.4795101E-001
0.24425	6.4173716E-001
0.24575	6.3528442E-001
0.24725	6.2955791E-001
0.24875	6.2431020E-001
0.25025	6.1881930E-001
0.25175	6.1252689E-001
0.25325	6.0509175E-001
0.25475	5.9631485E-001
0.25625	5.8589584E-001
0.25775	5.7426757E-001
0.25925	5.6194979E-001
0.26075	5.4923880E-001
0.26225	5.3583223E-001
0.26375	5.2140319E-001
0.26525	5.0552613E-001
0.26675	4.8815498E-001
0.26825	4.6972218E-001
0.26975	4.5021191E-001
0.27125	4.3013057E-001
0.27275	4.1031036E-001
0.27425	3.9086795E-001
0.27575	3.7181541E-001
0.27725	3.5326374E-001
0.27875	3.3502850E-001
0.28025	3.1734189E-001
0.28175	2.9996657E-001
0.28325	2.8352824E-001
0.28475	2.6818767E-001
0.28625	2.5369781E-001
0.28775	2.4042027E-001
0.28925	2.2800444E-001
0.29075	2.1651268E-001
0.29225	2.0532298E-001
0.29375	1.9469436E-001
0.29525	1.8458891E-001
0.29675	1.7523770E-001
0.29825	1.6685647E-001
0.29975	1.5925907E-001
0.30125	1.5266377E-001
0.30275	1.4669780E-001
0.30425	1.4139102E-001
0.30575	1.3650821E-001
0.30725	1.3156234E-001
0.30875	1.2658061E-001
0.31025	1.2172025E-001
0.31175	1.1686835E-001
0.31325	1.1203945E-001
0.31475	1.0711396E-001
0.31625	1.0247317E-001
0.31775	9.8144859E-002
0.31925	9.4091810E-002
0.32075	9.0478212E-002
0.32225	8.7490104E-002
0.32375	8.5001498E-002
0.32525	8.2938790E-002
0.32675	8.1239723E-002
0.32825	7.9637796E-002
0.32975	7.8047223E-002
0.33125	7.6086991E-002
0.33275	7.3958330E-002
0.33425	7.1573570E-002
0.33575	6.8827756E-002
0.33725	6.5971956E-002
0.33875	6.3036114E-002
0.34025	6.0120109E-002
0.34175	5.7519864E-002
0.34325	5.5089403E-002
0.34475	5.3062130E-002
0.34625	5.1451445E-002
0.34775	5.0236423E-002
0.34925	4.9470276E-002
0.35075	4.8876788E-002
0.35225	4.8580319E-002
0.35375	4.8293695E-002
0.35525	4.8001468E-002
0.35675	4.7585834E-002
0.35825	4.6878651E-002
0.35975	4.5909613E-002
0.36125	4.4510584E-002
0.36275	4.2911250E-002
0.36425	4.1042950E-002
0.36575	3.9020192E-002
0.36725	3.6931898E-002
0.36875	3.4900110E-002
0.37025	3.3135924E-002
0.37175	3.1646866E-002
0.37325	3.0463032E-002
0.37475	2.9640658E-002
0.37625	2.9189864E-002
0.37775	2.9059073E-002
0.37925	2.9176457E-002
0.38075	2.9395767E-002
0.38225	2.9732184E-002
0.38375	2.9993767E-002
0.38525	3.0126886E-002
0.38675	3.0098155E-002
0.38825	2.9752707E-002
0.38975	2.9256627E-002
0.39125	2.8371183E-002
0.39275	2.7285857E-002
0.39425	2.5970412E-002
0.39575	2.4538131E-002
0.39725	2.3080265E-002
0.39875	2.1570412E-002
0.40025	2.0257430E-002
0.40175	1.9133659E-002
0.40325	1.8254234E-002
0.40475	1.7592065E-002
0.40625	1.7221989E-002
0.40775	1.7086683E-002
0.40925	1.7176019E-002
0.41075	1.7378090E-002
0.41225	1.7744474E-002
0.41375	1.8178850E-002
0.41525	1.8590244E-002
0.41675	1.8936787E-002
0.41825	1.9181816E-002
0.41975	1.9232301E-002
0.42125	1.9077428E-002
0.42275	1.8761668E-002
0.42425	1.8204024E-002
0.42575	1.7473038E-002
0.42725	1.6571039E-002
0.42875	1.5650025E-002
0.43025	1.4679345E-002
0.43175	1.3655718E-002
0.43325	1.2735524E-002
0.43475	1.1935450E-002
0.43625	1.1292710E-002
0.43775	1.0810722E-002
0.43925	1.0523143E-002
0.44075	1.0444339E-002
0.44225	1.0583203E-002
0.44375	1.0826728E-002
0.44525	1.1159590E-002
0.44675	1.1628992E-002
0.44825	1.2058444E-002
0.44975	1.2496104E-002
0.45125	1.2799279E-002
0.45275	1.3039931E-002
0.45425	1.3123386E-002
0.45575	1.3022554E-002
0.45725	1.2817201E-002
0.45875	1.2358882E-002
0.46025	1.1775379E-002
0.46175	1.1094332E-002
0.46325	1.0349118E-002
0.46475	9.5605357E-003
0.46625	8.7703122E-003
0.46775	8.0613540E-003
0.46925	7.4671805E-003
0.47075	6.9568730E-003
0.47225	6.6007520E-003
0.47375	6.3858218E-003
0.47525	6.3466933E-003
0.47675	6.4361678E-003
0.47825	6.6565718E-003
0.47975	6.9998321E-003
0.48125	7.3998696E-003
0.48275	7.8653032E-003
0.48425	8.2738223E-003
0.48575	8.6426670E-003
0.48725	8.9536402E-003
0.48875	9.1542052E-003
0.49025	9.2098881E-003
0.49175	9.1257486E-003
0.49325	8.9544607E-003
0.49475	8.6645558E-003
0.49625	8.2175927E-003
0.49775	7.6901838E-003
0.49925	7.1272030E-003
0.50075	6.5162028E-003
0.50225	5.8822180E-003
0.50375	5.3021363E-003
0.50525	4.8176860E-003
0.50675	4.4012312E-003
0.50825	4.1214512E-003
0.50975	3.9445539E-003
0.51125	3.9143185E-003
0.51275	4.0063928E-003
0.51425	4.1953302E-003
0.51575	4.4952207E-003
0.51725	4.8309569E-003
0.51875	5.2140295E-003
0.52025	5.6165289E-003
0.52175	5.9956349E-003
0.52325	6.3250773E-003
0.52475	6.5649077E-003
0.52625	6.7171790E-003
0.52775	6.8132207E-003
0.52925	6.7728609E-003
0.53075	6.6428897E-003
0.53225	6.3999128E-003
0.53375	6.0949600E-003
0.53525	5.7055936E-003
0.53675	5.2231955E-003
0.53825	4.7189076E-003
0.53975	4.2133890E-003
0.54125	3.7469978E-003
0.54275	3.3171354E-003
0.54425	2.9760639E-003
0.54575	2.7423894E-003
0.54725	2.6098192E-003
0.54875	2.5745218E-003
0.55025	2.6475794E-003
0.55175	2.8307701E-003
0.55325	3.0877024E-003
0.55475	3.3637881E-003
0.55625	3.7167624E-003
0.55775	4.0786290E-003
0.55925	4.4195643E-003
0.56075	4.7153509E-003
0.56225	4.9964986E-003
0.56375	5.2175862E-003
0.56525	5.3264885E-003
0.56675	5.3591863E-003
0.56825	5.3149965E-003
0.56975	5.1724389E-003
0.57125	4.9291882E-003
0.57275	4.6276548E-003
0.57425	4.2652409E-003
0.57575	3.8564473E-003
0.57725	3.4228910E-003
0.57875	3.0117722E-003
0.58025	2.6280154E-003
0.58175	2.2906379E-003
0.58325	2.0283698E-003
0.58475	1.8546190E-003
0.58625	1.7688380E-003
0.58775	1.7775940E-003
0.58925	1.8492833E-003
0.59075	2.0164673E-003
0.59225	2.2464476E-003
0.59375	2.5230807E-003
0.59525	2.8551228E-003
0.59675	3.1680111E-003
0.59825	3.5022420E-003
0.59975	3.8055535E-003
0.60125	4.0708310E-003
0.60275	4.2750910E-003
0.60425	4.4028726E-003
0.60575	4.4549978E-003
0.60725	4.4216164E-003
0.60875	4.3045054E-003
0.61025	4.0998352E-003
0.61175	3.8522063E-003
0.61325	3.5298776E-003
0.61475	3.1873013E-003
0.61625	2.8211933E-003
0.61775	2.4534436E-003
0.61925	2.1216755E-003
0.62075	1.8039985E-003
0.62225	1.5484343E-003
0.62375	1.3544356E-003
0.62525	1.2284321E-003
0.62675	1.2033954E-003
0.62825	1.2426603E-003
0.62975	1.3707160E-003
0.63125	1.5666304E-003
0.63275	1.8306770E-003
0.63425	2.1385031E-003
0.63575	2.4621997E-003
0.63725	2.7935572E-003
0.63875	3.0892072E-003
0.64025	3.3736390E-003
0.64175	3.6171637E-003
0.64325	3.7824318E-003
0.64475	3.9099404E-003
0.64625	3.9554988E-003
0.64775	3.9160973E-003
0.64925	3.7863997E-003
0.65075	3.6084075E-003
0.65225	3.3901932E-003
0.65375	3.0644445E-003
0.65525	2.7314450E-003
0.65675	2.3977612E-003
0.65825	2.0643512E-003
0.65975	1.7338142E-003
0.66125	1.4433631E-003
0.66275	1.2177606E-003
0.66425	1.0497560E-003
0.66575	9.5535588E-004
0.66725	9.4550545E-004
0.66875	9.9981972E-004
0.67025	1.1177514E-003
0.67175	1.2998477E-003
0.67325	1.5227138E-003
0.67475	1.8003047E-003
0.67625	2.1053946E-003
0.67775	2.4175991E-003
0.67925	2.7129753E-003
0.68075	3.0188861E-003
0.68225	3.2825221E-003
0.68375	3.4669442E-003
0.68525	3.6040295E-003
0.68675	3.6597122E-003
0.68825	3.6498616E-003
0.68975	3.5482105E-003
0.69125	3.3765119E-003
0.69275	3.1677373E-003
0.69425	2.8947981E-003
0.69575	2.5961380E-003
0.69725	2.2743570E-003
0.69875	1.9551755E-003
0.70025	1.6593887E-003
0.70175	1.3682535E-003
0.70325	1.1234974E-003
0.70475	9.4167469E-004
0.70625	8.2401669E-004
0.70775	7.7572215E-004
0.70925	8.0883061E-004
0.71075	9.2252105E-004
0.71225	1.1037965E-003
0.71375	1.3235160E-003
0.71525	1.6314791E-003
0.71675	1.9514817E-003
0.71825	2.2985728E-003
0.71975	2.6304778E-003
0.72125	2.9499333E-003
0.72275	3.2636421E-003
0.72425	3.4962222E-003
0.72575	3.6895368E-003
0.72725	3.7861262E-003
0.72875	3.8299058E-003
0.73025	3.7734024E-003
0.73175	3.6441155E-003
0.73325	3.4375302E-003
0.73475	3.1755355E-003
0.73625	2.8752338E-003
0.73775	2.5286900E-003
0.73925	2.1947327E-003
0.74075	1.8423059E-003
0.74225	1.5254500E-003
0.74375	1.2333571E-003
0.74525	1.0039239E-003
0.74675	8.5780915E-004
0.74825	7.7380682E-004
0.74975	7.7845837E-004
0.75125	8.7176397E-004
0.75275	1.0572806E-003
0.75425	1.3211902E-003
0.75575	1.6561053E-003
0.75725	2.0579211E-003
0.75875	2.4969496E-003
0.76025	2.9372098E-003
0.76175	3.3615995E-003
0.76325	3.7866731E-003
0.76475	4.1709770E-003
0.76625	4.4852337E-003
0.76775	4.7070053E-003
0.76925	4.8617390E-003
0.77075	4.9242619E-003
0.77225	4.8529836E-003
0.77375	4.6847048E-003
0.77525	4.4274991E-003
0.77675	4.1024345E-003
0.77825	3.6989774E-003
0.77975	3.2581699E-003
0.78125	2.8054600E-003
0.78275	2.3437205E-003
0.78425	1.9119430E-003
0.78575	1.5322906E-003
0.78725	1.2333571E-003
0.78875	1.0259507E-003
0.79025	9.3018246E-004
0.79175	9.5987070E-004
0.79325	1.1003762E-003
0.79475	1.3917852E-003
0.79625	1.7910016E-003
0.79775	2.3195050E-003
0.79925	2.9186036E-003
0.80075	3.5934953E-003
0.80225	4.3295422E-003
0.80375	5.0642206E-003
0.80525	5.7853549E-003
0.80675	6.4449240E-003
0.80825	7.0321201E-003
0.80975	7.4897553E-003
0.81125	7.8435494E-003
0.81275	8.0519142E-003
0.81425	8.1142997E-003
0.81575	7.9906220E-003
0.81725	7.7427193E-003
0.81875	7.3570465E-003
0.82025	6.8143154E-003
0.82175	6.1822454E-003
0.82325	5.4764342E-003
0.82475	4.7328630E-003
0.82625	3.9897021E-003
0.82775	3.3085167E-003
0.82925	2.7147538E-003
0.83075	2.2334503E-003
0.83225	1.9267187E-003
0.83375	1.8539350E-003
0.83525	1.9958087E-003
0.83675	2.3682101E-003
0.83825	2.9663506E-003
0.83975	3.7807904E-003
0.84125	4.8138555E-003
0.84275	5.9953611E-003
0.84425	7.3218867E-003
0.84575	8.7231118E-003
0.84725	1.0173452E-002
0.84875	1.1634191E-002
0.85025	1.2977817E-002
0.85175	1.4138390E-002
0.85325	1.5125624E-002
0.85475	1.5839234E-002
0.85625	1.6244195E-002
0.85775	1.6321221E-002
0.85925	1.6038293E-002
0.86075	1.5478325E-002
0.86225	1.4608475E-002
0.86375	1.3503722E-002
0.86525	1.2192382E-002
0.86675	1.0751071E-002
0.86825	9.3347961E-003
0.86975	8.0290670E-003
0.87125	6.9013275E-003
0.87275	6.1566620E-003
0.87425	5.9526754E-003
0.87575	6.4451974E-003
0.87725	7.7756909E-003
0.87875	1.0073990E-002
0.88025	1.3473897E-002
0.88175	1.8049972E-002
0.88325	2.3922751E-002
0.88475	3.1044619E-002
0.88625	3.9381374E-002
0.88775	4.8793476E-002
0.88925	5.9223305E-002
0.89075	7.0528738E-002
0.89225	8.2420267E-002
0.89375	9.4808973E-002
0.89525	1.0755298E-001
0.89675	1.2037320E-001
0.89825	1.3294947E-001
0.89975	1.4532821E-001
0.90125	1.5723710E-001
0.90275	1.6822939E-001
0.90425	1.7837669E-001
0.90575	1.8761940E-001
0.90725	1.9585097E-001
0.90875	2.0279415E-001
0.91025	2.0836909E-001
0.91175	2.1298020E-001
0.91325	2.1609144E-001
0.91475	2.1812445E-001
0.91625	2.1893917E-001
0.91775	2.1835484E-001
0.91925	2.1670091E-001
0.92075	2.1386290E-001
0.92225	2.1006185E-001
0.92375	2.0496947E-001
0.92525	1.9891663E-001
0.92675	1.9206949E-001
0.92825	1.8451011E-001
0.92975	1.7611288E-001
0.93125	1.6699986E-001
0.93275	1.5730728E-001
0.93425	1.4703847E-001
0.93575	1.3644393E-001
0.93725	1.2553415E-001
0.93875	1.1442736E-001
0.94025	1.0347668E-001
0.94175	9.2598654E-002
0.94325	8.2207397E-002
0.94475	7.2139695E-002
0.94625	6.2534697E-002
0.94775	5.3610194E-002
0.94925	4.5243483E-002
0.95075	3.7729237E-002
0.95225	3.0890295E-002
0.95375	2.4978802E-002
0.95525	1.9928398E-002
0.95675	1.5753454E-002
0.95825	1.2437274E-002
0.95975	9.9040708E-003
0.96125	8.0813291E-003
0.96275	6.8730074E-003
0.96425	6.1881281E-003
0.96575	5.9581478E-003
0.96725	6.0848356E-003
0.96875	6.4863772E-003
0.97025	7.0338976E-003
0.97175	7.6551600E-003
0.97325	8.3078882E-003
0.97475	8.8876961E-003
0.97625	9.3670851E-003
0.97775	9.6968003E-003
0.97925	9.8932609E-003
0.98075	9.9441549E-003
0.98225	9.8040607E-003
0.98375	9.5324898E-003
0.98525	9.0990709E-003
0.98675	8.4932679E-003
0.98825	7.8053791E-003
0.98975	7.0568831E-003
0.99125	6.2657013E-003
0.99275	5.4490720E-003
0.99425	4.6722558E-003
0.99575	3.9788936E-003
0.99725	3.3483289E-003
0.99875	2.7712572E-003
1.00025	2.3084234E-003
1.00175	1.9535336E-003
1.00325	1.7060415E-003
1.00475	1.5714188E-003
1.00625	1.5145052E-003
1.00775	1.5602004E-003
1.00925	1.6588415E-003
1.01075	1.8130281E-003
1.01225	1.9964927E-003
1.01375	2.2096452E-003
1.01525	2.4336060E-003
1.01675	2.6348559E-003
1.01825	2.8315911E-003
1.01975	2.9850937E-003
1.02125	3.0812724E-003
1.02275	3.1057615E-003
1.02425	3.0667705E-003
1.02575	2.9831787E-003
1.02725	2.8415781E-003
1.02875	2.6649544E-003
1.03025	2.4721869E-003
1.03175	2.2583504E-003
1.03325	2.0439664E-003
1.03475	1.8071454E-003
1.03625	1.5740184E-003
1.03775	1.3480053E-003
1.03925	1.1364945E-003
1.04075	9.5904974E-004
1.04225	8.0445252E-004
1.04375	6.9171982E-004
1.04525	6.2331394E-004
1.04675	5.9061596E-004
1.04825	5.8911106E-004
1.04975	6.2126177E-004
1.05125	6.9076213E-004
1.05275	7.7845837E-004
1.05425	8.8065671E-004
1.05575	9.8285510E-004
1.05725	1.0983241E-003
1.05875	1.2046268E-003
1.06025	1.2869873E-003
1.06175	1.3768725E-003
1.06325	1.4224310E-003
1.06475	1.4574546E-003
1.06625	1.4618327E-003
1.06775	1.4492460E-003
1.06925	1.4138118E-003
1.07075	1.3429434E-003
1.07225	1.2685178E-003
1.07375	1.1690557E-003
1.07525	1.0538603E-003
1.07675	9.3360274E-004
1.07825	8.1416633E-004
1.07975	6.9349835E-004
1.08125	5.9198408E-004
1.08275	5.0374056E-004
1.08425	4.3848142E-004
1.08575	3.8266220E-004
1.08725	3.4243960E-004
1.08875	3.2150740E-004
1.09025	3.2123379E-004
1.09175	3.4243960E-004
1.09325	3.7390631E-004
1.09475	4.2206398E-004
1.09625	4.8075619E-004
1.09775	5.4368959E-004
1.09925	6.1318994E-004
1.10075	6.7229249E-004
1.10225	7.2346005E-004
1.10375	7.6682941E-004
1.10525	8.0116914E-004
1.10675	8.1690244E-004
1.10825	8.1580802E-004
1.10975	8.0677838E-004
1.11125	7.9213950E-004
1.11275	7.5930473E-004
1.11425	7.1552506E-004
1.11575	6.6832500E-004
1.11725	6.1442121E-004
1.11875	5.5354001E-004
1.12025	4.8923847E-004
1.12175	4.3054632E-004
1.12325	3.7062282E-004
1.12475	3.2096016E-004
1.12625	2.7293930E-004
1.12775	2.3791549E-004
1.12925	2.1274213E-004
1.13075	1.9988185E-004
1.13225	2.0001865E-004
1.13375	2.1233172E-004
1.13525	2.2915953E-004
1.13675	2.6117350E-004
1.13825	2.9496595E-004
1.13975	3.3614624E-004
1.14125	3.7773701E-004
1.14275	4.1809643E-004
1.14425	4.5654053E-004
1.14575	4.7966171E-004
1.14725	5.0387735E-004
1.14875	5.1400141E-004
1.15025	5.1468547E-004
1.15175	5.0538231E-004
1.15325	4.9375329E-004
1.15475	4.8499741E-004
1.15625	4.5804540E-004
1.15775	4.2630514E-004
1.15925	3.9333358E-004
1.16075	3.5475264E-004
1.16225	3.1425641E-004
1.16375	2.6760361E-004
1.16525	2.3189577E-004
1.16675	1.9960823E-004
1.16825	1.7210907E-004
1.16975	1.4857747E-004
1.17125	1.3174964E-004
1.17275	1.2299369E-004
1.17425	1.2490906E-004
1.17575	1.2983427E-004
1.17725	1.4228413E-004
1.17875	1.6554212E-004
1.18025	1.9139952E-004
1.18175	2.1588882E-004
1.18325	2.3955724E-004
1.18475	2.6787727E-004
1.18625	2.8921987E-004
1.18775	3.0481638E-004
1.18925	3.2342281E-004
1.19075	3.3970337E-004
1.19225	3.4449180E-004
1.19375	3.4544946E-004
1.19525	3.4257642E-004
1.19675	3.4134509E-004
1.19825	3.2301235E-004
1.19975	3.0290105E-004
1.20125	2.8388420E-004
1.20275	2.5706913E-004
1.20425	2.2806505E-004
1.20575	1.9509344E-004
1.20725	1.6909921E-004
1.20875	1.4392586E-004
1.21025	1.1957340E-004
1.21175	1.0260875E-004
1.21325	9.1800619E-005
1.21475	8.4549603E-005
1.21625	8.1539758E-005
1.21775	8.4275991E-005
1.21925	9.1253372E-005
1.22075	9.9872508E-005
1.22225	1.1382730E-004
1.22375	1.3092876E-004
1.22525	1.5295543E-004
1.22675	1.7169863E-004
1.22825	1.9509344E-004
1.22975	2.1944591E-004
1.23125	2.3476880E-004
1.23275	2.5036535E-004
1.23425	2.5187028E-004
1.23575	2.5474333E-004
1.23725	2.5351203E-004
1.23875	2.4325114E-004
1.24025	2.3490563E-004
1.24175	2.1862505E-004
1.24325	2.0521750E-004
1.24475	1.8414849E-004
1.24625	1.6089051E-004
1.24775	1.4269458E-004
1.24925	1.2340413E-004
1.25075	1.0507137E-004
1.25225	8.9885260E-005
1.25375	8.1676561E-005
1.25525	7.0731629E-005
1.25675	6.1975683E-005
1.25825	6.1428444E-005
1.25975	6.1154809E-005
1.26125	6.2933374E-005
1.26275	7.0184389E-005
1.26425	8.3455117E-005
1.26575	9.9872523E-005
1.26725	1.1328006E-004
1.26875	1.2873979E-004
1.27025	1.4885109E-004
1.27175	1.6143777E-004
1.27325	1.7429807E-004
1.27475	1.7977052E-004
1.27625	1.8332765E-004
1.27775	1.8661113E-004
1.27925	1.8278039E-004
1.28075	1.8086501E-004
1.28225	1.7539255E-004
1.28375	1.6882560E-004
1.28525	1.6006964E-004
1.28675	1.4912472E-004
1.28825	1.3612761E-004
1.28975	1.1546905E-004
1.29125	9.6862663E-005
1.29275	8.1950187E-005
1.29425	6.7858586E-005
1.29575	5.4177421E-005
1.29725	4.5147852E-005
1.29875	4.3369295E-005
1.30025	4.0769879E-005
1.30175	3.9812196E-005
1.30325	4.1453935E-005
1.30475	4.3916545E-005
1.30625	5.1578001E-005
1.30775	6.2112500E-005
1.30925	7.1552502E-005
1.31075	8.4686420E-005
1.31225	9.9325269E-005
1.31375	1.1369050E-004
1.31525	1.2217282E-004
1.31675	1.2860297E-004
1.31825	1.3462269E-004
1.31975	1.3571717E-004
1.32125	1.3530673E-004
1.32275	1.3503311E-004
1.32425	1.3257049E-004
1.32575	1.2572993E-004
1.32725	1.1916296E-004
1.32875	1.1136469E-004
1.33025	1.0014614E-004
1.33175	8.8380337E-005
1.33325	7.8393088E-005
1.33475	7.0047572E-005
1.33625	5.9786700E-005
1.33775	4.9662634E-005
1.33925	4.1864372E-005
1.34075	3.6118279E-005
1.34225	3.2013930E-005
1.34375	2.8730450E-005
1.34525	2.8867260E-005
1.34675	3.0645810E-005
1.34825	3.6802339E-005
1.34975	4.4874225E-005
1.35125	5.1988434E-005
1.35275	6.0333943E-005
1.35425	7.2099749E-005
1.35575	8.4686420E-005
1.35725	9.3168746E-005
1.35875	9.8367593E-005
1.36025	1.0726034E-004
1.36175	1.1369050E-004
1.36325	1.1697398E-004
1.36475	1.2025746E-004
1.36625	1.2107833E-004
1.36775	1.1971022E-004
1.36925	1.1437455E-004
1.37075	1.0767078E-004
1.37225	1.0165107E-004
1.37375	9.0022077E-005
1.37525	7.9761194E-005
1.37675	6.9500318E-005
1.37825	6.0470757E-005
1.37975	5.1714811E-005
1.38125	4.1590745E-005
1.38275	3.3245233E-005
1.38425	2.8046392E-005
1.38575	2.6131029E-005
1.38725	2.4078852E-005
1.38875	2.5583780E-005
1.39025	2.9551322E-005
1.39175	3.5434223E-005
1.39325	4.1043502E-005
1.39475	4.8841768E-005
1.39625	5.4587854E-005
1.39775	6.2796556E-005
1.39925	7.0458009E-005
1.40075	7.8666715E-005
1.40225	8.8380337E-005
1.40375	9.3579183E-005
1.40525	1.0315600E-004
1.40675	1.0561861E-004
1.40825	1.0479773E-004
1.40975	1.0507135E-004
1.41125	1.0096701E-004
1.41275	9.5494550E-005
1.41425	8.4549603E-005
1.41575	7.5520038E-005
1.41725	6.7858586E-005
1.41875	5.8965827E-005
1.42025	4.9525825E-005
1.42175	4.1590745E-005
1.42325	3.5844660E-005
1.42475	3.3382046E-005
1.42625	2.8456829E-005
1.42775	2.1753054E-005
1.42925	1.9427256E-005
1.43075	1.9153633E-005
1.43225	2.2300301E-005
1.43375	2.2847547E-005
1.43525	2.7909582E-005
1.43675	3.3245236E-005
1.43825	4.1317122E-005
1.43975	4.7200025E-005
1.44125	5.4451044E-005
1.44275	6.0744380E-005
1.44425	7.0458009E-005
1.44575	7.9350772E-005
1.44725	8.6464977E-005
1.44875	9.6315409E-005
1.45025	9.5357733E-005
1.45175	1.0124064E-004
1.45325	9.6999480E-005
1.45475	9.4536859E-005
1.45625	8.7559463E-005
1.45775	7.7572207E-005
1.45925	7.2920615E-005
1.46075	6.1838873E-005
1.46225	5.5955974E-005
1.46375	4.6515968E-005
1.46525	3.8717702E-005
1.46675	3.1877116E-005
1.46825	2.6267839E-005
1.46975	2.1342619E-005
1.47125	1.6006967E-005
1.47275	1.5870153E-005
1.47425	1.6006965E-005
1.47575	1.7648705E-005
1.47725	2.2163489E-005
1.47875	2.6541464E-005
1.48025	3.4066106E-005
1.48175	3.8854516E-005
1.48325	4.6515968E-005
1.48475	5.3082927E-005
1.48625	6.1018003E-005
1.48775	6.7721769E-005
1.48925	7.3604671E-005
1.49075	8.2907878E-005
1.49225	8.3865561E-005
1.49375	8.7285844E-005
1.49525	8.8106717E-005
1.49675	9.1253380E-005
1.49825	8.7696280E-005
1.49975	8.0718884E-005
1.50125	7.8119469E-005
1.50275	7.0868446E-005
1.50425	6.1565253E-005
1.50575	5.0073068E-005
1.50725	4.3095675E-005
1.50875	3.6528716E-005
1.51025	2.9688132E-005
1.51175	2.4215666E-005
1.51325	1.8880011E-005
1.51475	1.6827837E-005
1.51625	1.5870153E-005
1.51775	1.6006965E-005
1.51925	1.6280588E-005
1.52075	1.8195953E-005
1.52225	2.2573926E-005
1.52375	2.7499145E-005
1.52525	3.1329873E-005
1.52675	3.8991329E-005
1.52825	4.4463795E-005
1.52975	5.1441184E-005
1.53125	5.9376263E-005
1.53275	6.7448149E-005
1.53425	7.5246418E-005
1.53575	7.6751341E-005
1.53725	8.2360617E-005
1.53875	8.5507287E-005
1.54025	8.2087005E-005
1.54175	7.9487574E-005
1.54325	7.3741488E-005
1.54475	6.9910770E-005
1.54625	6.5259170E-005
1.54775	5.8418580E-005
1.54925	5.4177421E-005
1.55075	4.5968725E-005
1.55225	3.9264949E-005
1.55375	3.2834800E-005
1.55525	2.6951899E-005
1.55675	2.3257984E-005
1.55825	2.0248126E-005
1.55975	1.7375081E-005
1.56125	1.8880011E-005
1.56275	2.0111316E-005
1.56425	2.2984359E-005
1.56575	2.4899724E-005
1.56725	2.9824945E-005
1.56875	3.6939153E-005
1.57025	4.0906689E-005
1.57175	4.8978574E-005
1.57325	5.5135100E-005
1.57475	6.4027867E-005
1.57625	7.2646995E-005
1.57775	8.0445257E-005
1.57925	8.7012217E-005
1.58075	9.2347880E-005
1.58225	9.5357740E-005
1.58375	9.7683522E-005
1.58525	9.3305563E-005
1.58675	8.8243520E-005
1.58825	8.2360631E-005
1.58975	7.4562362E-005
1.59125	6.7721769E-005
1.59275	5.8418580E-005
1.59425	5.2672494E-005
1.59575	4.5831912E-005
1.59725	3.9675382E-005
1.59875	3.3655670E-005
1.60025	2.7225520E-005
1.60175	2.3942042E-005
1.60325	2.1753054E-005
1.60475	2.2847549E-005
1.60625	2.6267839E-005
1.60775	2.9414508E-005
1.60925	3.3792483E-005
1.61075	3.9128139E-005
1.61225	4.6242345E-005
1.61375	5.1988434E-005
1.61525	5.9513080E-005
1.61675	6.9363516E-005
1.61825	7.8529898E-005
1.61975	8.8380337E-005
1.62125	9.5631352E-005
1.62275	1.0178788E-004
1.62425	1.0452411E-004
1.62575	1.0452412E-004
1.62725	1.0534498E-004
1.62875	1.0260875E-004
1.63025	1.0014614E-004
1.63175	9.6315409E-005
1.63325	9.1116563E-005
1.63475	8.7696280E-005
1.63625	8.1266124E-005
1.63775	7.2236558E-005
1.63925	6.2796556E-005
1.64075	5.3766988E-005
1.64225	4.7610458E-005
1.64375	3.8033642E-005
1.64525	3.2834800E-005
1.64675	3.1603493E-005
1.64825	3.0235378E-005
1.64975	3.2287553E-005
1.65125	3.6255093E-005
1.65275	4.3916545E-005
1.65425	5.3082927E-005
1.65575	6.0607566E-005
1.65725	6.9910762E-005
1.65875	8.2087005E-005
1.66025	9.2758310E-005
1.66175	1.0630266E-004
1.66325	1.2203601E-004
1.66475	1.3886385E-004
1.66625	1.5254501E-004
1.66775	1.6253225E-004
1.66925	1.7074095E-004
1.67075	1.7730791E-004
1.67225	1.7744473E-004
1.67375	1.7388763E-004
1.67525	1.7005690E-004
1.67675	1.6745749E-004
1.67825	1.6184819E-004
1.67975	1.4953515E-004
1.68125	1.3489630E-004
1.68275	1.2189919E-004
1.68425	1.0712354E-004
1.68575	9.1527007E-005
1.68725	7.6888151E-005
1.68875	6.6216839E-005
1.69025	5.6503213E-005
1.69175	5.1988434E-005
1.69325	5.1851621E-005
1.69475	5.1304374E-005
1.69625	5.7187277E-005
1.69775	6.2796556E-005
1.69925	7.4562362E-005
1.70075	8.8790781E-005
1.70225	1.0589223E-004
1.70375	1.2559311E-004
1.70525	1.4228413E-004
1.70675	1.6390037E-004
1.70825	1.8455896E-004
1.70975	2.0097634E-004
1.71125	2.2108766E-004
1.71275	2.3723142E-004
1.71425	2.5378563E-004
1.71575	2.6117344E-004
1.71725	2.7170798E-004
1.71875	2.7088710E-004
1.72025	2.6514102E-004
1.72175	2.5351203E-004
1.72325	2.3914680E-004
1.72475	2.2573926E-004
1.72625	2.0261807E-004
1.72775	1.8551660E-004
1.72925	1.6403721E-004
1.73075	1.4515717E-004
1.73225	1.2463544E-004
1.73375	1.0438730E-004
1.73525	9.3989620E-005
1.73675	8.9338020E-005
1.73825	9.2074246E-005
1.73975	1.0684991E-004
1.74125	1.3763254E-004
1.74275	1.8579024E-004
1.74425	2.3600012E-004
1.74575	3.0358508E-004
1.74725	3.8621933E-004
1.74875	4.8841763E-004
1.75025	6.0156087E-004
1.75175	7.2140788E-004
1.75325	8.5534650E-004
1.75475	1.0015982E-003
1.75625	1.1479867E-003
1.75775	1.3025840E-003
1.75925	1.4701782E-003
1.76075	1.6381829E-003
1.76225	1.7940113E-003
1.76375	1.9627002E-003
1.76525	2.1307047E-003
1.76675	2.2907744E-003
1.76825	2.4085694E-003
1.76975	2.5463386E-003
1.77125	2.6790460E-003
1.77275	2.7748141E-003
1.77425	2.8339168E-003
1.77575	2.8720873E-003
1.77725	2.9218867E-003
1.77875	2.9136781E-003
1.78025	2.8774228E-003
1.78175	2.8262555E-003
1.78325	2.7856224E-003
1.78475	2.7166691E-003
1.78625	2.6154288E-003
1.78775	2.5087155E-003
1.78925	2.3869534E-003
1.79075	2.2490469E-003
1.79225	2.1144242E-003
1.79375	1.9639314E-003
1.79525	1.8143965E-003
1.79675	1.6469389E-003
1.79825	1.5050652E-003
1.79975	1.3574454E-003
1.80125	1.1946395E-003
1.80275	1.0438730E-003
1.80425	9.0008398E-004
1.80575	7.8242592E-004
1.80725	6.6025316E-004
1.80875	5.5217190E-004
1.81025	4.5325703E-004
1.81175	3.6816020E-004
1.81325	2.9606046E-004
1.81475	2.2929635E-004
1.81625	1.7552935E-004
1.81775	1.3694848E-004
1.81925	1.0370324E-004
1.82075	8.2223814E-005
1.82225	6.4848733E-005
1.82375	5.6092784E-005
1.82525	5.2398871E-005
1.82675	5.2535685E-005
1.82825	5.6503221E-005
1.82975	6.2386120E-005
1.83125	7.1005255E-005
1.83275	7.8940335E-005
1.83425	8.8106717E-005
1.83575	9.5768170E-005
1.83725	1.0041976E-004
1.83875	1.0178787E-004
1.84025	1.0301918E-004
1.84175	1.0411369E-004
1.84325	1.0274557E-004
1.84475	9.6725846E-005
1.84625	9.3989620E-005
1.84775	8.8653964E-005
1.84925	8.0171631E-005
1.85075	7.3467854E-005
1.85225	6.3206993E-005
1.85375	5.5271918E-005
1.85525	4.5421475E-005
1.85675	3.7760019E-005
1.85825	3.3108423E-005
1.85975	2.5036536E-005
1.86125	2.1342619E-005
1.86275	1.6554211E-005
1.86425	1.4365225E-005
1.86575	1.3817978E-005
1.86725	1.2449861E-005
1.86875	1.2586673E-005
1.87025	1.4638848E-005
1.87175	1.7511895E-005
1.87325	1.9427256E-005
1.87475	2.2437112E-005
1.87625	2.5036534E-005
1.87775	2.6951899E-005
1.87925	2.6541464E-005
1.88075	2.8593638E-005
1.88225	3.0372190E-005
1.88375	3.1466683E-005
1.88525	3.2561176E-005
1.88675	3.5434223E-005
1.88825	3.6255089E-005
1.88975	3.4476539E-005
1.89125	3.2424363E-005
1.89275	2.8867262E-005
1.89425	2.5310159E-005
1.89575	2.0384939E-005
1.89725	1.9016823E-005
1.89875	1.5322907E-005
1.90025	1.3544355E-005
1.90175	1.1355369E-005
1.90325	9.5768164E-006
1.90475	8.7559465E-006
1.90625	6.2933364E-006
1.90775	5.6092781E-006
1.90925	4.5147849E-006
1.91075	4.9252199E-006
1.91225	6.2933373E-006
1.91375	6.0197140E-006
1.91525	6.8405830E-006
1.91675	9.5768164E-006
1.91825	1.0260875E-005
1.91975	1.1492180E-005
1.92125	1.1081745E-005
1.92275	1.2176239E-005
1.92425	1.2449862E-005
1.92575	1.1492180E-005
1.92725	1.2313049E-005
1.92875	1.1902615E-005
1.93025	1.2997109E-005
1.93175	1.3407544E-005
1.93325	1.3954791E-005
1.93475	1.3954791E-005
1.93625	1.2723485E-005
1.93775	1.2586673E-005
1.93925	1.1765805E-005
1.94075	1.0397688E-005
1.94225	9.3031931E-006
1.94375	7.9350766E-006
1.94525	7.7982650E-006
1.94675	6.2933364E-006
1.94825	4.9252199E-006
1.94975	4.3779733E-006
1.95125	3.8307267E-006
1.95275	4.6515966E-006
1.95425	4.7884082E-006
1.95575	4.7884082E-006
1.95725	5.4724665E-006
1.95875	6.0197131E-006
1.96025	6.1565247E-006
1.96175	5.7460898E-006
1.96325	5.3356548E-006
1.96475	5.8829014E-006
1.96625	5.7460898E-006
1.96775	6.4301480E-006
1.96925	6.8405830E-006
1.97075	7.3878296E-006
1.97225	7.7982650E-006
1.97375	8.4823232E-006
1.97525	8.7559465E-006
1.97675	8.6191349E-006
1.97825	8.2086999E-006
1.97975	7.7982650E-006
1.98125	7.1142063E-006
1.98275	6.4301480E-006
1.98425	5.4724665E-006
1.98575	4.1043500E-006
1.98725	3.6939152E-006
1.98875	3.0098565E-006
1.99025	2.8730449E-006
1.99175	2.5994216E-006
1.99325	2.3257983E-006
1.99475	2.5994216E-006
1.99625	2.4626099E-006
1.99775	2.1889866E-006
1.99925	1.9153633E-006
2.00075	2.4626099E-006
2.00225	2.7362332E-006
2.00375	2.8730449E-006
2.00525	3.0098565E-006
2.00675	3.2834798E-006
2.00825	3.6939148E-006
2.00975	3.5571036E-006
2.01125	4.1043500E-006
2.01275	4.5147849E-006
2.01425	5.3356548E-006
2.01575	6.2933364E-006
2.01725	7.1142063E-006
2.01875	6.8405830E-006
2.02025	6.7037713E-006
2.02175	6.4301480E-006
2.02325	5.7460898E-006
2.02475	5.3356548E-006
2.02625	4.3779733E-006
2.02775	4.2411616E-006
2.02925	3.4202915E-006
2.03075	3.1466682E-006
2.03225	3.0098565E-006
2.03375	2.4626099E-006
2.03525	2.1889866E-006
2.03675	1.6417399E-006
2.03825	1.6417399E-006
2.03975	1.5049283E-006
2.04125	1.2313050E-006
2.04275	1.0944933E-006
2.04425	1.5049285E-006
2.04575	1.7785518E-006
2.04725	2.1889866E-006
2.04875	2.3257983E-006
2.05025	2.4626099E-006
2.05175	3.1466686E-006
2.05325	3.9675383E-006
2.05475	4.3779733E-006
2.05625	4.5147849E-006
2.05775	4.9252199E-006
2.05925	5.6092781E-006
2.06075	5.7460898E-006
2.06225	4.7884082E-006
2.06375	4.5147849E-006
2.06525	4.3779733E-006
2.06675	4.3779733E-006
2.06825	4.1043500E-006
2.06975	3.6939148E-006
2.07125	3.9675383E-006
2.07275	3.5571031E-006
2.07425	3.2834798E-006
2.07575	2.7362332E-006
2.07725	2.1889866E-006
2.07875	1.7785516E-006
2.08025	1.2313050E-006
2.08175	1.5049283E-006
2.08325	1.3681166E-006
2.08475	1.2313050E-006
2.08625	1.2313050E-006
2.08775	1.3681166E-006
2.08925	1.5049283E-006
2.09075	1.2313050E-006
2.09225	1.6417401E-006
2.09375	2.0521750E-006
2.09525	2.4626099E-006
2.09675	2.7362332E-006
2.09825	3.0098565E-006
2.09975	3.0098565E-006
2.10125	3.1466682E-006
2.10275	3.0098565E-006
2.10425	3.1466682E-006
2.10575	3.1466682E-006
2.10725	2.7362332E-006
2.10875	2.8730449E-006
2.11025	2.5994216E-006
2.11175	2.4626099E-006
2.11325	2.1889866E-006
2.11475	1.6417399E-006
2.11625	1.6417399E-006
2.11775	1.5049283E-006
2.11925	1.3681166E-006
2.12075	1.3681166E-006
2.12225	1.2313050E-006
2.12375	1.3681166E-006
2.12525	1.3681166E-006
2.12675	1.3681166E-006
2.12825	1.2313050E-006
2.12975	1.0944933E-006
2.13125	9.5768166E-007
2.13275	1.0944933E-006
2.13425	1.3681166E-006
2.13575	1.5049283E-006
2.13725	1.9153633E-006
2.13875	2.0521750E-006
2.14025	2.4626099E-006
2.14175	2.7362332E-006
2.14325	2.5994216E-006
2.14475	2.7362332E-006
2.14625	2.4626099E-006
2.14775	3.0098565E-006
2.14925	2.5994216E-006
2.15075	2.4626099E-006
2.15225	2.7362332E-006
2.15375	2.7362332E-006
2.15525	2.5994216E-006
2.15675	1.9153633E-006
2.15825	1.9153633E-006
2.15975	1.6417399E-006
2.16125	1.3681166E-006
2.16275	1.0944933E-006
2.16425	1.0944933E-006
2.16575	1.0944933E-006
2.16725	1.0944933E-006
2.16875	9.5768166E-007
2.17025	9.5768166E-007
2.17175	1.0944933E-006
2.17325	1.5049285E-006
2.17475	1.9153633E-006
2.17625	2.3257983E-006
2.17775	2.4626099E-006
2.17925	2.5994216E-006
2.18075	2.5994216E-006
2.18225	2.1889866E-006
2.18375	2.1889866E-006
2.18525	1.7785518E-006
2.18675	1.6417399E-006
2.18825	1.3681166E-006
2.18975	1.6417399E-006
2.19125	1.7785516E-006
2.19275	1.3681166E-006
2.19425	1.3681166E-006
2.19575	1.7785518E-006
2.19725	2.0521750E-006
2.19875	1.6417399E-006
2.20025	1.5049283E-006
2.20175	1.5049283E-006
2.20325	1.5049283E-006
2.20475	1.2313050E-006
2.20625	9.5768166E-007
2.20775	9.5768166E-007
2.20925	1.0944933E-006
2.21075	1.0944933E-006
2.21225	1.0944933E-006
2.21375	1.2313050E-006
2.21525	1.2313050E-006
2.21675	1.2313050E-006
2.21825	1.2313050E-006
2.21975	1.3681166E-006
2.22125	1.3681166E-006
2.22275	1.0944933E-006
2.22425	1.5049285E-006
2.22575	1.6417399E-006
2.22725	1.6417399E-006
2.22875	1.9153633E-006
2.23025	2.0521750E-006
2.23175	2.1889866E-006
2.23325	1.9153633E-006
2.23475	2.0521750E-006
2.23625	2.1889866E-006
2.23775	1.7785516E-006
2.23925	1.6417399E-006
2.24075	1.5049283E-006
2.24225	1.7785516E-006
2.24375	1.5049283E-006
2.24525	1.2313050E-006
2.24675	1.2313050E-006
2.24825	1.2313050E-006
2.24975	1.2313050E-006
2.25125	8.2086996E-007
2.25275	8.2086996E-007
2.25425	8.2086996E-007
2.25575	8.2086996E-007
2.25725	8.2086996E-007
2.25875	8.2086996E-007
2.26025	1.0944933E-006
2.26175	1.2313050E-006
2.26325	1.3681166E-006
2.26475	1.7785518E-006
2.26625	1.7785518E-006
2.26775	1.7785518E-006
2.26925	1.5049283E-006
2.27075	1.3681166E-006
2.27225	1.2313050E-006
2.27375	8.2086996E-007
2.27525	8.2086996E-007
2.27675	8.2086996E-007
2.27825	8.2086996E-007
2.27975	9.5768166E-007
2.28125	9.5768166E-007
2.28275	1.2313050E-006
2.28425	1.2313050E-006
2.28575	1.5049283E-006
2.28725	1.5049283E-006
2.28875	1.7785518E-006
2.29025	1.7785518E-006
2.29175	1.5049283E-006
2.29325	1.6417399E-006
2.29475	1.3681166E-006
2.29625	1.3681166E-006
2.29775	9.5768166E-007
2.29925	1.2313050E-006
2.30075	1.2313050E-006
2.30225	1.0944933E-006
2.30375	1.0944933E-006
2.30525	1.0944933E-006
2.30675	1.0944933E-006
2.30825	9.5768166E-007
2.30975	9.5768166E-007
2.31125	9.5768166E-007
2.31275	9.5768166E-007
2.31425	1.2313050E-006
2.31575	1.7785518E-006
2.31725	1.7785518E-006
2.31875	1.7785516E-006
2.32025	1.7785516E-006
2.32175	1.7785516E-006
2.32325	1.9153633E-006
2.32475	1.3681166E-006
2.32625	1.6417401E-006
2.32775	1.9153633E-006
2.32925	2.1889866E-006
2.33075	2.1889866E-006
2.33225	1.7785516E-006
2.33375	1.7785516E-006
2.33525	1.5049283E-006
2.33675	1.2313050E-006
2.33825	1.2313050E-006
2.33975	1.2313050E-006
2.34125	1.2313050E-006
2.34275	1.3681166E-006
2.34425	1.2313050E-006
2.34575	1.3681166E-006
2.34725	1.0944933E-006
2.34875	1.3681166E-006
2.35025	1.3681166E-006
2.35175	1.2313050E-006
2.35325	1.2313050E-006
2.35475	1.2313050E-006
2.35625	1.5049283E-006
2.35775	1.3681166E-006
2.35925	1.3681166E-006
2.36075	1.3681166E-006
2.36225	1.3681166E-006
2.36375	1.5049283E-006
2.36525	1.3681166E-006
2.36675	1.2313050E-006
2.36825	1.2313050E-006
2.36975	1.2313050E-006
2.37125	1.3681166E-006
2.37275	1.0944933E-006
2.37425	9.5768166E-007
2.37575	9.5768166E-007
2.37725	9.5768166E-007
2.37875	9.5768166E-007
2.38025	9.5768166E-007
2.38175	1.0944933E-006
2.38325	1.0944933E-006
2.38475	1.0944933E-006
2.38625	1.0944933E-006
2.38775	1.0944933E-006
2.38925	9.5768166E-007
2.39075	8.2086996E-007
2.39225	8.2086996E-007
2.39375	8.2086996E-007
2.39525	8.2086996E-007
2.39675	8.2086996E-007
2.39825	8.2086996E-007
2.39975	8.2086996E-007
2.40125	8.2086996E-007
2.40275	9.5768166E-007
2.40425	9.5768166E-007
2.40575	9.5768166E-007
2.40725	1.2313050E-006
2.40875	1.2313050E-006
2.41025	1.9153633E-006
2.41175	1.9153633E-006
2.41325	1.9153633E-006
2.41475	1.9153633E-006
2.41625	1.6417399E-006
2.41775	1.9153633E-006
2.41925	1.3681166E-006
2.42075	1.5049283E-006
2.42225	1.6417399E-006
2.42375	1.6417399E-006
2.42525	1.6417399E-006
2.42675	1.5049283E-006
2.42825	1.3681166E-006
2.42975	1.0944933E-006
2.43125	9.5768166E-007
2.43275	1.3681166E-006
2.43425	1.5049283E-006
2.43575	1.3681166E-006
2.43725	1.3681166E-006
2.43875	1.3681166E-006
2.44025	1.5049283E-006
2.44175	1.0944933E-006
2.44325	1.3681168E-006
2.44475	1.3681166E-006
2.44625	1.3681166E-006
2.44775	1.9153633E-006
2.44925	1.9153633E-006
2.45075	1.9153633E-006
2.45225	1.9153633E-006
2.45375	2.4626099E-006
2.45525	2.4626099E-006
2.45675	1.9153633E-006
2.45825	1.7785516E-006
2.45975	1.7785516E-006
2.46125	1.3681166E-006
2.46275	8.2086996E-007
2.46425	8.2086996E-007
2.46575	9.5768166E-007
2.46725	9.5768166E-007
2.46875	9.5768166E-007
2.47025	9.5768166E-007
2.47175	9.5768166E-007
2.47325	9.5768166E-007
2.47475	8.2086996E-007
2.47625	8.2086996E-007
2.47775	8.2086996E-007
2.47925	8.2086996E-007
2.48075	9.5768166E-007
2.48225	1.0944933E-006
2.48375	1.3681166E-006
2.48525	1.5049283E-006
2.48675	1.5049283E-006
2.48825	1.5049283E-006
2.48975	1.3681166E-006
2.49125	1.2313050E-006
2.49275	9.5768166E-007
2.49425	8.2086996E-007
2.49575	8.2086996E-007
2.49725	9.5768166E-007
2.49875	1.0944933E-006
2.50025	1.2313050E-006
2.50175	1.2313050E-006
2.50325	1.3681166E-006
2.50475	1.5049283E-006
2.50625	1.3681166E-006
2.50775	1.2313050E-006
2.50925	1.0944933E-006
2.51075	1.0944933E-006
2.51225	9.5768166E-007
2.51375	8.2086996E-007
2.51525	1.0944933E-006
2.51675	1.0944933E-006
2.51825	1.0944933E-006
2.51975	1.0944933E-006
2.52125	1.3681166E-006
2.52275	1.3681166E-006
2.52425	1.0944933E-006
2.52575	1.0944933E-006
2.52725	1.3681166E-006
2.52875	1.5049283E-006
2.53025	1.3681166E-006
2.53175	1.3681166E-006
2.53325	1.3681166E-006
2.53475	1.9153633E-006
2.53625	1.9153633E-006
2.53775	1.9153633E-006
2.53925	2.5994216E-006
2.54075	2.8730449E-006
2.54225	3.5571031E-006
2.54375	3.0098565E-006
2.54525	3.1466682E-006
2.54675	3.4202915E-006
2.54825	2.5994216E-006
2.54975	2.3257983E-006
2.55125	1.7785516E-006
2.55275	1.7785516E-006
2.55425	1.5049283E-006
2.55575	1.0944933E-006
2.55725	1.3681166E-006
2.55875	1.3681166E-006
2.56025	1.3681166E-006
2.56175	1.6417399E-006
2.56325	1.5049283E-006
2.56475	1.5049283E-006
2.56625	1.3681166E-006
2.56775	1.6417399E-006
2.56925	1.5049283E-006
2.57075	1.6417401E-006
2.57225	1.6417401E-006
2.57375	1.6417399E-006
2.57525	1.9153633E-006
2.57675	2.0521750E-006
2.57825	2.1889866E-006
2.57975	2.1889866E-006
2.58125	2.5994216E-006
2.58275	2.8730449E-006
2.58425	2.5994216E-006
2.58575	2.4626099E-006
2.58725	3.0098565E-006
2.58875	3.0098565E-006
2.59025	3.2834798E-006
2.59175	3.1466682E-006
2.59325	3.0098565E-006
2.59475	3.2834798E-006
2.59625	3.0098565E-006
2.59775	2.8730449E-006
2.59925	2.8730449E-006
2.60075	2.8730449E-006
2.60225	2.8730449E-006
2.60375	2.3257983E-006
2.60525	2.0521750E-006
2.60675	1.7785516E-006
2.60825	1.3681166E-006
2.60975	1.3681166E-006
2.61125	1.6417399E-006
2.61275	1.9153633E-006
2.61425	2.4626099E-006
2.61575	3.1466682E-006
2.61725	3.4202915E-006
2.61875	4.1043500E-006
2.62025	6.0197140E-006
2.62175	7.7982650E-006
2.62325	9.9872514E-006
2.62475	1.2723484E-005
2.62625	1.6143777E-005
2.62775	2.0111314E-005
2.62925	2.3257982E-005
2.63075	2.5857405E-005
2.63225	2.8593640E-005
2.63375	3.0782623E-005
2.63525	3.4202920E-005
2.63675	3.9812196E-005
2.63825	4.3779739E-005
2.63975	4.6789592E-005
2.64125	5.1441191E-005
2.64275	5.5819157E-005
2.64425	5.9376263E-005
2.64575	5.8281774E-005
2.64725	6.0197137E-005
2.64875	6.4164669E-005
2.65025	6.5669599E-005
2.65175	6.7858586E-005
2.65325	6.7448156E-005
2.65475	7.0184382E-005
2.65625	7.2373376E-005
2.65775	7.3057432E-005
2.65925	7.1826129E-005
2.66075	7.0047572E-005
2.66225	7.0047572E-005
2.66375	6.6353656E-005
2.66525	6.2933359E-005
2.66675	5.8692207E-005
2.66825	5.4451040E-005
2.66975	5.0346691E-005
2.67125	4.6789588E-005
2.67275	4.3642922E-005
2.67425	3.8580889E-005
2.67575	3.4613349E-005
2.67725	3.2697990E-005
2.67875	2.9824945E-005
2.68025	2.5446971E-005
2.68175	2.2437112E-005
2.68325	1.9974503E-005
2.68475	1.8469575E-005
2.68625	1.5186095E-005
2.68775	1.2860298E-005
2.68925	1.1355369E-005
2.69075	1.0397686E-005
2.69225	8.4823232E-006
2.69375	6.4301480E-006
2.69525	5.6092781E-006
2.69675	4.6515966E-006
2.69825	4.3779733E-006
2.69975	3.6939148E-006
2.70125	3.1466682E-006
2.70275	2.5994216E-006
2.70425	2.4626099E-006
2.70575	2.3257983E-006
2.70725	1.6417399E-006
2.70875	1.3681166E-006
2.71025	1.7785518E-006
2.71175	2.3257983E-006
2.71325	2.5994216E-006
2.71475	3.0098565E-006
2.71625	3.5571031E-006
2.71775	3.4202915E-006
2.71925	3.0098565E-006
2.72075	3.0098565E-006
2.72225	2.5994216E-006
2.72375	2.5994216E-006
2.72525	2.8730453E-006
2.72675	3.2834798E-006
2.72825	3.5571031E-006
2.72975	3.0098565E-006
2.73125	3.1466682E-006
2.73275	2.8730449E-006
2.73425	2.0521750E-006
2.73575	1.5049283E-006
2.73725	1.2313050E-006
2.73875	1.2313050E-006
2.74025	1.0944933E-006
2.74175	1.0944933E-006
2.74325	9.5768166E-007
2.74475	1.2313050E-006
2.74625	1.3681166E-006
2.74775	1.3681166E-006
2.74925	1.3681166E-006
2.75075	1.6417401E-006
2.75225	1.9153633E-006
2.75375	1.6417399E-006
2.75525	1.7785516E-006
2.75675	2.1889866E-006
2.75825	2.1889866E-006
2.75975	1.9153633E-006
2.76125	1.6417399E-006
2.76275	1.6417399E-006
2.76425	1.5049283E-006
2.76575	1.0944933E-006
2.76725	1.2313050E-006
2.76875	1.2313050E-006
2.77025	1.2313050E-006
2.77175	1.6417401E-006
2.77325	1.6417401E-006
2.77475	1.6417399E-006
2.77625	1.5049283E-006
2.77775	1.5049283E-006
2.77925	1.5049283E-006
2.78075	1.0944933E-006
2.78225	9.5768166E-007
2.78375	9.5768166E-007
2.78525	9.5768166E-007
2.78675	8.2086996E-007
2.78825	8.2086996E-007
2.78975	8.2086996E-007
2.79125	9.5768166E-007
2.79275	9.5768166E-007
2.79425	1.2313050E-006
2.79575	1.3681166E-006
2.79725	1.5049283E-006
2.79875	1.5049283E-006
2.80025	1.3681166E-006
2.80175	1.3681166E-006
2.80325	1.0944933E-006
2.80475	9.5768166E-007
2.80625	1.2313050E-006
2.80775	1.2313050E-006
2.80925	1.2313050E-006
2.81075	1.2313050E-006
2.81225	1.3681166E-006
2.81375	1.3681166E-006
2.81525	1.0944933E-006
2.81675	1.0944933E-006
2.81825	1.0944933E-006
2.81975	1.0944933E-006
2.82125	9.5768166E-007
2.82275	9.5768166E-007
2.82425	8.2086996E-007
2.82575	8.2086996E-007
2.82725	9.5768166E-007
2.82875	9.5768166E-007
2.83025	9.5768166E-007
2.83175	9.5768166E-007
2.83325	9.5768166E-007
2.83475	9.5768166E-007
2.83625	8.2086996E-007
2.83775	8.2086996E-007
2.83925	8.2086996E-007
2.84075	8.2086996E-007
2.84225	1.0944933E-006
2.84375	1.0944933E-006
2.84525	1.5049285E-006
2.84675	1.6417399E-006
2.84825	1.6417399E-006
2.84975	1.6417399E-006
2.85125	1.3681166E-006
2.85275	1.3681166E-006
2.85425	9.5768166E-007
2.85575	8.2086996E-007
2.85725	8.2086996E-007
2.85875	8.2086996E-007
2.86025	8.2086996E-007
2.86175	8.2086996E-007
2.86325	8.2086996E-007
2.86475	8.2086996E-007
2.86625	8.2086996E-007
2.86775	8.2086996E-007
2.86925	9.5768166E-007
2.87075	9.5768166E-007
2.87225	9.5768166E-007
2.87375	9.5768166E-007
2.87525	9.5768166E-007
2.87675	9.5768166E-007
2.87825	8.2086996E-007
2.87975	9.5768166E-007
2.88125	9.5768166E-007
2.88275	1.0944933E-006
2.88425	1.2313050E-006
2.88575	1.2313050E-006
2.88725	1.2313050E-006
2.88875	1.0944933E-006
2.89025	1.0944933E-006
2.89175	9.5768166E-007
2.89325	8.2086996E-007
2.89475	8.2086996E-007
2.89625	8.2086996E-007
2.89775	8.2086996E-007
2.89925	8.2086996E-007
2.90075	9.5768166E-007
2.90225	9.5768166E-007
2.90375	1.2313050E-006
2.90525	1.3681166E-006
2.90675	1.3681166E-006
2.90825	1.3681166E-006
2.90975	1.2313050E-006
2.91125	1.5049283E-006
2.91275	1.2313050E-006
2.91425	1.0944933E-006
2.91575	1.0944933E-006
2.91725	1.0944933E-006
2.91875	1.0944933E-006
2.92025	8.2086996E-007
2.92175	8.2086996E-007
2.92325	8.2086996E-007
2.92475	8.2086996E-007
2.92625	9.5768166E-007
2.92775	9.5768166E-007
2.92925	9.5768166E-007
2.93075	9.5768166E-007
2.93225	9.5768166E-007
2.93375	9.5768166E-007
2.93525	9.5768166E-007
2.93675	9.5768166E-007
2.93825	9.5768166E-007
2.93975	1.0944933E-006
2.94125	1.0944933E-006
2.94275	1.0944933E-006
2.94425	9.5768166E-007
2.94575	9.5768166E-007
2.94725	9.5768166E-007
2.94875	8.2086996E-007
2.95025	8.2086996E-007
2.95175	8.2086996E-007
2.95325	8.2086996E-007
2.95475	8.2086996E-007
2.95625	8.2086996E-007
2.95775	8.2086996E-007
2.95925	8.2086996E-007
2.96075	8.2086996E-007
2.96225	8.2086996E-007
2.96375	8.2086996E-007
2.96525	8.2086996E-007
2.96675	8.2086996E-007
2.96825	9.5768166E-007
2.96975	9.5768166E-007
2.97125	9.5768166E-007
2.97275	9.5768166E-007
2.97425	9.5768166E-007
2.97575	9.5768166E-007
2.97725	8.2086996E-007
2.97875	8.2086996E-007
2.98025	8.2086996E-007
2.98175	9.5768166E-007
2.98325	9.5768166E-007
2.98475	9.5768166E-007
2.98625	9.5768166E-007
2.98775	9.5768166E-007
2.98925	9.5768166E-007
2.99075	8.2086996E-007
2.99225	8.2086996E-007
2.99375	8.2086996E-007
2.99525	8.2086996E-007
2.99675	8.2086996E-007
2.99825	8.2086996E-007
2.99975	8.2086996E-007
3.00125	8.2086996E-007
3.00275	8.2086996E-007
3.00425	8.2086996E-007
3.00575	9.5768166E-007
3.00725	9.5768166E-007
3.00875	9.5768166E-007
3.01025	9.5768166E-007
3.01175	9.5768166E-007
3.01325	9.5768166E-007
3.01475	8.2086996E-007
3.01625	8.2086996E-007
3.01775	8.2086996E-007
3.01925	9.5768166E-007
3.02075	9.5768166E-007
3.02225	9.5768166E-007
3.02375	9.5768166E-007
3.02525	9.5768166E-007
3.02675	9.5768166E-007
3.02825	8.2086996E-007
3.02975	8.2086996E-007
3.03125	8.2086996E-007
3.03275	8.2086996E-007
3.03425	8.2086996E-007
3.03575	8.2086996E-007
3.03725	8.2086996E-007
3.03875	9.5768166E-007
3.04025	9.5768166E-007
3.04175	1.2313050E-006
3.04325	1.2313050E-006
3.04475	1.2313050E-006
3.04625	1.2313050E-006
3.04775	1.0944933E-006
3.04925	1.0944933E-006
3.05075	8.2086996E-007
3.05225	8.2086996E-007
3.05375	8.2086996E-007
3.05525	8.2086996E-007
3.05675	8.2086996E-007
3.05825	8.2086996E-007
3.05975	8.2086996E-007
3.06125	1.0944933E-006
3.06275	1.0944933E-006
3.06425	1.0944933E-006
3.06575	1.0944933E-006
3.06725	1.0944933E-006
3.06875	1.0944933E-006
3.07025	8.2086996E-007
3.07175	8.2086996E-007
3.07325	8.2086996E-007
3.07475	8.2086996E-007
3.07625	8.2086996E-007
3.07775	8.2086996E-007
3.07925	8.2086996E-007
3.08075	8.2086996E-007
3.08225	8.2086996E-007
3.08375	1.0944933E-006
3.08525	1.2313050E-006
3.08675	1.2313050E-006
3.08825	1.2313050E-006
3.08975	1.3681166E-006
3.09125	1.3681166E-006
3.09275	1.0944933E-006
3.09425	9.5768166E-007
3.09575	9.5768166E-007
3.09725	9.5768166E-007
3.09875	1.0944933E-006
3.10025	1.0944933E-006
3.10175	1.0944933E-006
3.10325	1.0944933E-006
3.10475	1.0944933E-006
3.10625	1.2313050E-006
3.10775	9.5768166E-007
3.10925	1.0944933E-006
3.11075	1.6417401E-006
3.11225	1.6417401E-006
3.11375	1.6417401E-006
3.11525	1.5049283E-006
3.11675	1.5049283E-006
3.11825	1.3681166E-006
3.11975	8.2086996E-007
3.12125	8.2086996E-007
3.12275	8.2086996E-007
3.12425	8.2086996E-007
3.12575	8.2086996E-007
3.12725	8.2086996E-007
3.12875	8.2086996E-007
3.13025	9.5768166E-007
3.13175	9.5768166E-007
3.13325	9.5768166E-007
3.13475	9.5768166E-007
3.13625	9.5768166E-007
3.13775	9.5768166E-007
3.13925	9.5768166E-007
3.14075	1.2313050E-006
3.14225	1.2313050E-006
3.14375	1.2313050E-006
3.14525	1.2313050E-006
3.14675	1.2313050E-006
3.14825	1.2313050E-006
3.14975	9.5768166E-007
3.15125	9.5768166E-007
3.15275	9.5768166E-007
3.15425	9.5768166E-007
3.15575	1.0944933E-006
3.15725	9.5768166E-007
3.15875	9.5768166E-007
3.16025	9.5768166E-007
3.16175	9.5768166E-007
3.16325	9.5768166E-007
3.16475	8.2086996E-007
3.16625	8.2086996E-007
3.16775	1.0944933E-006
3.16925	1.0944933E-006
3.17075	1.2313050E-006
3.17225	1.2313050E-006
3.17375	1.2313050E-006
3.17525	1.2313050E-006
3.17675	9.5768166E-007
3.17825	9.5768166E-007
3.17975	8.2086996E-007
3.18125	8.2086996E-007
3.18275	8.2086996E-007
3.18425	8.2086996E-007
3.18575	8.2086996E-007
3.18725	1.0944933E-006
3.18875	1.0944933E-006
3.19025	1.0944933E-006
3.19175	1.0944933E-006
3.19325	1.0944933E-006
3.19475	1.0944933E-006
3.19625	8.2086996E-007
3.19775	8.2086996E-007
3.19925	8.2086996E-007
3.20075	8.2086996E-007
3.20225	8.2086996E-007
3.20375	8.2086996E-007
3.20525	1.2313050E-006
3.20675	1.2313050E-006
3.20825	1.2313050E-006
3.20975	1.2313050E-006
3.21125	1.3681166E-006
3.21275	1.3681166E-006
3.21425	9.5768166E-007
3.21575	9.5768166E-007
3.21725	9.5768166E-007
3.21875	9.5768166E-007
3.22025	8.2086996E-007
3.22175	8.2086996E-007
3.22325	8.2086996E-007
3.22475	8.2086996E-007
3.22625	1.0944933E-006
3.22775	1.0944933E-006
3.22925	1.0944933E-006
3.23075	1.0944933E-006
3.23225	1.0944933E-006
3.23375	1.0944933E-006
3.23525	8.2086996E-007
3.23675	8.2086996E-007
3.23825	8.2086996E-007
3.23975	8.2086996E-007
3.24125	9.5768166E-007
3.24275	1.0944933E-006
3.24425	1.0944933E-006
3.24575	1.2313050E-006
3.24725	1.3681166E-006
3.24875	2.0521750E-006
3.25025	1.9153633E-006
3.25175	1.7785518E-006
3.25325	1.9153633E-006
3.25475	1.7785516E-006
3.25625	1.7785516E-006
3.25775	1.2313050E-006
3.25925	1.2313050E-006
3.26075	1.2313050E-006
3.26225	1.0944933E-006
3.26375	1.0944933E-006
3.26525	9.5768166E-007
3.26675	8.2086996E-007
3.26825	8.2086996E-007
3.26975	8.2086996E-007
3.27125	8.2086996E-007
3.27275	8.2086996E-007
3.27425	8.2086996E-007
3.27575	8.2086996E-007
3.27725	8.2086996E-007
3.27875	8.2086996E-007
3.28025	9.5768166E-007
3.28175	9.5768166E-007
3.28325	9.5768166E-007
3.28475	9.5768166E-007
3.28625	9.5768166E-007
3.28775	9.5768166E-007
3.28925	8.2086996E-007
3.29075	8.2086996E-007
3.29225	8.2086996E-007
3.29375	8.2086996E-007
3.29525	8.2086996E-007
3.29675	8.2086996E-007
3.29825	8.2086996E-007
3.29975	9.5768166E-007
3.30125	9.5768166E-007
3.30275	9.5768166E-007
3.30425	9.5768166E-007
3.30575	9.5768166E-007
3.30725	9.5768166E-007
3.30875	8.2086996E-007
3.31025	1.0944933E-006
3.31175	1.0944933E-006
3.31325	1.0944933E-006
3.31475	1.2313050E-006
3.31625	1.2313050E-006
3.31775	1.2313050E-006
3.31925	9.5768166E-007
3.32075	9.5768166E-007
3.32225	9.5768166E-007
3.32375	8.2086996E-007
3.32525	8.2086996E-007
3.32675	8.2086996E-007
3.32825	8.2086996E-007
3.32975	8.2086996E-007
3.33125	8.2086996E-007
3.33275	8.2086996E-007
3.33425	8.2086996E-007
3.33575	8.2086996E-007
3.33725	1.0944933E-006
3.33875	1.0944933E-006
3.34025	1.2313050E-006
3.34175	1.5049283E-006
3.34325	1.5049283E-006
3.34475	1.5049283E-006
3.34625	1.2313050E-006
3.34775	1.3681166E-006
3.34925	1.2313050E-006
3.35075	1.0944933E-006
3.35225	1.0944933E-006
3.35375	1.0944933E-006
3.35525	1.0944933E-006
3.35675	9.5768166E-007
3.35825	9.5768166E-007
3.35975	9.5768166E-007
3.36125	9.5768166E-007
3.36275	9.5768166E-007
3.36425	9.5768166E-007
3.36575	9.5768166E-007
3.36725	1.0944933E-006
3.36875	1.0944933E-006
3.37025	1.0944933E-006
3.37175	1.0944933E-006
3.37325	1.3681166E-006
3.37475	1.3681166E-006
3.37625	1.2313050E-006
3.37775	1.0944933E-006
3.37925	1.2313050E-006
3.38075	1.2313050E-006
3.38225	1.0944933E-006
3.38375	1.0944933E-006
3.38525	1.2313050E-006
3.38675	1.2313050E-006
3.38825	1.0944933E-006
3.38975	1.2313050E-006
3.39125	1.3681166E-006
3.39275	1.3681166E-006
3.39425	1.5049283E-006
3.39575	1.5049283E-006
3.39725	1.5049283E-006
3.39875	1.3681166E-006
3.40025	1.0944933E-006
3.40175	1.2313050E-006
3.40325	9.5768166E-007
3.40475	9.5768166E-007
3.40625	9.5768166E-007
3.40775	9.5768166E-007
3.40925	1.3681166E-006
3.41075	1.2313050E-006
3.41225	1.2313050E-006
3.41375	1.2313050E-006
3.41525	1.2313050E-006
3.41675	1.3681166E-006
3.41825	9.5768166E-007
3.41975	1.0944933E-006
3.42125	1.2313050E-006
3.42275	1.2313050E-006
3.42425	1.5049283E-006
3.42575	1.5049283E-006
3.42725	1.6417399E-006
3.42875	1.5049283E-006
3.43025	1.3681166E-006
3.43175	1.3681166E-006
3.43325	1.3681166E-006
3.43475	1.5049283E-006
3.43625	1.3681166E-006
3.43775	1.3681166E-006
3.43925	1.3681166E-006
3.44075	1.5049283E-006
3.44225	1.2313050E-006
3.44375	9.5768166E-007
3.44525	9.5768166E-007
3.44675	9.5768166E-007
3.44825	9.5768166E-007
3.44975	9.5768166E-007
3.45125	1.2313050E-006
3.45275	1.2313050E-006
3.45425	1.3681166E-006
3.45575	1.5049283E-006
3.45725	1.5049283E-006
3.45875	1.5049283E-006
3.46025	1.2313050E-006
3.46175	1.7785518E-006
3.46325	1.6417401E-006
3.46475	2.0521750E-006
3.46625	2.0521750E-006
3.46775	2.3257983E-006
3.46925	2.3257983E-006
3.47075	1.7785516E-006
3.47225	1.9153633E-006
3.47375	1.5049283E-006
3.47525	1.7785516E-006
3.47675	1.6417399E-006
3.47825	1.7785516E-006
3.47975	1.7785516E-006
3.48125	2.1889866E-006
3.48275	2.0521750E-006
3.48425	1.7785516E-006
3.48575	1.5049283E-006
3.48725	1.5049283E-006
3.48875	2.0521750E-006
3.49025	1.6417401E-006
3.49175	1.7785516E-006
3.49325	1.7785516E-006
3.49475	1.7785516E-006
3.49625	1.6417399E-006
3.49775	1.0944933E-006
3.49925	1.0944933E-006
3.50075	9.5768166E-007
3.50225	1.0944933E-006
3.50375	1.6417401E-006
3.50525	1.7785518E-006
3.50675	2.3257983E-006
3.50825	2.3257983E-006
3.50975	3.1466686E-006
3.51125	3.9675383E-006
3.51275	4.3779733E-006
3.51425	5.3356548E-006
3.51575	5.8829014E-006
3.51725	7.7982650E-006
3.51875	8.4823232E-006
3.52025	8.3455116E-006
3.52175	8.2086999E-006
3.52325	8.3455116E-006
3.52475	8.4823232E-006
3.52625	8.3455116E-006
3.52775	8.2086999E-006
3.52925	8.6191349E-006
3.53075	9.5768164E-006
3.53225	9.8504397E-006
3.53375	9.5768164E-006
3.53525	8.6191349E-006
3.53675	7.9350766E-006
3.53825	8.2086999E-006
3.53975	7.7982650E-006
3.54125	6.7037713E-006
3.54275	7.1142063E-006
3.54425	7.1142063E-006
3.54575	6.8405830E-006
3.54725	6.5669597E-006
3.54875	5.3356548E-006
3.55025	5.7460898E-006
3.55175	5.6092781E-006
3.55325	4.6515966E-006
3.55475	4.3779733E-006
3.55625	3.6939148E-006
3.55775	3.5571031E-006
3.55925	3.0098565E-006
3.56075	1.9153633E-006
3.56225	1.9153633E-006
3.56375	1.7785516E-006
3.56525	1.3681166E-006
3.56675	1.6417399E-006
3.56825	1.3681166E-006
3.56975	1.2313050E-006
3.57125	1.2313050E-006
3.57275	1.2313050E-006
3.57425	1.0944933E-006
3.57575	8.2086996E-007
3.57725	8.2086996E-007
3.57875	8.2086996E-007
3.58025	8.2086996E-007
3.58175	8.2086996E-007
3.58325	1.0944933E-006
3.58475	1.0944933E-006
3.58625	1.0944933E-006
3.58775	1.0944933E-006
3.58925	1.0944933E-006
3.59075	1.0944933E-006
3.59225	8.2086996E-007
3.59375	8.2086996E-007
3.59525	8.2086996E-007
3.59675	9.5768166E-007
3.59825	9.5768166E-007
3.59975	9.5768166E-007
3.60125	9.5768166E-007
3.60275	9.5768166E-007
3.60425	9.5768166E-007
3.60575	8.2086996E-007
3.60725	8.2086996E-007
3.60875	8.2086996E-007
3.61025	8.2086996E-007
3.61175	8.2086996E-007
3.61325	8.2086996E-007
3.61475	8.2086996E-007
3.61625	8.2086996E-007
3.61775	8.2086996E-007
3.61925	8.2086996E-007
3.62075	8.2086996E-007
3.62225	8.2086996E-007
3.62375	8.2086996E-007
3.62525	8.2086996E-007
3.62675	8.2086996E-007
3.62825	8.2086996E-007
3.62975	8.2086996E-007
3.63125	8.2086996E-007
3.63275	9.5768166E-007
3.63425	9.5768166E-007
3.63575	1.2313050E-006
3.63725	1.2313050E-006
3.63875	1.2313050E-006
3.64025	1.3681166E-006
3.64175	1.2313050E-006
3.64325	1.2313050E-006
3.64475	1.0944933E-006
3.64625	1.0944933E-006
3.64775	1.0944933E-006
3.64925	9.5768166E-007
3.65075	9.5768166E-007
3.65225	9.5768166E-007
3.65375	8.2086996E-007
3.65525	8.2086996E-007
3.65675	8.2086996E-007
3.65825	8.2086996E-007
3.65975	8.2086996E-007
3.66125	8.2086996E-007
3.66275	8.2086996E-007
3.66425	8.2086996E-007
3.66575	8.2086996E-007
3.66725	8.2086996E-007
3.66875	8.2086996E-007
3.67025	8.2086996E-007
3.67175	8.2086996E-007
3.67325	8.2086996E-007
3.67475	8.2086996E-007
3.67625	8.2086996E-007
3.67775	8.2086996E-007
3.67925	9.5768166E-007
3.68075	9.5768166E-007
3.68225	9.5768166E-007
3.68375	9.5768166E-007
3.68525	1.0944933E-006
3.68675	1.0944933E-006
3.68825	9.5768166E-007
3.68975	9.5768166E-007
3.69125	9.5768166E-007
3.69275	9.5768166E-007
3.69425	8.2086996E-007
3.69575	8.2086996E-007
3.69725	8.2086996E-007
3.69875	8.2086996E-007
3.70025	8.2086996E-007
3.70175	8.2086996E-007
3.70325	8.2086996E-007
3.70475	8.2086996E-007
3.70625	8.2086996E-007
3.70775	8.2086996E-007
3.70925	8.2086996E-007
3.71075	8.2086996E-007
3.71225	8.2086996E-007
3.71375	8.2086996E-007
3.71525	8.2086996E-007
3.71675	8.2086996E-007
3.71825	8.2086996E-007
3.71975	8.2086996E-007
3.72125	8.2086996E-007
3.72275	8.2086996E-007
3.72425	8.2086996E-007
3.72575	8.2086996E-007
3.72725	8.2086996E-007
3.72875	8.2086996E-007
3.73025	8.2086996E-007
3.73175	8.2086996E-007
3.73325	8.2086996E-007
3.73475	8.2086996E-007
3.73625	8.2086996E-007
3.73775	8.2086996E-007
3.73925	8.2086996E-007
3.74075	9.5768166E-007
3.74225	9.5768166E-007
3.74375	9.5768166E-007
3.74525	9.5768166E-007
3.74675	9.5768166E-007
3.74825	9.5768166E-007
3.74975	8.2086996E-007
3.75125	8.2086996E-007
3.75275	8.2086996E-007
3.75425	9.5768166E-007
3.75575	9.5768166E-007
3.75725	9.5768166E-007
3.75875	9.5768166E-007
3.76025	9.5768166E-007
3.76175	9.5768166E-007
3.76325	8.2086996E-007
3.76475	8.2086996E-007
3.76625	8.2086996E-007
3.76775	8.2086996E-007
3.76925	8.2086996E-007
3.77075	8.2086996E-007
3.77225	8.2086996E-007
3.77375	8.2086996E-007
3.77525	8.2086996E-007
3.77675	8.2086996E-007
3.77825	8.2086996E-007
3.77975	8.2086996E-007
3.78125	8.2086996E-007
3.78275	8.2086996E-007
3.78425	8.2086996E-007
3.78575	8.2086996E-007
3.78725	8.2086996E-007
3.78875	8.2086996E-007
3.79025	8.2086996E-007
3.79175	8.2086996E-007
3.79325	8.2086996E-007
3.79475	8.2086996E-007
3.79625	8.2086996E-007
3.79775	8.2086996E-007
3.79925	8.2086996E-007
3.80075	8.2086996E-007
3.80225	8.2086996E-007
3.80375	8.2086996E-007
3.80525	8.2086996E-007
3.80675	8.2086996E-007
3.80825	8.2086996E-007
3.80975	8.2086996E-007
3.81125	8.2086996E-007
3.81275	8.2086996E-007
3.81425	8.2086996E-007
3.81575	8.2086996E-007
3.81725	8.2086996E-007
3.81875	8.2086996E-007
3.82025	8.2086996E-007
3.82175	1.0944933E-006
3.82325	1.0944933E-006
3.82475	1.0944933E-006
3.82625	1.0944933E-006
3.82775	1.0944933E-006
3.82925	1.0944933E-006
3.83075	8.2086996E-007
3.83225	8.2086996E-007
3.83375	8.2086996E-007
3.83525	8.2086996E-007
3.83675	8.2086996E-007
3.83825	8.2086996E-007
3.83975	8.2086996E-007
3.84125	8.2086996E-007
3.84275	8.2086996E-007
3.84425	8.2086996E-007
3.84575	8.2086996E-007
3.84725	8.2086996E-007
3.84875	8.2086996E-007
3.85025	8.2086996E-007
3.85175	8.2086996E-007
3.85325	8.2086996E-007
3.85475	8.2086996E-007
3.85625	8.2086996E-007
3.85775	8.2086996E-007
3.85925	8.2086996E-007
3.86075	8.2086996E-007
3.86225	8.2086996E-007
3.86375	8.2086996E-007
3.86525	8.2086996E-007
3.86675	8.2086996E-007
3.86825	8.2086996E-007
3.86975	8.2086996E-007
3.87125	8.2086996E-007
3.87275	8.2086996E-007
3.87425	8.2086996E-007
3.87575	8.2086996E-007
3.87725	8.2086996E-007
3.87875	8.2086996E-007
3.88025	8.2086996E-007
3.88175	8.2086996E-007
3.88325	8.2086996E-007
3.88475	8.2086996E-007
3.88625	8.2086996E-007
3.88775	8.2086996E-007
3.88925	8.2086996E-007
3.89075	8.2086996E-007
3.89225	8.2086996E-007
3.89375	8.2086996E-007
3.89525	8.2086996E-007
3.89675	8.2086996E-007
3.89825	8.2086996E-007
3.89975	8.2086996E-007
3.90125	8.2086996E-007
3.90275	8.2086996E-007
3.90425	8.2086996E-007
3.90575	8.2086996E-007
3.90725	8.2086996E-007
3.90875	8.2086996E-007
3.91025	8.2086996E-007
3.91175	8.2086996E-007
3.91325	8.2086996E-007
3.91475	8.2086996E-007
3.91625	1.0944933E-006
3.91775	1.0944933E-006
3.91925	1.0944933E-006
3.92075	1.0944933E-006
3.92225	1.0944933E-006
3.92375	1.0944933E-006
3.92525	8.2086996E-007
3.92675	8.2086996E-007
3.92825	8.2086996E-007
3.92975	8.2086996E-007
3.93125	8.2086996E-007
3.93275	8.2086996E-007
3.93425	8.2086996E-007
3.93575	8.2086996E-007
3.93725	8.2086996E-007
3.93875	8.2086996E-007
3.94025	8.2086996E-007
3.94175	8.2086996E-007
3.94325	8.2086996E-007
3.94475	8.2086996E-007
3.94625	8.2086996E-007
3.94775	8.2086996E-007
3.94925	8.2086996E-007
3.95075	8.2086996E-007
3.95225	8.2086996E-007
3.95375	8.2086996E-007
3.95525	8.2086996E-007
3.95675	1.0944933E-006
3.95825	1.2313050E-006
3.95975	1.2313050E-006
3.96125	1.2313050E-006
3.96275	1.2313050E-006
3.96425	1.2313050E-006
3.96575	9.5768166E-007
3.96725	8.2086996E-007
3.96875	8.2086996E-007
3.97025	8.2086996E-007
3.97175	8.2086996E-007
3.97325	8.2086996E-007
3.97475	8.2086996E-007
3.97625	8.2086996E-007
3.97775	8.2086996E-007
3.97925	8.2086996E-007
3.98075	8.2086996E-007
3.98225	8.2086996E-007
3.98375	8.2086996E-007
3.98525	8.2086996E-007
3.98675	8.2086996E-007
3.98825	8.2086996E-007
3.98975	8.2086996E-007
3.99125	8.2086996E-007
3.99275	8.2086996E-007
3.99425	8.2086996E-007
3.99575	8.2086996E-007
3.99725	8.2086996E-007
3.99875	8.2086996E-007
