theta_deg	log10_I_minus_log10_R
0.20225	1.7769530E-002
0.20375	1.8923208E-002
0.20525	5.4511201E-002
0.20675	4.6529740E-002
0.20825	3.7232202E-002
0.20975	3.5617787E-002
0.21125	3.4435704E-002
0.21275	3.3907395E-002
0.21425	3.2148451E-002
0.21575	3.0145451E-002
0.21725	2.6441514E-002
0.21875	1.9890420E-002
0.22025	1.3085909E-002
0.22175	4.9827024E-003
0.22325	-5.3424090E-003
0.22475	-1.4267206E-002
0.22625	-2.2603855E-002
0.22775	-2.9565841E-002
0.22925	-3.6940105E-002
0.23075	-4.0368654E-002
0.23225	-4.1835472E-002
0.23375	-4.1197538E-002
0.23525	-4.1253880E-002
0.23675	-3.7698522E-002
0.23825	-3.3720195E-002
0.23975	-2.9676631E-002
0.24125	-2.5517777E-002
0.24275	-2.1555826E-002
0.24425	-2.1565497E-002
0.24575	-1.6957074E-002
0.24725	-1.0933667E-002
0.24875	-3.4679472E-003
0.25025	5.1343441E-003
0.25175	1.4471218E-002
0.25325	2.4546564E-002
0.25475	3.5118520E-002
0.25625	4.5722529E-002
0.25775	5.8658287E-002
0.25925	7.3943883E-002
0.26075	8.9479685E-002
0.26225	1.0484204E-001
0.26375	1.1956978E-001
0.26525	1.3297507E-001
0.26675	1.4480725E-001
0.26825	1.5509692E-001
0.26975	1.6334006E-001
0.27125	1.6941118E-001
0.27275	1.7355445E-001
0.27425	1.7562884E-001
0.27575	1.7559752E-001
0.27725	1.7394048E-001
0.27875	1.8102789E-001
0.28025	1.7787626E-001
0.28175	1.7451108E-001
0.28325	1.7187357E-001
0.28475	1.6999578E-001
0.28625	1.6805667E-001
0.28775	1.7632312E-001
0.28925	1.7230880E-001
0.29075	1.6675901E-001
0.29225	1.5846360E-001
0.29375	1.4828211E-001
0.29525	1.4234573E-001
0.29675	1.3087857E-001
0.29825	1.2125540E-001
0.29975	1.2069577E-001
0.30125	1.1738575E-001
0.30275	1.1437523E-001
0.30425	1.1615551E-001
0.30575	1.1877185E-001
0.30725	1.2053990E-001
0.30875	1.2125325E-001
0.31025	1.2115842E-001
0.31175	1.1960983E-001
0.31325	1.1645144E-001
0.31475	1.1108679E-001
0.31625	1.0506350E-001
0.31775	9.8759890E-002
0.31925	9.2377782E-002
0.32075	8.7124467E-002
0.32225	8.4455609E-002
0.32375	8.4313512E-002
0.32525	8.6753011E-002
0.32675	9.1735840E-002
0.32825	9.7950220E-002
0.32975	1.0484529E-001
0.33125	1.1002707E-001
0.33275	1.1417842E-001
0.33425	1.1626184E-001
0.33575	1.1499894E-001
0.33725	1.1131537E-001
0.33875	1.0492420E-001
0.34025	9.6184969E-002
0.34175	8.7223887E-002
0.34325	7.7261209E-002
0.34475	6.8609357E-002
0.34625	6.2120795E-002
0.34775	5.8401942E-002
0.34925	5.8658719E-002
0.35075	6.1090827E-002
0.35225	6.7254305E-002
0.35375	7.4896693E-002
0.35525	8.4016562E-002
0.35675	9.3524933E-002
0.35825	1.0166812E-001
0.35975	1.0828424E-001
0.36125	1.1112094E-001
0.36275	1.1153948E-001
0.36425	1.0793793E-001
0.36575	1.0053158E-001
0.36725	8.9466453E-002
0.36875	7.5611353E-002
0.37025	6.1524749E-002
0.37175	4.7779083E-002
0.37325	3.5518050E-002
0.37475	2.6486874E-002
0.37625	2.1855354E-002
0.37775	2.1770000E-002
0.37925	2.5885701E-002
0.38075	3.2597423E-002
0.38225	4.2582393E-002
0.38375	5.3369641E-002
0.38525	6.4425111E-002
0.38675	7.5343490E-002
0.38825	8.3751917E-002
0.38975	9.1685414E-002
0.39125	9.4953060E-002
0.39275	9.5425844E-002
0.39425	9.1477036E-002
0.39575	8.3673596E-002
0.39725	7.2451234E-002
0.39875	5.6290030E-002
0.40025	3.9546132E-002
0.40175	2.2310138E-002
0.40325	6.4487457E-003
0.40475	-7.7061653E-003
0.40625	-1.7183542E-002
0.40775	-2.2268534E-002
0.40925	-2.2270441E-002
0.41075	-1.9252419E-002
0.41225	-1.1295438E-002
0.41375	-2.9146671E-004
0.41525	1.2048006E-002
0.41675	2.5178194E-002
0.41825	3.8574815E-002
0.41975	5.0291061E-002
0.42125	6.0011625E-002
0.42275	6.8381310E-002
0.42425	7.2838902E-002
0.42575	7.3933363E-002
0.42725	7.0370913E-002
0.42875	6.4659595E-002
0.43025	5.4677725E-002
0.43175	3.8868546E-002
0.43325	2.1091104E-002
0.43475	1.7921925E-003
0.43625	-1.7255425E-002
0.43775	-3.4960985E-002
0.43925	-4.8699617E-002
0.44075	-5.6491613E-002
0.44225	-5.6839108E-002
0.44375	-5.3596377E-002
0.44525	-4.6669245E-002
0.44675	-3.3720016E-002
0.44825	-2.0911098E-002
0.44975	-5.7959557E-003
0.45125	7.2259903E-003
0.45275	2.1154523E-002
0.45425	3.3084869E-002
0.45575	4.2152524E-002
0.45725	5.0700307E-002
0.45875	5.2974820E-002
0.46025	5.2120924E-002
0.46175	4.7696710E-002
0.46325	3.9305687E-002
0.46475	2.5958776E-002
0.46625	7.6665878E-003
0.46775	-1.2803078E-002
0.46925	-3.3916712E-002
0.47075	-5.7166576E-002
0.47225	-7.7349901E-002
0.47375	-9.3682528E-002
0.47525	-1.0220909E-001
0.47675	-1.0488129E-001
0.47825	-1.0073280E-001
0.47975	-8.9892864E-002
0.48125	-7.6155424E-002
0.48275	-5.8490038E-002
0.48425	-4.2951107E-002
0.48575	-2.7466774E-002
0.48725	-1.2128592E-002
0.48875	1.2104511E-003
0.49025	1.1432409E-002
0.49175	1.8895149E-002
0.49325	2.5813580E-002
0.49475	3.0037880E-002
0.49625	2.8408051E-002
0.49775	2.3098946E-002
0.49925	1.4752388E-002
0.50075	4.9161911E-004
0.50225	-2.0669699E-002
0.50375	-4.5289755E-002
0.50525	-7.0635557E-002
0.50675	-9.8948240E-002
0.50825	-1.2248039E-001
0.50975	-1.4254808E-001
0.51125	-1.5235329E-001
0.51275	-1.5310979E-001
0.51425	-1.4697361E-001
0.51575	-1.3241458E-001
0.51725	-1.1669421E-001
0.51875	-9.8004580E-002
0.52025	-7.8015804E-002
0.52175	-5.8998585E-002
0.52325	-4.1557312E-002
0.52475	-2.7199507E-002
0.52625	-1.4795542E-002
0.52775	-1.8076897E-003
0.52925	6.8058968E-003
0.53075	1.3816118E-002
0.53225	1.6999960E-002
0.53375	1.8639326E-002
0.53525	1.5610456E-002
0.53675	4.7576427E-003
0.53825	-1.1162996E-002
0.53975	-3.3021927E-002
0.54125	-5.9142113E-002
0.54275	-9.1524839E-002
0.54425	-1.2399197E-001
0.54575	-1.5187144E-001
0.54725	-1.7321014E-001
0.54875	-1.8602347E-001
0.55025	-1.8675518E-001
0.55175	-1.7498374E-001
0.55325	-1.5714884E-001
0.55475	-1.4071584E-001
0.55625	-1.1745572E-001
0.55775	-9.5218182E-002
0.55925	-7.5498104E-002
0.56075	-5.8787823E-002
0.56225	-4.0795565E-002
0.56375	-2.4514437E-002
0.56525	-1.3200045E-002
0.56675	-3.2289028E-003
0.56825	5.4433346E-003
0.56975	1.0714054E-002
0.57125	1.1387110E-002
0.57275	9.5958710E-003
0.57425	3.1092167E-003
0.57575	-9.4277859E-003
0.57725	-2.9081821E-002
0.57875	-5.3325653E-002
0.58025	-8.4054708E-002
0.58175	-1.2031674E-001
0.58325	-1.5680361E-001
0.58475	-1.8793678E-001
0.58625	-2.0987654E-001
0.58775	-2.1774840E-001
0.58925	-2.1781516E-001
0.59075	-2.0266986E-001
0.59225	-1.8119693E-001
0.59375	-1.5708709E-001
0.59525	-1.2881565E-001
0.59675	-1.0674095E-001
0.59825	-8.2846642E-002
0.59975	-6.2227964E-002
0.60125	-4.3647289E-002
0.60275	-2.7926445E-002
0.60425	-1.5299797E-002
0.60575	-4.8556328E-003
0.60725	2.7270317E-003
0.60875	7.3478222E-003
0.61025	7.6892376E-003
0.61175	6.9794655E-003
0.61325	-3.6478043E-004
0.61475	-1.0720730E-002
0.61625	-2.7624369E-002
0.61775	-5.1822186E-002
0.61925	-8.0314398E-002
0.62075	-1.2063432E-001
0.62225	-1.6407728E-001
0.62375	-2.0889950E-001
0.62525	-2.4899530E-001
0.62675	-2.6668167E-001
0.62825	-2.7120948E-001
0.62975	-2.5449133E-001
0.63125	-2.2700071E-001
0.63275	-1.9186020E-001
0.63425	-1.5654874E-001
0.63575	-1.2539983E-001
0.63725	-9.7171545E-002
0.63875	-7.5684547E-002
0.64025	-5.4584980E-002
0.64175	-3.5986185E-002
0.64325	-2.2496462E-002
0.64475	-8.0854893E-003
0.64625	2.9647350E-003
0.64775	1.0651827E-002
0.64925	1.4000177E-002
0.65075	1.6821146E-002
0.65225	1.8879175E-002
0.65375	9.0067387E-003
0.65525	-2.9954910E-003
0.65675	-1.9014835E-002
0.65825	-4.2791843E-002
0.65975	-7.9248190E-002
0.66125	-1.2466955E-001
0.66275	-1.7285323E-001
0.66425	-2.2331786E-001
0.66575	-2.6365542E-001
0.66725	-2.8095388E-001
0.66875	-2.8100753E-001
0.67025	-2.6532197E-001
0.67175	-2.3746657E-001
0.67325	-2.0818663E-001
0.67475	-1.7406178E-001
0.67625	-1.4189839E-001
0.67775	-1.1353421E-001
0.67925	-9.0106010E-002
0.68075	-6.4687252E-002
0.68225	-4.3275356E-002
0.68375	-2.8212309E-002
0.68525	-1.3626337E-002
0.68675	-2.7203560E-003
0.68825	6.8905354E-003
0.68975	1.1911869E-002
0.69125	1.4059544E-002
0.69275	1.6199350E-002
0.69425	1.2671471E-002
0.69575	5.9955120E-003
0.69725	-7.0397854E-003
0.69875	-2.6306629E-002
0.70025	-5.1856279E-002
0.70175	-9.4280958E-002
0.70325	-1.4715314E-001
0.70475	-2.0399594E-001
0.70625	-2.5806046E-001
0.70775	-2.9702616E-001
0.70925	-3.0633926E-001
0.71075	-2.8763247E-001
0.71225	-2.5465703E-001
0.71375	-2.2322536E-001
0.71525	-1.7905188E-001
0.71675	-1.4492869E-001
0.71825	-1.1294627E-001
0.71975	-8.7961197E-002
0.72125	-6.5660238E-002
0.72275	-4.2778730E-002
0.72425	-2.7216196E-002
0.72575	-1.1380434E-002
0.72725	-8.2302094E-004
0.72875	1.0422707E-002
0.73025	1.7161608E-002
0.73175	2.2143602E-002
0.73325	2.3771524E-002
0.73475	2.2964954E-002
0.73625	1.9675732E-002
0.73775	9.2024803E-003
0.73925	-2.9187202E-003
0.74075	-2.7679682E-002
0.74225	-5.9889793E-002
0.74375	-1.0858440E-001
0.74525	-1.6600180E-001
0.74675	-2.1915865E-001
0.74825	-2.6863098E-001
0.74975	-2.9020262E-001
0.75125	-2.8100085E-001
0.75275	-2.4756885E-001
0.75425	-2.0616531E-001
0.75575	-1.6405725E-001
0.75725	-1.2326407E-001
0.75875	-8.8336229E-002
0.76025	-6.1131239E-002
0.76175	-3.9389133E-002
0.76325	-1.7699718E-002
0.76475	1.3127327E-003
0.76625	1.7054558E-002
0.76775	2.9429436E-002
0.76925	4.2154551E-002
0.77075	5.3684473E-002
0.77225	6.0669899E-002
0.77375	6.6016197E-002
0.77525	6.9484949E-002
0.77675	7.1530342E-002
0.77825	6.8531752E-002
0.77975	6.1420918E-002
0.78125	4.9063683E-002
0.78275	2.5746107E-002
0.78425	-9.6192360E-003
0.78575	-5.9943199E-002
0.78725	-1.2237167E-001
0.78875	-1.9076514E-001
0.79025	-2.4533129E-001
0.79175	-2.6598787E-001
0.79325	-2.5803542E-001
0.79475	-2.1766353E-001
0.79625	-1.7387867E-001
0.79775	-1.2675309E-001
0.79925	-8.8519335E-002
0.80075	-5.4246426E-002
0.80225	-2.2874832E-002
0.80375	2.6960373E-003
0.80525	2.5318146E-002
0.80675	4.4413328E-002
0.80825	6.1919212E-002
0.80975	7.6372862E-002
0.81125	9.0935946E-002
0.81275	1.0431409E-001
0.81425	1.1717749E-001
0.81575	1.2758636E-001
0.81725	1.3856602E-001
0.81875	1.4856100E-001
0.82025	1.5472007E-001
0.82175	1.5850306E-001
0.82325	1.5723252E-001
0.82475	1.4815664E-001
0.82625	1.2714911E-001
0.82775	9.1801882E-002
0.82925	3.6847115E-002
0.83075	-3.9569855E-002
0.83225	-1.2219048E-001
0.83375	-1.8266606E-001
0.83525	-2.1334147E-001
0.83675	-2.1264625E-001
0.83825	-1.9231057E-001
0.83975	-1.6326189E-001
0.84125	-1.3038278E-001
0.84275	-1.0104418E-001
0.84425	-7.3261499E-002
0.84575	-4.8864126E-002
0.84725	-2.6194692E-002
0.84875	-4.5096874E-003
0.85025	1.3890743E-002
0.85175	2.9512525E-002
0.85325	4.4729471E-002
0.85475	5.8157206E-002
0.85625	7.0083261E-002
0.85775	8.0720067E-002
0.85925	8.9370370E-002
0.86075	9.7791076E-002
0.86225	1.0386002E-001
0.86375	1.0749793E-001
0.86525	1.0594976E-001
0.86675	9.6149445E-002
0.86825	7.6485157E-002
0.86975	4.1778803E-002
0.87125	-1.3742924E-002
0.87275	-8.1850767E-002
0.87425	-1.4629722E-001
0.87575	-1.8820310E-001
0.87725	-2.0070183E-001
0.87875	-1.9065809E-001
0.88025	-1.6832626E-001
0.88175	-1.4253902E-001
0.88325	-1.1628151E-001
0.88475	-9.2953324E-002
0.88625	-7.2875023E-002
0.88775	-5.6412101E-002
0.88925	-4.2473435E-002
0.89075	-3.0670285E-002
0.89225	-2.1278858E-002
0.89375	-1.3276935E-002
0.89525	-6.1755180E-003
0.89675	-1.0240078E-004
0.89825	4.7697425E-003
0.89975	9.4259977E-003
0.90125	1.3646364E-002
0.90275	1.6791403E-002
0.90425	1.9587815E-002
0.90575	2.2247374E-002
0.90725	2.4794042E-002
0.90875	2.6841402E-002
0.91025	2.8417885E-002
0.91175	3.0485749E-002
0.91325	3.2011509E-002
0.91475	3.3891916E-002
0.91625	3.5848618E-002
0.91775	3.7503779E-002
0.91925	3.9465427E-002
0.92075	4.1436315E-002
0.92225	4.3776333E-002
0.92375	4.5692563E-002
0.92525	4.7725141E-002
0.92675	5.0086677E-002
0.92825	5.2812159E-002
0.92975	5.5422902E-002
0.93125	5.7972550E-002
0.93275	6.0544848E-002
0.93425	6.2833965E-002
0.93575	6.5205038E-002
0.93725	6.7295194E-002
0.93875	6.8994641E-002
0.94025	7.1122229E-002
0.94175	7.2838545E-002
0.94325	7.5514555E-002
0.94475	7.7859521E-002
0.94625	7.9908967E-002
0.94775	8.2471251E-002
0.94925	8.3839893E-002
0.95075	8.5874557E-002
0.95225	8.5875511E-002
0.95375	8.6251616E-002
0.95525	8.5890770E-002
0.95675	8.5153580E-002
0.95825	8.4660530E-002
0.95975	8.3983183E-002
0.96125	8.3092451E-002
0.96275	8.1233978E-002
0.96425	7.8294277E-002
0.96575	7.6457500E-002
0.96725	7.5928688E-002
0.96875	7.7373028E-002
0.97025	7.7738762E-002
0.97175	7.7610254E-002
0.97325	7.8522205E-002
0.97475	7.8033924E-002
0.97625	7.7302456E-002
0.97775	7.5714111E-002
0.97925	7.5046062E-002
0.98075	7.5223446E-002
0.98225	7.4341297E-002
0.98375	7.4726105E-002
0.98525	7.4384451E-002
0.98675	7.1612358E-002
0.98825	6.9386244E-002
0.98975	6.7400217E-002
0.99125	6.4919710E-002
0.99275	6.0775757E-002
0.99425	5.7661533E-002
0.99575	5.8324575E-002
0.99725	5.9631109E-002
0.99875	5.7754517E-002
1.00025	5.9592009E-002
1.00175	6.4289331E-002
1.00325	7.1790457E-002
1.00475	8.3812952E-002
1.00625	9.0818405E-002
1.00775	1.0059857E-001
1.00925	1.0191703E-001
1.01075	1.0032487E-001
1.01225	9.4670296E-002
1.01375	8.9861393E-002
1.01525	8.5594177E-002
1.01675	7.8987360E-002
1.01825	7.5553656E-002
1.01975	7.0839405E-002
1.02125	6.4316511E-002
1.02275	5.4889441E-002
1.02425	4.3958426E-002
1.02575	3.3894300E-002
1.02725	2.2058725E-002
1.02875	1.0801792E-002
1.03025	2.1400452E-003
1.03175	-5.8512688E-003
1.03325	-1.0507584E-002
1.03475	-1.7997026E-002
1.03625	-2.4803638E-002
1.03775	-3.2123089E-002
1.03925	-4.0191650E-002
1.04075	-4.3246031E-002
1.04225	-4.6807766E-002
1.04375	-4.1508436E-002
1.04525	-2.3530960E-002
1.04675	1.5988350E-003
1.04825	2.7892351E-002
1.04975	5.3969860E-002
1.05125	8.0218554E-002
1.05275	9.5127583E-002
1.05425	1.0157681E-001
1.05575	9.8320723E-002
1.05725	9.6432447E-002
1.05875	9.0225220E-002
1.06025	7.8185558E-002
1.06175	7.3273420E-002
1.06325	6.0187101E-002
1.06475	5.0734758E-002
1.06625	3.9283991E-002
1.06775	3.0025721E-002
1.06925	2.0988464E-002
1.07075	7.5521469E-003
1.07225	-1.1470318E-003
1.07375	-1.3390064E-002
1.07525	-2.8077126E-002
1.07675	-4.3223858E-002
1.07825	-5.8202982E-002
1.07975	-7.6675177E-002
1.08125	-8.8047504E-002
1.08275	-9.5668077E-002
1.08425	-9.0154648E-002
1.08575	-8.3216667E-002
1.08725	-6.9516897E-002
1.08875	-4.4964314E-002
1.09025	-9.6898079E-003
1.09175	3.2589912E-002
1.09325	6.2923670E-002
1.09475	8.8304520E-002
1.09625	1.0397482E-001
1.09775	1.0917568E-001
1.09925	1.1113596E-001
1.10075	1.0254455E-001
1.10225	9.0012789E-002
1.10375	7.6525450E-002
1.10525	6.3199520E-002
1.10675	4.6123266E-002
1.10825	2.7032375E-002
1.10975	1.0766983E-002
1.11125	-1.5337467E-003
1.11275	-1.7199755E-002
1.11425	-3.3223629E-002
1.11575	-4.6065092E-002
1.11725	-5.8787584E-002
1.11875	-7.3352098E-002
1.12025	-8.9384079E-002
1.12175	-1.0067558E-001
1.12325	-1.1539149E-001
1.12475	-1.2215900E-001
1.12625	-1.3290405E-001
1.12775	-1.3127661E-001
1.12925	-1.2041593E-001
1.13075	-9.4659805E-002
1.13225	-5.3726196E-002
1.13375	-4.5378208E-003
1.13525	3.1501532E-002
1.13675	7.1506977E-002
1.13825	9.1757298E-002
1.13975	1.0563731E-001
1.14125	1.0855293E-001
1.14275	1.0435510E-001
1.14425	9.6776962E-002
1.14575	7.6912165E-002
1.14725	6.2616587E-002
1.14875	4.1868687E-002
1.15025	1.9704580E-002
1.15175	-4.1499138E-003
1.15325	-2.3321390E-002
1.15475	-3.3271790E-002
1.15625	-5.3414822E-002
1.15775	-7.3074579E-002
1.15925	-8.9704037E-002
1.16075	-1.0946965E-001
1.16225	-1.3041210E-001
1.16375	-1.6207862E-001
1.16525	-1.8009257E-001
1.16675	-1.9560623E-001
1.16825	-2.0605397E-001
1.16975	-2.1341085E-001
1.17125	-2.0924139E-001
1.17275	-1.8664908E-001
1.17425	-1.3616538E-001
1.17575	-8.9301825E-002
1.17725	-3.7044764E-002
1.17875	2.2369862E-002
1.18025	6.2162638E-002
1.18175	7.8588009E-002
1.18325	8.0363274E-002
1.18475	8.2560301E-002
1.18625	7.0153475E-002
1.18775	5.0356150E-002
1.18925	3.8149595E-002
1.19075	2.7157545E-002
1.19225	7.0726871E-003
1.19375	-1.1440516E-002
1.19525	-2.8201818E-002
1.19675	-3.6255836E-002
1.19825	-6.0058832E-002
1.19975	-8.1149101E-002
1.20125	-9.5842600E-002
1.20275	-1.1887240E-001
1.20425	-1.4428878E-001
1.20575	-1.7917490E-001
1.20725	-2.0228338E-001
1.20875	-2.2774625E-001
1.21025	-2.5903320E-001
1.21175	-2.7299595E-001
1.21325	-2.6773429E-001
1.21475	-2.5185442E-001
1.21625	-2.2202253E-001
1.21775	-1.7276001E-001
1.21925	-1.1812043E-001
1.22075	-7.6098204E-002
1.22225	-3.3472300E-002
1.22375	-9.9635124E-004
1.22525	2.8442144E-002
1.22675	3.5325289E-002
1.22825	4.6135187E-002
1.22975	5.4111719E-002
1.23125	4.3868065E-002
1.23275	3.7081003E-002
1.23425	1.0582447E-002
1.23575	-7.5190067E-003
1.23725	-2.6327133E-002
1.23875	-5.4527283E-002
1.24025	-7.3446035E-002
1.24175	-1.0188675E-001
1.24325	-1.2012553E-001
1.24475	-1.5147138E-001
1.24625	-1.8803096E-001
1.24775	-2.1183467E-001
1.24925	-2.4059415E-001
1.25075	-2.7053928E-001
1.25225	-2.9354930E-001
1.25375	-2.8658772E-001
1.25525	-2.9847646E-001
1.25675	-3.0574322E-001
1.25825	-2.6332831E-001
1.25975	-2.2695303E-001
1.26125	-1.8831158E-001
1.26275	-1.3005972E-001
1.26425	-6.0340881E-002
1.26575	-2.8045177E-003
1.26725	1.9867897E-002
1.26875	3.6028624E-002
1.27025	5.6326628E-002
1.27175	4.8762798E-002
1.27325	4.1547298E-002
1.27475	1.8406630E-002
1.27625	-4.6703815E-003
1.27775	-2.2927761E-002
1.27925	-5.1908016E-002
1.28075	-7.0253849E-002
1.28225	-9.1061592E-002
1.28375	-1.0874891E-001
1.28525	-1.2663722E-001
1.28675	-1.4582348E-001
1.28825	-1.6757727E-001
1.28975	-2.1503758E-001
1.29125	-2.6134372E-001
1.29275	-2.9829192E-001
1.29425	-3.3947229E-001
1.29575	-3.9227533E-001
1.29725	-4.2363834E-001
1.29875	-3.9249015E-001
1.30025	-3.7279367E-001
1.30175	-3.4225130E-001
1.30325	-2.9351330E-001
1.30475	-2.5051975E-001
1.30625	-1.7811918E-001
1.30775	-1.1008358E-001
1.30925	-7.4257851E-002
1.31075	-3.5966873E-002
1.31225	-6.9203377E-003
1.31375	9.7682476E-003
1.31525	1.8596649E-005
1.31675	-1.5760422E-002
1.31825	-2.9679298E-002
1.31975	-5.4827690E-002
1.32125	-7.9158783E-002
1.32275	-9.7091675E-002
1.32425	-1.1599922E-001
1.32575	-1.4368963E-001
1.32725	-1.6540003E-001
1.32875	-1.8693805E-001
1.33025	-2.1896410E-001
1.33175	-2.5300646E-001
1.33325	-2.7885032E-001
1.33475	-2.9576540E-001
1.33625	-3.2729006E-001
1.33775	-3.6602044E-001
1.33925	-3.9490032E-001
1.34075	-4.1193438E-001
1.34225	-4.1785955E-001
1.34375	-4.2217779E-001
1.34525	-3.8497162E-001
1.34675	-3.3515692E-001
1.34825	-2.4594212E-001
1.34975	-1.6525316E-001
1.35125	-1.2071276E-001
1.35275	-8.6391449E-002
1.35425	-4.6527863E-002
1.35575	-1.7625809E-002
1.35725	-1.7526627E-002
1.35875	-3.3361435E-002
1.36025	-3.1628847E-002
1.36175	-3.7562847E-002
1.36325	-5.1098824E-002
1.36475	-5.9241533E-002
1.36625	-7.0471048E-002
1.36775	-8.3471060E-002
1.36925	-1.0515094E-001
1.37075	-1.2705088E-001
1.37225	-1.4151001E-001
1.37375	-1.7760468E-001
1.37525	-2.0746422E-001
1.37675	-2.3874140E-001
1.37825	-2.6516724E-001
1.37975	-2.9415798E-001
1.38125	-3.4580851E-001
1.38275	-3.9745235E-001
1.38425	-4.2502928E-001
1.38575	-4.1157103E-001
1.38725	-4.0845442E-001
1.38875	-3.5281467E-001
1.39025	-2.7359200E-001
1.39175	-1.9283438E-001
1.39325	-1.4172745E-001
1.39475	-9.1408253E-002
1.39625	-7.7417850E-002
1.39775	-5.6203365E-002
1.39925	-4.7747135E-002
1.40075	-4.0647507E-002
1.40225	-2.8115273E-002
1.40375	-3.7264585E-002
1.40525	-2.3994923E-002
1.40675	-3.7323236E-002
1.40825	-5.8481932E-002
1.40975	-6.9120884E-002
1.41125	-9.2087269E-002
1.41275	-1.1578369E-001
1.41425	-1.6196179E-001
1.41575	-1.9815469E-001
1.41725	-2.2565031E-001
1.41875	-2.6171684E-001
1.42025	-3.0681252E-001
1.42175	-3.4665537E-001
1.42325	-3.7060213E-001
1.42475	-3.5733891E-001
1.42625	-3.8058090E-001
1.42775	-4.5160007E-001
1.42925	-4.5861673E-001
1.43075	-4.2996073E-001
1.43225	-3.4014130E-001
1.43375	-3.1983805E-001
1.43525	-2.3827505E-001
1.43675	-1.8170643E-001
1.43825	-1.1789322E-001
1.43975	-9.8090172E-002
1.44125	-7.7735424E-002
1.44275	-7.2516918E-002
1.44425	-4.8581600E-002
1.44575	-3.4001350E-002
1.44725	-2.9200554E-002
1.44875	-9.5787048E-003
1.45025	-3.5462141E-002
1.45175	-2.5056362E-002
1.45325	-5.3133726E-002
1.45475	-6.7607403E-002
1.45625	-9.7984552E-002
1.45775	-1.4142704E-001
1.45925	-1.5292406E-001
1.46075	-2.0302963E-001
1.46225	-2.1900129E-001
1.46375	-2.6613522E-001
1.46525	-3.0755711E-001
1.46675	-3.4938335E-001
1.46825	-3.8779449E-001
1.46975	-4.3122244E-001
1.47125	-5.1102352E-001
1.47275	-4.7472858E-001
1.47425	-4.4007254E-001
1.47575	-3.7955046E-001
1.47725	-2.7772045E-001
1.47875	-2.1198463E-001
1.48025	-1.2958574E-001
1.48175	-1.0837603E-001
1.48325	-7.2030544E-002
1.48475	-5.8754921E-002
1.48625	-4.1699886E-002
1.48775	-3.7159920E-002
1.48925	-3.7577629E-002
1.49075	-1.7432213E-002
1.49225	-3.8371563E-002
1.49375	-4.0978909E-002
1.49525	-5.0723553E-002
1.49675	-4.3022871E-002
1.49825	-6.1500788E-002
1.49975	-9.2361927E-002
1.50125	-9.5080853E-002
1.50275	-1.1957645E-001
1.50425	-1.5666342E-001
1.50575	-2.1633434E-001
1.50725	-2.4575901E-001
1.50875	-2.7672386E-001
1.51025	-3.2183552E-001
1.51175	-3.6281919E-001
1.51325	-4.2314577E-001
1.51475	-4.2827272E-001
1.51625	-4.1578341E-001
1.51775	-3.8532257E-001
1.51925	-3.6602736E-001
1.52075	-3.2231474E-001
1.52225	-2.4899006E-001
1.52375	-1.9627714E-001
1.52525	-1.8115759E-001
1.52675	-1.3199902E-001
1.52825	-1.2162828E-001
1.52975	-1.0318375E-001
1.53125	-8.2123756E-002
1.53275	-6.3211441E-002
1.53425	-4.6607971E-002
1.53575	-6.2945843E-002
1.53725	-5.1018715E-002
1.53875	-4.7063828E-002
1.54025	-7.0660591E-002
1.54175	-8.3997726E-002
1.54325	-1.0941839E-001
1.54475	-1.1889410E-001
1.54625	-1.2861490E-001
1.54775	-1.5013552E-001
1.54925	-1.5011930E-001
1.55075	-1.8293810E-001
1.55225	-2.0775747E-001
1.55375	-2.3783588E-001
1.55525	-2.7384567E-001
1.55675	-2.8868961E-001
1.55825	-3.0399084E-001
1.55975	-3.3440924E-001
1.56125	-2.7579737E-001
1.56275	-2.4278259E-001
1.56425	-1.9714928E-001
1.56575	-1.9075441E-001
1.56725	-1.5271330E-001
1.56875	-1.0736752E-001
1.57025	-1.1349821E-001
1.57175	-8.5209846E-002
1.57325	-8.0808640E-002
1.57475	-5.8416843E-002
1.57625	-4.0669441E-002
1.57775	-2.7460575E-002
1.57925	-1.8098831E-002
1.58075	-1.0434628E-002
1.58225	-8.0599785E-003
1.58375	-2.4733543E-003
1.58525	-2.0565510E-002
1.58675	-3.6253452E-002
1.58825	-5.0962925E-002
1.58975	-7.2218418E-002
1.59125	-8.5453510E-002
1.59275	-1.1465120E-001
1.59425	-1.1859989E-001
1.59575	-1.3267612E-001
1.59725	-1.4491606E-001
1.59875	-1.6396046E-001
1.60025	-2.0475912E-001
1.60175	-2.1481609E-001
1.60325	-2.2156382E-001
1.60475	-1.8146086E-001
1.60625	-1.2163830E-001
1.60775	-9.2981815E-002
1.60925	-6.9755077E-002
1.61075	-5.4516792E-002
1.61225	-3.6399841E-002
1.61375	-4.1453838E-002
1.61525	-3.6877155E-002
1.61675	-2.0526409E-002
1.61825	-1.1491299E-002
1.61975	1.0414124E-003
1.62125	3.0083656E-003
1.62275	4.5585632E-003
1.62425	-2.6261806E-003
1.62575	-1.4440298E-002
1.62725	-1.5936136E-002
1.62875	-2.5311470E-002
1.63025	-2.6828527E-002
1.63175	-2.7723551E-002
1.63325	-2.8753757E-002
1.63475	-1.5314102E-002
1.63625	-1.1494160E-002
1.63775	-1.9287109E-002
1.63925	-3.1031132E-002
1.64075	-4.5041561E-002
1.64225	-4.2475224E-002
1.64375	-8.6385250E-002
1.64525	-1.0362911E-001
1.64675	-8.7078094E-002
1.64825	-9.2598915E-002
1.64975	-7.3153496E-002
1.65125	-5.3689480E-002
1.65275	-1.8316746E-002
1.65425	5.5484772E-003
1.65575	1.1491776E-004
1.65725	-8.1396103E-004
1.65875	9.1242790E-003
1.66025	7.4601173E-003
1.66175	1.8040895E-002
1.66325	3.6080599E-002
1.66475	5.7260036E-002
1.66625	7.0245743E-002
1.66775	7.7099562E-002
1.66925	8.4956884E-002
1.67075	9.4963789E-002
1.67225	9.6098661E-002
1.67375	9.5333338E-002
1.67525	1.0097623E-001
1.67675	1.1694741E-001
1.67825	1.3217020E-001
1.67975	1.3509011E-001
1.68125	1.3457990E-001
1.68275	1.4102340E-001
1.68425	1.4008188E-001
1.68575	1.2897873E-001
1.68725	1.0816956E-001
1.68875	8.9359760E-002
1.69025	4.9873829E-002
1.69175	1.9362450E-002
1.69325	-2.9768944E-003
1.69475	-5.3015232E-002
1.69625	-6.8680763E-002
1.69775	-1.0032845E-001
1.69925	-1.0089207E-001
1.70075	-9.8478079E-002
1.70225	-9.0901136E-002
1.70375	-7.9645395E-002
1.70525	-8.1437588E-002
1.70675	-6.8786383E-002
1.70825	-5.8678150E-002
1.70975	-5.5784464E-002
1.71125	-4.1181564E-002
1.71275	-3.0118227E-002
1.71425	-1.3097763E-002
1.71575	-5.6052208E-003
1.71725	1.3974667E-002
1.71875	2.2542953E-002
1.72025	3.0698538E-002
1.72175	3.6345482E-002
1.72325	4.3755054E-002
1.72475	5.8754683E-002
1.72625	5.8362246E-002
1.72775	7.1269274E-002
1.72925	7.0219278E-002
1.73075	6.4737797E-002
1.73225	3.2583475E-002
1.73375	-3.4268379E-002
1.73525	-1.0145473E-001
1.73675	-1.7776823E-001
1.73825	-2.4496508E-001
1.73975	-2.7656269E-001
1.74125	-2.6960754E-001
1.74275	-2.4265265E-001
1.74425	-2.3869109E-001
1.74575	-2.2389221E-001
1.74725	-2.0771766E-001
1.74875	-1.8773222E-001
1.75025	-1.7291069E-001
1.75175	-1.6362453E-001
1.75325	-1.5354228E-001
1.75475	-1.4346170E-001
1.75625	-1.3759828E-001
1.75775	-1.3131142E-001
1.75925	-1.2279797E-001
1.76075	-1.1556292E-001
1.76225	-1.1177564E-001
1.76375	-1.0452819E-001
1.76525	-9.6911430E-002
1.76675	-8.9922190E-002
1.76825	-8.9161158E-002
1.76975	-8.2678080E-002
1.77125	-7.5041533E-002
1.77275	-7.1052074E-002
1.77425	-7.0066690E-002
1.77575	-6.9382906E-002
1.77725	-6.4045906E-002
1.77875	-6.4429998E-002
1.78025	-6.6084623E-002
1.78175	-6.7158937E-002
1.78325	-6.3796043E-002
1.78475	-6.2085867E-002
1.78625	-6.3020706E-002
1.78775	-6.2558889E-002
1.78925	-6.2576056E-002
1.79075	-6.3738823E-002
1.79225	-6.2702894E-002
1.79375	-6.3682318E-002
1.79525	-6.3648701E-002
1.79675	-6.7819118E-002
1.79825	-6.5467119E-002
1.79975	-6.5083027E-002
1.80125	-7.1433544E-002
1.80275	-7.6769114E-002
1.80425	-8.3532333E-002
1.80575	-8.2159996E-002
1.80725	-8.8770628E-002
1.80875	-9.4033957E-002
1.81025	-1.0175872E-001
1.81175	-1.0801220E-001
1.81325	-1.1213207E-001
1.81475	-1.2568736E-001
1.81625	-1.3711762E-001
1.81775	-1.3308644E-001
1.81925	-1.3541269E-001
1.82075	-1.1295009E-001
1.82225	-9.1954231E-002
1.82375	-3.7457943E-002
1.82525	3.2338619E-002
1.82675	1.0145569E-001
1.82825	1.6113472E-001
1.82975	1.9456387E-001
1.83125	2.1493196E-001
1.83275	2.1214056E-001
1.83425	2.0819950E-001
1.83575	1.9599819E-001
1.83725	1.7454672E-001
1.83875	1.4611268E-001
1.84025	1.2521219E-001
1.84175	1.1187625E-001
1.84325	9.6226215E-002
1.84475	6.7893982E-002
1.84625	6.0904980E-002
1.84775	4.8420429E-002
1.84925	2.4968147E-002
1.85075	1.4570236E-002
1.85225	-1.5892029E-002
1.85375	-3.1826496E-002
1.85525	-6.7117691E-002
1.85675	-8.9551926E-002
1.85825	-8.0782413E-002
1.85975	-1.2803793E-001
1.86125	-1.1500454E-001
1.86275	-1.3512135E-001
1.86425	-9.9837780E-002
1.86575	-1.5902042E-002
1.86725	3.8235188E-002
1.86875	1.3210297E-001
1.87025	2.6441669E-001
1.87175	3.7514591E-001
1.87325	4.1517448E-001
1.87475	4.4085503E-001
1.87625	4.3184471E-001
1.87775	3.9914036E-001
1.87925	3.2778597E-001
1.88075	3.0016136E-001
1.88225	2.7346754E-001
1.88375	2.4400568E-001
1.88525	2.2236967E-001
1.88675	2.3090839E-001
1.88825	2.2078323E-001
1.88975	1.8675804E-001
1.89125	1.5561533E-001
1.89275	1.0819387E-001
1.89425	6.1567783E-002
1.89575	-1.4522552E-002
1.89725	-1.9355297E-002
1.89875	-8.0276012E-002
1.90025	-9.3300819E-002
1.90175	-1.2144852E-001
1.90325	-1.3900805E-001
1.90475	-1.1341906E-001
1.90625	-1.8438482E-001
1.90775	-1.5453577E-001
1.90925	-1.6304207E-001
1.91075	-3.6459923E-002
1.91225	1.5655947E-001
1.91375	2.1329737E-001
1.91525	3.2366610E-001
1.91675	4.9383640E-001
1.91825	5.1367188E-001
1.91975	5.2372980E-001
1.92125	4.5003796E-001
1.92275	4.2463398E-001
1.92425	3.6716795E-001
1.92575	2.6914406E-001
1.92725	2.4222136E-001
1.92875	1.7819166E-001
1.93025	1.7513752E-001
1.93175	1.5551329E-001
1.93325	1.4780140E-001
1.93475	1.3059521E-001
1.93625	8.0986500E-002
1.93775	7.4378967E-002
1.93925	5.0665379E-002
1.94075	1.0004997E-002
1.94225	-1.7815590E-002
1.94375	-5.8897495E-002
1.94525	-3.0857086E-002
1.94675	-8.0711365E-002
1.94825	-1.3622093E-001
1.94975	-1.2888336E-001
1.95125	-1.2128210E-001
1.95275	3.4739017E-002
1.95425	1.2319708E-001
1.95575	1.9981813E-001
1.95725	3.2972813E-001
1.95875	4.3073893E-001
1.96025	4.7929764E-001
1.96175	4.6089268E-001
1.96325	4.1200256E-001
1.96475	4.1441107E-001
1.96625	3.4914541E-001
1.96775	3.3600950E-001
1.96925	3.0013275E-001
1.97075	2.7406549E-001
1.97225	2.4366903E-001
1.97375	2.3317766E-001
1.97525	2.0742226E-001
1.97675	1.6872072E-001
1.97825	1.2337255E-001
1.97975	8.4571362E-002
1.98125	3.5709381E-002
1.98275	-9.7427368E-003
1.98425	-7.3952198E-002
1.98575	-1.8572617E-001
1.98725	-2.1099520E-001
1.98875	-2.7212858E-001
1.99025	-2.5722933E-001
1.99175	-2.5838995E-001
1.99325	-2.5742722E-001
1.99475	-1.5340614E-001
1.99625	-1.1569691E-001
1.99775	-1.0190344E-001
1.99925	-9.4008923E-002
2.00075	7.7702522E-002
2.00225	1.7695379E-001
2.00375	2.3603868E-001
2.00525	2.7304888E-001
2.00675	3.0435467E-001
2.00825	3.2790852E-001
2.00975	2.6827145E-001
2.01125	2.7803135E-001
2.01275	2.6363611E-001
2.01425	2.8124762E-001
2.01575	3.0166006E-001
2.01725	3.0899286E-001
2.01875	2.5238276E-001
2.02025	2.1086693E-001
2.02175	1.6708231E-001
2.02325	9.9669456E-002
2.02475	5.6030750E-002
2.02625	-3.4274101E-002
2.02775	-4.5438766E-002
2.02925	-1.2927294E-001
2.03075	-1.4897871E-001
2.03225	-1.4491940E-001
2.03375	-2.0194387E-001
2.03525	-2.1639538E-001
2.03675	-2.9840040E-001
2.03825	-2.4984646E-001
2.03975	-2.3449898E-001
2.04125	-2.6560879E-001
2.04275	-2.6037884E-001
2.04425	-6.8985462E-002
2.04575	4.8728943E-002
2.04725	1.7111158E-001
2.04875	2.1252775E-001
2.05025	2.3350906E-001
2.05175	3.1849623E-001
2.05325	3.8392544E-001
2.05475	3.8263416E-001
2.05625	3.4789276E-001
2.05775	3.3730841E-001
2.05925	3.4785891E-001
2.06075	3.1662512E-001
2.06225	2.0108461E-001
2.06375	1.4515924E-001
2.06525	1.0776472E-001
2.06675	9.0245724E-002
2.06825	5.1274776E-002
2.06975	1.1582375E-003
2.07125	3.4389019E-002
2.07275	-4.3349266E-003
2.07425	-2.3964882E-002
2.07575	-8.1693649E-002
2.07725	-1.5100813E-001
2.07875	-2.0773363E-001
2.08025	-3.2859802E-001
2.08175	-1.9797802E-001
2.08325	-1.9243526E-001
2.08475	-1.8954086E-001
2.08625	-1.4164686E-001
2.08775	-5.2011013E-002
2.08925	2.5408268E-002
2.09075	-3.7384033E-002
2.09225	9.7398758E-002
2.09375	1.8869829E-001
2.09525	2.4812365E-001
2.09675	2.6305342E-001
2.09825	2.6640701E-001
2.09975	2.2489786E-001
2.10125	2.0232487E-001
2.10275	1.4309025E-001
2.10425	1.2602663E-001
2.10575	9.4278812E-002
2.10725	7.1187019E-003
2.10875	7.5287819E-003
2.11025	-5.0811291E-002
2.11175	-8.3155155E-002
2.11325	-1.3712454E-001
2.11475	-2.5884724E-001
2.11625	-2.4965525E-001
2.11775	-2.7237654E-001
2.11925	-2.9298687E-001
2.12075	-2.6674271E-001
2.12225	-2.8118420E-001
2.12375	-1.9963551E-001
2.12525	-1.6026497E-001
2.12675	-1.1861801E-001
2.12825	-1.2227106E-001
2.12975	-1.3325930E-001
2.13125	-1.5593719E-001
2.13275	-7.0606232E-002
2.13425	4.2889595E-002
2.13575	8.8385105E-002
2.13725	1.8458939E-001
2.13875	1.9485855E-001
2.14025	2.4581575E-001
2.14175	2.5791311E-001
2.14325	1.9949818E-001
2.14475	1.8563128E-001
2.14625	1.0562086E-001
2.14775	1.6176844E-001
2.14925	7.1277142E-002
2.15075	2.5765896E-002
2.15225	5.4668903E-002
2.15375	4.3220043E-002
2.15525	1.5020847E-002
2.15675	-1.1795616E-001
2.15825	-1.1275291E-001
2.15975	-1.6901398E-001
2.16125	-2.3216486E-001
2.16275	-3.0792093E-001
2.16425	-2.8198290E-001
2.16575	-2.5176716E-001
2.16725	-2.1801186E-001
2.16875	-2.3975754E-001
2.17025	-2.0245981E-001
2.17175	-1.0800123E-001
2.17325	6.3633442E-002
2.17475	1.9600964E-001
2.17625	2.9981470E-001
2.17775	3.3408737E-001
2.17925	3.5616398E-001
2.18075	3.4437943E-001
2.18225	2.4920797E-001
2.18375	2.2226429E-001
2.18525	1.0129929E-001
2.18675	3.4284592E-002
2.18825	-7.6625824E-002
2.18975	-2.7107716E-002
2.19125	-1.8811226E-002
2.19275	-1.5522528E-001
2.19425	-1.7316151E-001
2.19575	-7.2268963E-002
2.19725	-1.8073082E-002
2.19875	-1.1772633E-001
2.20025	-1.5301895E-001
2.20175	-1.4532423E-001
2.20325	-1.3254452E-001
2.20475	-2.0202875E-001
2.20625	-2.8893232E-001
2.20775	-2.6257467E-001
2.20925	-1.7476654E-001
2.21075	-1.4240599E-001
2.21225	-1.0873032E-001
2.21375	-2.4170876E-002
2.21525	7.0471764E-003
2.21675	3.3926010E-002
2.21825	5.4323196E-002
2.21975	1.1220741E-001
2.22125	1.1500597E-001
2.22275	1.1497974E-002
2.22425	1.3474226E-001
2.22575	1.5072584E-001
2.22725	1.2429047E-001
2.22875	1.6233540E-001
2.23025	1.6288662E-001
2.23175	1.6261625E-001
2.23325	7.8704357E-002
2.23475	8.6065769E-002
2.23625	9.5479012E-002
2.23775	-8.8667870E-003
2.23925	-5.3052425E-002
2.24075	-9.5342636E-002
2.24225	-2.2288322E-002
2.24375	-8.9334011E-002
2.24525	-1.6606236E-001
2.24675	-1.5090704E-001
2.24825	-1.3131762E-001
2.24975	-1.0774660E-001
2.25125	-2.5693035E-001
2.25275	-2.2756481E-001
2.25425	-1.9688988E-001
2.25575	-1.6633129E-001
2.25725	-1.3755894E-001
2.25875	-1.1238289E-001
2.26025	3.2359123E-002
2.26175	9.6438885E-002
2.26325	1.4726591E-001
2.26475	2.5813723E-001
2.26625	2.4739695E-001
2.26775	2.3011589E-001
2.26925	1.3532019E-001
2.27075	6.8497181E-002
2.27225	-4.1151047E-003
2.27375	-2.0688820E-001
2.27525	-2.3205090E-001
2.27675	-2.5461912E-001
2.27825	-2.7377319E-001
2.27975	-2.2197008E-001
2.28125	-2.3269033E-001
2.28275	-1.2957811E-001
2.28425	-1.3077784E-001
2.28575	-3.9956570E-002
2.28725	-3.1480789E-002
2.28875	5.4172039E-002
2.29025	7.1585655E-002
2.29175	2.0283699E-002
2.29325	8.2483768E-002
2.29475	2.9983521E-002
2.29625	5.7816029E-002
2.29775	-6.9423199E-002
2.29925	6.5757751E-002
2.30075	8.8682652E-002
2.30225	5.5965900E-002
2.30375	6.8784237E-002
2.30525	7.5223923E-002
2.30675	7.4962616E-002
2.30825	1.0153770E-002
2.30975	-2.6316643E-003
2.31125	-2.0413876E-002
2.31275	-4.1936398E-002
2.31425	4.3365955E-002
2.31575	1.7835903E-001
2.31725	1.5415907E-001
2.31875	1.3167763E-001
2.32025	1.1191654E-001
2.32175	9.5660686E-002
2.32325	1.1567020E-001
2.32475	-3.8159370E-002
2.32625	3.8027763E-002
2.32775	1.0677910E-001
2.32925	1.7133284E-001
2.33075	1.8246889E-001
2.33225	1.0766554E-001
2.33375	1.2675810E-001
2.33525	7.6302528E-002
2.33675	1.3325691E-002
2.33825	3.8460732E-002
2.33975	6.3308239E-002
2.34125	8.6574078E-002
2.34275	1.5279722E-001
2.34425	1.2367296E-001
2.34575	1.8146324E-001
2.34725	9.1499805E-002
2.34875	1.9004965E-001
2.35025	1.8639088E-001
2.35175	1.3189793E-001
2.35325	1.1853600E-001
2.35475	1.0124588E-001
2.35625	1.6812181E-001
2.35775	1.0461235E-001
2.35925	8.1902027E-002
2.36075	5.9848785E-002
2.36225	3.9606094E-002
2.36375	6.3553810E-002
2.36525	8.3041191E-003
2.36675	-4.7141075E-002
2.36825	-5.2272797E-002
2.36975	-5.2648067E-002
2.37125	-2.4843216E-003
2.37275	-9.0362072E-002
2.37425	-1.3503695E-001
2.37575	-1.1798048E-001
2.37725	-9.7941875E-002
2.37875	-7.5884819E-002
2.38025	-5.2938938E-002
2.38175	2.7669430E-002
2.38325	4.8759460E-002
2.38475	6.7272663E-002
2.38625	8.2403660E-002
2.38775	9.3633175E-002
2.38925	4.2704105E-002
2.39075	-2.1438122E-002
2.39225	-2.2892475E-002
2.39375	-2.8558731E-002
2.39525	-3.8319111E-002
2.39675	-5.1914215E-002
2.39825	-6.8860531E-002
2.39975	-8.8406086E-002
2.40125	-1.0954905E-001
2.40275	-6.4179420E-002
2.40425	-8.4975719E-002
2.40575	-1.0384321E-001
2.40725	-1.0637283E-002
2.40875	-2.2846222E-002
2.41025	1.6114187E-001
2.41175	1.5792084E-001
2.41325	1.5952587E-001
2.41475	1.6589737E-001
2.41625	1.0981226E-001
2.41775	1.9161081E-001
2.41925	6.3596725E-002
2.42075	1.2541866E-001
2.42225	1.8483114E-001
2.42375	2.0643187E-001
2.42525	2.2681570E-001
2.42675	2.0715189E-001
2.42825	1.8084335E-001
2.42975	9.5499039E-002
2.43125	4.5344830E-002
2.43275	2.0431852E-001
2.43425	2.4603415E-001
2.43575	2.0121050E-001
2.43725	1.9398928E-001
2.43875	1.8297958E-001
2.44025	2.0972586E-001
2.44175	5.3552628E-002
2.44325	1.3009119E-001
2.44475	1.0822916E-001
2.44625	8.6076260E-002
2.44775	2.1101713E-001
2.44925	1.9198465E-001
2.45075	1.7613649E-001
2.45225	1.6428947E-001
2.45375	2.6617050E-001
2.45525	2.6383829E-001
2.45675	1.5740919E-001
2.45825	1.3287210E-001
2.45975	1.4510012E-001
2.46125	4.7370434E-002
2.46275	-1.5511894E-001
2.46425	-1.3367271E-001
2.46575	-4.4413567E-002
2.46725	-2.2521019E-002
2.46875	-2.2611618E-003
2.47025	1.5353680E-002
2.47175	2.9609203E-002
2.47325	4.0099621E-002
2.47475	-2.0289898E-002
2.47625	-1.7714977E-002
2.47775	-1.9172192E-002
2.47925	-2.4767399E-002
2.48075	3.2314301E-002
2.48225	7.6127529E-002
2.48375	1.5473604E-001
2.48525	1.7424345E-001
2.48675	1.4969349E-001
2.48825	1.2370825E-001
2.48975	5.6293011E-002
2.49125	-1.4117241E-002
2.49275	-1.4526033E-001
2.49425	-2.3047543E-001
2.49575	-2.4418163E-001
2.49725	-1.8579197E-001
2.49875	-1.3085794E-001
2.50025	-7.7132702E-002
2.50175	-6.9015503E-002
2.50325	-9.9086761E-003
2.50475	4.9510956E-002
2.50625	3.0006886E-002
2.50775	8.9201927E-003
2.50925	-1.6089916E-002
2.51075	1.0055542E-002
2.51225	-2.3281574E-002
2.51375	-6.8436146E-002
2.51525	7.4313641E-002
2.51675	8.7337971E-002
2.51825	9.5047474E-002
2.51975	9.7088337E-002
2.52125	1.9009209E-001
2.52275	1.8000650E-001
2.52425	6.6727638E-002
2.52575	4.4256210E-002
2.52725	1.1320877E-001
2.52875	1.2226820E-001
2.53025	4.5690060E-002
2.53175	9.4037056E-003
2.53325	-2.6216507E-002
2.53475	8.6562157E-002
2.53625	5.6824684E-002
2.53775	3.1743050E-002
2.53925	1.4470816E-001
2.54075	1.7446136E-001
2.54225	2.5978899E-001
2.54375	1.8627739E-001
2.54525	2.1113443E-001
2.54675	2.5931787E-001
2.54825	1.5826941E-001
2.54975	1.3381243E-001
2.55125	4.6146393E-002
2.55275	7.8939915E-002
2.55425	4.1728020E-002
2.55575	-6.0493469E-002
2.55725	7.1070194E-002
2.55875	1.0185528E-001
2.56025	1.2621689E-001
2.56175	2.2088575E-001
2.56325	1.8762875E-001
2.56475	1.7978048E-001
2.56625	1.1767435E-001
2.56775	1.6391373E-001
2.56925	8.2695484E-002
2.57075	6.9148540E-002
2.57225	1.2894630E-002
2.57375	-4.5326233E-002
2.57525	-3.5976887E-002
2.57675	-6.0913563E-002
2.57825	-8.3550453E-002
2.57975	-1.2891340E-001
2.58125	-9.3640804E-002
2.58275	-8.3098888E-002
2.58425	-1.5278912E-001
2.58575	-1.9563246E-001
2.58725	-1.2086916E-001
2.58875	-1.2618017E-001
2.59025	-8.6525917E-002
2.59175	-9.5864773E-002
2.59325	-9.8665237E-002
2.59475	-3.6997318E-002
2.59625	-4.3667316E-002
2.59775	-2.5944233E-002
2.59925	1.7825127E-002
2.60075	6.5555573E-002
2.60225	1.1389399E-001
2.60375	6.5613747E-002
2.60525	4.2078972E-002
2.60675	-1.1050701E-002
2.60825	-1.4514542E-001
2.60975	-1.9628525E-001
2.61125	-1.9442034E-001
2.61275	-2.2231150E-001
2.61425	-2.1684217E-001
2.61575	-2.1630144E-001
2.61725	-2.8401232E-001
2.61875	-3.0436611E-001
2.62025	-2.3198891E-001
2.62175	-2.0747519E-001
2.62325	-1.8183422E-001
2.62475	-1.5254498E-001
2.62625	-1.1935329E-001
2.62775	-8.8774204E-002
2.62925	-8.5467339E-002
2.63075	-9.4550610E-002
2.63225	-1.0151386E-001
2.63375	-1.1592913E-001
2.63525	-1.1265182E-001
2.63675	-8.5403919E-002
2.63825	-7.9251289E-002
2.63975	-8.2029819E-002
2.64125	-6.9204330E-002
2.64275	-5.8862209E-002
2.64425	-5.4053307E-002
2.64575	-8.1127167E-002
2.64725	-8.3117485E-002
2.64875	-6.8526745E-002
2.65025	-6.8728447E-002
2.65175	-6.1931610E-002
2.65325	-6.9207668E-002
2.65475	-5.3790569E-002
2.65625	-3.9523125E-002
2.65775	-3.1719685E-002
2.65925	-3.2580853E-002
2.66075	-3.4120083E-002
2.66225	-2.1904469E-002
2.66375	-3.0304432E-002
2.66525	-3.5185337E-002
2.66675	-4.4334412E-002
2.66825	-5.2621841E-002
2.66975	-5.9131622E-002
2.67125	-6.0070038E-002
2.67275	-5.5926800E-002
2.67425	-7.1437359E-002
2.67575	-7.6702595E-002
2.67725	-5.5526733E-002
2.67875	-4.5305729E-002
2.68025	-5.9564590E-002
2.68175	-5.4744244E-002
2.68325	-4.0633678E-002
2.68475	-4.6200752E-003
2.68625	-1.3849258E-002
2.68775	-4.2395592E-003
2.68925	2.9710293E-002
2.69075	8.5600376E-002
2.69225	9.7046852E-002
2.69375	8.1193447E-002
2.69525	1.2857103E-001
2.69675	1.5208483E-001
2.69825	2.2220469E-001
2.69975	2.2783136E-001
2.70125	2.1174192E-001
2.70275	1.5126896E-001
2.70425	1.2071228E-001
2.70575	6.6475868E-002
2.70725	-1.2730265E-001
2.70875	-2.5408745E-001
2.71025	-1.8721962E-001
2.71175	-1.1379433E-001
2.71325	-1.0262632E-001
2.71475	-6.9147587E-002
2.71625	-1.9391060E-002
2.71775	-5.1677227E-002
2.71925	-1.1491680E-001
2.72075	-1.1519289E-001
2.72225	-1.7180014E-001
2.72375	-1.5751457E-001
2.72525	-9.2662811E-002
2.72675	-6.3376427E-003
2.72825	6.3486576E-002
2.72975	3.2377720E-002
2.73125	9.8949909E-002
2.73275	1.1167622E-001
2.73425	2.1492958E-002
2.73575	-5.5292130E-002
2.73725	-8.4799290E-002
2.73875	-3.0068398E-002
2.74025	-3.2197952E-002
2.74175	8.5463524E-003
2.74325	-1.8917561E-002
2.74475	1.0950327E-001
2.74625	1.6320276E-001
2.74775	1.6051865E-001
2.74925	1.4849377E-001
2.75075	2.0798016E-001
2.75225	2.4949265E-001
2.75375	1.5344715E-001
2.75525	1.5753841E-001
2.75675	2.1744919E-001
2.75825	1.8933153E-001
2.75975	1.0680914E-001
2.76125	2.0030499E-002
2.76275	5.6934357E-003
2.76425	-4.0422440E-002
2.76575	-1.8077087E-001
2.76725	-1.2533092E-001
2.76875	-1.1486530E-001
2.77025	-9.8593712E-002
2.77175	4.7812462E-002
2.77325	7.3598862E-002
2.77475	1.0255003E-001
2.77625	9.5465183E-002
2.77775	1.2633467E-001
2.77925	1.5575457E-001
2.78075	4.3985367E-002
2.78225	8.5806847E-003
2.78375	2.6679993E-002
2.78525	4.0271759E-002
2.78675	-1.7204762E-002
2.78825	-1.1260033E-002
2.78975	-8.2364082E-003
2.79125	5.9285164E-002
2.79275	5.7688236E-002
2.79425	1.6316509E-001
2.79575	2.0319414E-001
2.79725	2.3682547E-001
2.79875	2.2720098E-001
2.80025	1.7470884E-001
2.80175	1.6276789E-001
2.80325	5.3912163E-002
2.80475	-1.5085697E-002
2.80625	8.4924221E-002
2.80775	7.8462601E-002
2.80925	7.5249672E-002
2.81075	7.5573921E-002
2.81225	1.2516260E-001
2.81375	1.3215780E-001
2.81525	4.4784069E-002
2.81675	5.6030750E-002
2.81825	6.8048477E-002
2.81975	7.9911232E-002
2.82125	3.2836914E-002
2.82275	4.2249203E-002
2.82425	-1.7073631E-002
2.82575	-1.1260509E-002
2.82725	5.9864998E-002
2.82875	6.2701702E-002
2.83025	6.4520836E-002
2.83175	6.5624714E-002
2.83325	6.6257000E-002
2.83475	6.6596508E-002
2.83625	-1.8405914E-004
2.83775	-1.1825562E-004
2.83925	-1.1396408E-004
2.84075	-1.5115738E-004
2.84225	1.2471581E-001
2.84375	1.2461185E-001
2.84525	2.6278162E-001
2.84675	3.0041695E-001
2.84825	3.0025530E-001
2.84975	3.0010319E-001
2.85125	2.2079849E-001
2.85275	2.2072172E-001
2.85425	6.5801620E-002
2.85575	-1.1014938E-003
2.85725	-1.0032654E-003
2.85875	-8.6545944E-004
2.86025	-7.0667267E-004
2.86175	-5.4645538E-004
2.86325	-4.0006638E-004
2.86475	-2.7704239E-004
2.86625	-1.8215179E-004
2.86775	-1.1301041E-004
2.86925	6.6880226E-002
2.87075	6.6909790E-002
2.87225	6.6927433E-002
2.87375	6.6936970E-002
2.87525	6.6942215E-002
2.87675	6.6944599E-002
2.87825	-9.5367432E-007
2.87975	6.6946507E-002
2.88125	6.6946507E-002
2.88275	1.2493849E-001
2.88425	1.7609072E-001
2.88575	1.7609072E-001
2.88725	1.7609072E-001
2.88875	1.2493849E-001
2.89025	1.2493849E-001
2.89175	6.6946507E-002
2.89325	-4.7683716E-007
2.89475	-4.7683716E-007
2.89625	-4.7683716E-007
2.89775	-4.7683716E-007
2.89925	-4.7683716E-007
2.90075	6.6946507E-002
2.90225	6.6946507E-002
2.90375	1.7609072E-001
2.90525	2.2184849E-001
2.90675	2.2184849E-001
2.90825	2.2184849E-001
2.90975	1.7609072E-001
2.91125	2.6324081E-001
2.91275	1.7609072E-001
2.91425	1.2493849E-001
2.91575	1.2493849E-001
2.91725	1.2493849E-001
2.91875	1.2493849E-001
2.92025	-4.7683716E-007
2.92175	-4.7683716E-007
2.92325	-4.7683716E-007
2.92475	-4.7683716E-007
2.92625	6.6946507E-002
2.92775	6.6946507E-002
2.92925	6.6946507E-002
2.93075	6.6946507E-002
2.93225	6.6946507E-002
2.93375	6.6946507E-002
2.93525	6.6946507E-002
2.93675	6.6946507E-002
2.93825	6.6946507E-002
2.93975	1.2493849E-001
2.94125	1.2493849E-001
2.94275	1.2493849E-001
2.94425	6.6946507E-002
2.94575	6.6946507E-002
2.94725	6.6946507E-002
2.94875	-4.7683716E-007
2.95025	-4.7683716E-007
2.95175	-4.7683716E-007
2.95325	-4.7683716E-007
2.95475	-4.7683716E-007
2.95625	-4.7683716E-007
2.95775	-4.7683716E-007
2.95925	-4.7683716E-007
2.96075	-4.7683716E-007
2.96225	-4.7683716E-007
2.96375	-4.7683716E-007
2.96525	-4.7683716E-007
2.96675	-4.7683716E-007
2.96825	6.6946507E-002
2.96975	6.6946507E-002
2.97125	6.6946507E-002
2.97275	6.6946507E-002
2.97425	6.6946507E-002
2.97575	6.6946507E-002
2.97725	-4.7683716E-007
2.97875	-4.7683716E-007
2.98025	-4.7683716E-007
2.98175	6.6946507E-002
2.98325	6.6946507E-002
2.98475	6.6946507E-002
2.98625	6.6946507E-002
2.98775	6.6946507E-002
2.98925	6.6946507E-002
2.99075	-4.7683716E-007
2.99225	-4.7683716E-007
2.99375	-4.7683716E-007
2.99525	-4.7683716E-007
2.99675	-4.7683716E-007
2.99825	-4.7683716E-007
2.99975	-4.7683716E-007
3.00125	-4.7683716E-007
3.00275	-4.7683716E-007
3.00425	-4.7683716E-007
3.00575	6.6946507E-002
3.00725	6.6946507E-002
3.00875	6.6946507E-002
3.01025	6.6946507E-002
3.01175	6.6946507E-002
3.01325	6.6946507E-002
3.01475	-4.7683716E-007
3.01625	-4.7683716E-007
3.01775	-4.7683716E-007
3.01925	6.6946507E-002
3.02075	6.6946507E-002
3.02225	6.6946507E-002
3.02375	6.6946507E-002
3.02525	6.6946507E-002
3.02675	6.6946507E-002
3.02825	-4.7683716E-007
3.02975	-4.7683716E-007
3.03125	-4.7683716E-007
3.03275	-4.7683716E-007
3.03425	-4.7683716E-007
3.03575	-4.7683716E-007
3.03725	-4.7683716E-007
3.03875	6.6946507E-002
3.04025	6.6946507E-002
3.04175	1.7609072E-001
3.04325	1.7609072E-001
3.04475	1.7609072E-001
3.04625	1.7609072E-001
3.04775	1.2493849E-001
3.04925	1.2493849E-001
3.05075	-4.7683716E-007
3.05225	-4.7683716E-007
3.05375	-4.7683716E-007
3.05525	-4.7683716E-007
3.05675	-4.7683716E-007
3.05825	-4.7683716E-007
3.05975	-4.7683716E-007
3.06125	1.2493849E-001
3.06275	1.2493849E-001
3.06425	1.2493849E-001
3.06575	1.2493849E-001
3.06725	1.2493849E-001
3.06875	1.2493849E-001
3.07025	-4.7683716E-007
3.07175	-4.7683716E-007
3.07325	-4.7683716E-007
3.07475	-4.7683716E-007
3.07625	-4.7683716E-007
3.07775	-4.7683716E-007
3.07925	-4.7683716E-007
3.08075	-4.7683716E-007
3.08225	-4.7683716E-007
3.08375	1.2493849E-001
3.08525	1.7609072E-001
3.08675	1.7609072E-001
3.08825	1.7609072E-001
3.08975	2.2184849E-001
3.09125	2.2184849E-001
3.09275	1.2493849E-001
3.09425	6.6946507E-002
3.09575	6.6946507E-002
3.09725	6.6946507E-002
3.09875	1.2493849E-001
3.10025	1.2493849E-001
3.10175	1.2493849E-001
3.10325	1.2493849E-001
3.10475	1.2493849E-001
3.10625	1.7609072E-001
3.10775	6.6946507E-002
3.10925	1.2493849E-001
3.11075	3.0102968E-001
3.11225	3.0102968E-001
3.11375	3.0102968E-001
3.11525	2.6324081E-001
3.11675	2.6324081E-001
3.11825	2.2184849E-001
3.11975	-4.7683716E-007
3.12125	-4.7683716E-007
3.12275	-4.7683716E-007
3.12425	-4.7683716E-007
3.12575	-4.7683716E-007
3.12725	-4.7683716E-007
3.12875	-4.7683716E-007
3.13025	6.6946507E-002
3.13175	6.6946507E-002
3.13325	6.6946507E-002
3.13475	6.6946507E-002
3.13625	6.6946507E-002
3.13775	6.6946507E-002
3.13925	6.6946507E-002
3.14075	1.7609072E-001
3.14225	1.7609072E-001
3.14375	1.7609072E-001
3.14525	1.7609072E-001
3.14675	1.7609072E-001
3.14825	1.7609072E-001
3.14975	6.6946507E-002
3.15125	6.6946507E-002
3.15275	6.6946507E-002
3.15425	6.6946507E-002
3.15575	1.2493849E-001
3.15725	6.6946507E-002
3.15875	6.6946507E-002
3.16025	6.6946507E-002
3.16175	6.6946507E-002
3.16325	6.6946507E-002
3.16475	-4.7683716E-007
3.16625	-4.7683716E-007
3.16775	1.2493849E-001
3.16925	1.2493849E-001
3.17075	1.7609072E-001
3.17225	1.7609072E-001
3.17375	1.7609072E-001
3.17525	1.7609072E-001
3.17675	6.6946507E-002
3.17825	6.6946507E-002
3.17975	-4.7683716E-007
3.18125	-4.7683716E-007
3.18275	-4.7683716E-007
3.18425	-4.7683716E-007
3.18575	-4.7683716E-007
3.18725	1.2493849E-001
3.18875	1.2493849E-001
3.19025	1.2493849E-001
3.19175	1.2493849E-001
3.19325	1.2493849E-001
3.19475	1.2493849E-001
3.19625	-4.7683716E-007
3.19775	-4.7683716E-007
3.19925	-4.7683716E-007
3.20075	-4.7683716E-007
3.20225	-4.7683716E-007
3.20375	-4.7683716E-007
3.20525	1.7609072E-001
3.20675	1.7609072E-001
3.20825	1.7609072E-001
3.20975	1.7609072E-001
3.21125	2.2184849E-001
3.21275	2.2184849E-001
3.21425	6.6946507E-002
3.21575	6.6946507E-002
3.21725	6.6946507E-002
3.21875	6.6946507E-002
3.22025	-4.7683716E-007
3.22175	-4.7683716E-007
3.22325	-4.7683716E-007
3.22475	-4.7683716E-007
3.22625	1.2493849E-001
3.22775	1.2493849E-001
3.22925	1.2493849E-001
3.23075	1.2493849E-001
3.23225	1.2493849E-001
3.23375	1.2493849E-001
3.23525	-4.7683716E-007
3.23675	-4.7683716E-007
3.23825	-4.7683716E-007
3.23975	-4.7683716E-007
3.24125	6.6946507E-002
3.24275	1.2493849E-001
3.24425	1.2493849E-001
3.24575	1.7609072E-001
3.24725	2.2184849E-001
3.24875	3.9793968E-001
3.25025	3.6797619E-001
3.25175	3.3579159E-001
3.25325	3.6797619E-001
3.25475	3.3579159E-001
3.25625	3.3579159E-001
3.25775	1.7609072E-001
3.25925	1.7609072E-001
3.26075	1.7609072E-001
3.26225	1.2493849E-001
3.26375	1.2493849E-001
3.26525	6.6946507E-002
3.26675	-4.7683716E-007
3.26825	-4.7683716E-007
3.26975	-4.7683716E-007
3.27125	-4.7683716E-007
3.27275	-4.7683716E-007
3.27425	-4.7683716E-007
3.27575	-4.7683716E-007
3.27725	-4.7683716E-007
3.27875	-4.7683716E-007
3.28025	6.6946507E-002
3.28175	6.6946507E-002
3.28325	6.6946507E-002
3.28475	6.6946507E-002
3.28625	6.6946507E-002
3.28775	6.6946507E-002
3.28925	-4.7683716E-007
3.29075	-4.7683716E-007
3.29225	-4.7683716E-007
3.29375	-4.7683716E-007
3.29525	-4.7683716E-007
3.29675	-4.7683716E-007
3.29825	-4.7683716E-007
3.29975	6.6946507E-002
3.30125	6.6946507E-002
3.30275	6.6946507E-002
3.30425	6.6946507E-002
3.30575	6.6946507E-002
3.30725	6.6946507E-002
3.30875	-4.7683716E-007
3.31025	1.2493849E-001
3.31175	1.2493849E-001
3.31325	1.2493849E-001
3.31475	1.7609072E-001
3.31625	1.7609072E-001
3.31775	1.7609072E-001
3.31925	6.6946507E-002
3.32075	6.6946507E-002
3.32225	6.6946507E-002
3.32375	-4.7683716E-007
3.32525	-4.7683716E-007
3.32675	-4.7683716E-007
3.32825	-4.7683716E-007
3.32975	-4.7683716E-007
3.33125	-4.7683716E-007
3.33275	-4.7683716E-007
3.33425	-4.7683716E-007
3.33575	-4.7683716E-007
3.33725	1.2493849E-001
3.33875	1.2493849E-001
3.34025	1.7609072E-001
3.34175	2.6324081E-001
3.34325	2.6324081E-001
3.34475	2.6324081E-001
3.34625	1.7609072E-001
3.34775	2.2184849E-001
3.34925	1.7609072E-001
3.35075	1.2493849E-001
3.35225	1.2493849E-001
3.35375	1.2493849E-001
3.35525	1.2493849E-001
3.35675	6.6946507E-002
3.35825	6.6946507E-002
3.35975	6.6946507E-002
3.36125	6.6946507E-002
3.36275	6.6946507E-002
3.36425	6.6946507E-002
3.36575	6.6946507E-002
3.36725	1.2493849E-001
3.36875	1.2493849E-001
3.37025	1.2493849E-001
3.37175	1.2493849E-001
3.37325	2.2184849E-001
3.37475	2.2184849E-001
3.37625	1.7609072E-001
3.37775	1.2493849E-001
3.37925	1.7609072E-001
3.38075	1.7609072E-001
3.38225	1.2493849E-001
3.38375	1.2493849E-001
3.38525	1.7609072E-001
3.38675	1.7609072E-001
3.38825	1.2493849E-001
3.38975	1.7609072E-001
3.39125	2.2184849E-001
3.39275	2.2184849E-001
3.39425	2.6324081E-001
3.39575	2.6324081E-001
3.39725	2.6324081E-001
3.39875	2.2184849E-001
3.40025	1.2493849E-001
3.40175	1.7609072E-001
3.40325	6.6946507E-002
3.40475	6.6946507E-002
3.40625	6.6946507E-002
3.40775	6.6946507E-002
3.40925	2.2184849E-001
3.41075	1.7609072E-001
3.41225	1.7609072E-001
3.41375	1.7609072E-001
3.41525	1.7609072E-001
3.41675	2.2184849E-001
3.41825	6.6946507E-002
3.41975	1.2493849E-001
3.42125	1.7609072E-001
3.42275	1.7609072E-001
3.42425	2.6324081E-001
3.42575	2.6324081E-001
3.42725	3.0102968E-001
3.42875	2.6324081E-001
3.43025	2.2184849E-001
3.43175	2.2184849E-001
3.43325	2.2184849E-001
3.43475	2.6324081E-001
3.43625	2.2184849E-001
3.43775	2.2184849E-001
3.43925	2.2184849E-001
3.44075	2.6324081E-001
3.44225	1.7609072E-001
3.44375	6.6946507E-002
3.44525	6.6946507E-002
3.44675	6.6946507E-002
3.44825	6.6946507E-002
3.44975	6.6946507E-002
3.45125	1.7609072E-001
3.45275	1.7609072E-001
3.45425	2.2184849E-001
3.45575	2.6324081E-001
3.45725	2.6324081E-001
3.45875	2.6324081E-001
3.46025	1.7609072E-001
3.46175	3.3579159E-001
3.46325	3.0102968E-001
3.46475	3.9793968E-001
3.46625	3.9793968E-001
3.46775	4.5229721E-001
3.46925	4.5229721E-001
3.47075	3.3579159E-001
3.47225	3.6797571E-001
3.47375	2.6323843E-001
3.47525	3.3578491E-001
3.47675	3.0101061E-001
3.47825	3.3574200E-001
3.47975	3.3566952E-001
3.48125	4.2568111E-001
3.48275	3.9729786E-001
3.48425	3.3442450E-001
3.48575	2.6046371E-001
3.48725	2.5786161E-001
3.48875	3.8799953E-001
3.49025	2.8351021E-001
3.49175	3.0635118E-001
3.49325	2.8863859E-001
3.49475	2.6382589E-001
3.49625	1.9632053E-001
3.49775	-2.0501614E-002
3.49925	-6.8397999E-002
3.50075	-1.7989492E-001
3.50225	-1.7904854E-001
3.50375	-6.1727524E-002
3.50525	-8.5570812E-002
3.50675	-2.6088238E-002
3.50825	-8.0514431E-002
3.50975	-4.0864944E-004
3.51125	5.2713871E-002
3.51275	5.1711559E-002
3.51425	9.7698212E-002
3.51575	1.0395098E-001
3.51725	1.9389057E-001
3.51875	2.0151520E-001
3.52025	1.6902304E-001
3.52175	1.3976860E-001
3.52325	1.2813091E-001
3.52475	1.1955070E-001
3.52625	9.9951267E-002
3.52775	8.3279133E-002
3.52925	9.7972393E-002
3.53075	1.4019537E-001
3.53225	1.5183115E-001
3.53375	1.4191961E-001
3.53525	1.0140085E-001
3.53675	7.3649406E-002
3.53825	9.9470615E-002
3.53975	9.1254711E-002
3.54125	4.2636395E-002
3.54275	8.8551044E-002
3.54425	1.1176825E-001
3.54575	1.2113428E-001
3.54725	1.3306904E-001
3.54875	7.5908184E-002
3.55025	1.4454699E-001
3.55175	1.7404032E-001
3.55325	1.3622427E-001
3.55475	1.5686131E-001
3.55625	1.3334036E-001
3.55775	1.7014503E-001
3.55925	1.5309143E-001
3.56075	1.3638973E-002
3.56225	7.0506096E-002
3.56375	9.3554974E-002
3.56525	3.1348705E-002
3.56675	1.5694714E-001
3.56825	1.1740685E-001
3.56975	1.0371780E-001
3.57125	1.2822056E-001
3.57275	1.4588547E-001
3.57425	1.0675669E-001
3.57575	-1.0443211E-002
3.57725	-5.7253838E-003
3.57875	-2.9959679E-003
3.58025	-1.4963150E-003
3.58175	-7.1287155E-004
3.58325	1.2461472E-001
3.58475	1.2479830E-001
3.58625	1.2488079E-001
3.58775	1.2491608E-001
3.58925	1.2493038E-001
3.59075	1.2493563E-001
3.59225	-1.4305115E-006
3.59375	-4.7683716E-007
3.59525	-4.7683716E-007
3.59675	6.6946507E-002
3.59825	6.6946507E-002
3.59975	6.6946507E-002
3.60125	6.6946507E-002
3.60275	6.6946507E-002
3.60425	6.6946507E-002
3.60575	-4.7683716E-007
3.60725	-4.7683716E-007
3.60875	-4.7683716E-007
3.61025	-4.7683716E-007
3.61175	-4.7683716E-007
3.61325	-4.7683716E-007
3.61475	-4.7683716E-007
3.61625	-4.7683716E-007
3.61775	-4.7683716E-007
3.61925	-4.7683716E-007
3.62075	-4.7683716E-007
3.62225	-4.7683716E-007
3.62375	-4.7683716E-007
3.62525	-4.7683716E-007
3.62675	-4.7683716E-007
3.62825	-4.7683716E-007
3.62975	-4.7683716E-007
3.63125	-4.7683716E-007
3.63275	6.6946507E-002
3.63425	6.6946507E-002
3.63575	1.7609072E-001
3.63725	1.7609072E-001
3.63875	1.7609072E-001
3.64025	2.2184849E-001
3.64175	1.7609072E-001
3.64325	1.7609072E-001
3.64475	1.2493849E-001
3.64625	1.2493849E-001
3.64775	1.2493849E-001
3.64925	6.6946507E-002
3.65075	6.6946507E-002
3.65225	6.6946507E-002
3.65375	-4.7683716E-007
3.65525	-4.7683716E-007
3.65675	-4.7683716E-007
3.65825	-4.7683716E-007
3.65975	-4.7683716E-007
3.66125	-4.7683716E-007
3.66275	-4.7683716E-007
3.66425	-4.7683716E-007
3.66575	-4.7683716E-007
3.66725	-4.7683716E-007
3.66875	-4.7683716E-007
3.67025	-4.7683716E-007
3.67175	-4.7683716E-007
3.67325	-4.7683716E-007
3.67475	-4.7683716E-007
3.67625	-4.7683716E-007
3.67775	-4.7683716E-007
3.67925	6.6946507E-002
3.68075	6.6946507E-002
3.68225	6.6946507E-002
3.68375	6.6946507E-002
3.68525	1.2493849E-001
3.68675	1.2493849E-001
3.68825	6.6946507E-002
3.68975	6.6946507E-002
3.69125	6.6946507E-002
3.69275	6.6946507E-002
3.69425	-4.7683716E-007
3.69575	-4.7683716E-007
3.69725	-4.7683716E-007
3.69875	-4.7683716E-007
3.70025	-4.7683716E-007
3.70175	-4.7683716E-007
3.70325	-4.7683716E-007
3.70475	-4.7683716E-007
3.70625	-4.7683716E-007
3.70775	-4.7683716E-007
3.70925	-4.7683716E-007
3.71075	-4.7683716E-007
3.71225	-4.7683716E-007
3.71375	-4.7683716E-007
3.71525	-4.7683716E-007
3.71675	-4.7683716E-007
3.71825	-4.7683716E-007
3.71975	-4.7683716E-007
3.72125	-4.7683716E-007
3.72275	-4.7683716E-007
3.72425	-4.7683716E-007
3.72575	-4.7683716E-007
3.72725	-4.7683716E-007
3.72875	-4.7683716E-007
3.73025	-4.7683716E-007
3.73175	-4.7683716E-007
3.73325	-4.7683716E-007
3.73475	-4.7683716E-007
3.73625	-4.7683716E-007
3.73775	-4.7683716E-007
3.73925	-4.7683716E-007
3.74075	6.6946507E-002
3.74225	6.6946507E-002
3.74375	6.6946507E-002
3.74525	6.6946507E-002
3.74675	6.6946507E-002
3.74825	6.6946507E-002
3.74975	-4.7683716E-007
3.75125	-4.7683716E-007
3.75275	-4.7683716E-007
3.75425	6.6946507E-002
3.75575	6.6946507E-002
3.75725	6.6946507E-002
3.75875	6.6946507E-002
3.76025	6.6946507E-002
3.76175	6.6946507E-002
3.76325	-4.7683716E-007
3.76475	-4.7683716E-007
3.76625	-4.7683716E-007
3.76775	-4.7683716E-007
3.76925	-4.7683716E-007
3.77075	-4.7683716E-007
3.77225	-4.7683716E-007
3.77375	-4.7683716E-007
3.77525	-4.7683716E-007
3.77675	-4.7683716E-007
3.77825	-4.7683716E-007
3.77975	-4.7683716E-007
3.78125	-4.7683716E-007
3.78275	-4.7683716E-007
3.78425	-4.7683716E-007
3.78575	-4.7683716E-007
3.78725	-4.7683716E-007
3.78875	-4.7683716E-007
3.79025	-4.7683716E-007
3.79175	-4.7683716E-007
3.79325	-4.7683716E-007
3.79475	-4.7683716E-007
3.79625	-4.7683716E-007
3.79775	-4.7683716E-007
3.79925	-4.7683716E-007
3.80075	-4.7683716E-007
3.80225	-4.7683716E-007
3.80375	-4.7683716E-007
3.80525	-4.7683716E-007
3.80675	-4.7683716E-007
3.80825	-4.7683716E-007
3.80975	-4.7683716E-007
3.81125	-4.7683716E-007
3.81275	-4.7683716E-007
3.81425	-4.7683716E-007
3.81575	-4.7683716E-007
3.81725	-4.7683716E-007
3.81875	-4.7683716E-007
3.82025	-4.7683716E-007
3.82175	1.2493849E-001
3.82325	1.2493849E-001
3.82475	1.2493849E-001
3.82625	1.2493849E-001
3.82775	1.2493849E-001
3.82925	1.2493849E-001
3.83075	-4.7683716E-007
3.83225	-4.7683716E-007
3.83375	-4.7683716E-007
3.83525	-4.7683716E-007
3.83675	-4.7683716E-007
3.83825	-4.7683716E-007
3.83975	-4.7683716E-007
3.84125	-4.7683716E-007
3.84275	-4.7683716E-007
3.84425	-4.7683716E-007
3.84575	-4.7683716E-007
3.84725	-4.7683716E-007
3.84875	-4.7683716E-007
3.85025	-4.7683716E-007
3.85175	-4.7683716E-007
3.85325	-4.7683716E-007
3.85475	-4.7683716E-007
3.85625	-4.7683716E-007
3.85775	-4.7683716E-007
3.85925	-4.7683716E-007
3.86075	-4.7683716E-007
3.86225	-4.7683716E-007
3.86375	-4.7683716E-007
3.86525	-4.7683716E-007
3.86675	-4.7683716E-007
3.86825	-4.7683716E-007
3.86975	-4.7683716E-007
3.87125	-4.7683716E-007
3.87275	-4.7683716E-007
3.87425	-4.7683716E-007
3.87575	-4.7683716E-007
3.87725	-4.7683716E-007
3.87875	-4.7683716E-007
3.88025	-4.7683716E-007
3.88175	-4.7683716E-007
3.88325	-4.7683716E-007
3.88475	-4.7683716E-007
3.88625	-4.7683716E-007
3.88775	-4.7683716E-007
3.88925	-4.7683716E-007
3.89075	-4.7683716E-007
3.89225	-4.7683716E-007
3.89375	-4.7683716E-007
3.89525	-4.7683716E-007
3.89675	-4.7683716E-007
3.89825	-4.7683716E-007
3.89975	0.0000000E+000
3.90125	0.0000000E+000
3.90275	0.0000000E+000
3.90425	0.0000000E+000
3.90575	0.0000000E+000
3.90725	0.0000000E+000
3.90875	0.0000000E+000
3.91025	0.0000000E+000
3.91175	0.0000000E+000
3.91325	0.0000000E+000
3.91475	0.0000000E+000
3.91625	1.2493896E-001
3.91775	1.2493896E-001
3.91925	1.2493896E-001
3.92075	1.2493896E-001
3.92225	1.2493896E-001
3.92375	1.2493896E-001
3.92525	0.0000000E+000
3.92675	0.0000000E+000
3.92825	0.0000000E+000
3.92975	0.0000000E+000
3.93125	0.0000000E+000
3.93275	0.0000000E+000
3.93425	0.0000000E+000
3.93575	0.0000000E+000
3.93725	0.0000000E+000
3.93875	0.0000000E+000
3.94025	0.0000000E+000
3.94175	0.0000000E+000
3.94325	0.0000000E+000
3.94475	0.0000000E+000
3.94625	0.0000000E+000
3.94775	0.0000000E+000
3.94925	0.0000000E+000
3.95075	0.0000000E+000
3.95225	0.0000000E+000
3.95375	0.0000000E+000
3.95525	0.0000000E+000
3.95675	1.2493896E-001
3.95825	1.7609119E-001
3.95975	1.7609119E-001
3.96125	1.7609119E-001
3.96275	1.7609119E-001
3.96425	1.7609119E-001
3.96575	6.6946983E-002
3.96725	0.0000000E+000
3.96875	0.0000000E+000
3.97025	0.0000000E+000
3.97175	0.0000000E+000
3.97325	0.0000000E+000
3.97475	0.0000000E+000
3.97625	0.0000000E+000
3.97775	0.0000000E+000
3.97925	0.0000000E+000
3.98075	0.0000000E+000
3.98225	0.0000000E+000
3.98375	0.0000000E+000
3.98525	0.0000000E+000
3.98675	0.0000000E+000
3.98825	0.0000000E+000
3.98975	0.0000000E+000
3.99125	0.0000000E+000
3.99275	0.0000000E+000
3.99425	0.0000000E+000
3.99575	0.0000000E+000
3.99725	0.0000000E+000
3.99875	0.0000000E+000
