theta_deg	R
0.20825	8.2709157E-001
0.20975	8.2747698E-001
0.21125	8.2756329E-001
0.21275	8.2672828E-001
0.21425	8.2601464E-001
0.21575	8.2439363E-001
0.21725	8.2244408E-001
0.21875	8.2126296E-001
0.22025	8.1884521E-001
0.22175	8.1628442E-001
0.22325	8.1484163E-001
0.22475	8.1194818E-001
0.22625	8.0889785E-001
0.22775	8.0570298E-001
0.22925	8.0397183E-001
0.23075	8.0055982E-001
0.23225	7.9695612E-001
0.23375	7.9323083E-001
0.23525	7.9126233E-001
0.23675	7.8730446E-001
0.23825	7.8316200E-001
0.23975	7.7887827E-001
0.24125	7.7443814E-001
0.24275	7.6984209E-001
0.24425	7.6743144E-001
0.24575	7.6251441E-001
0.24725	7.5745243E-001
0.24875	7.5216025E-001
0.25025	7.4667293E-001
0.25175	7.4096388E-001
0.25325	7.3497343E-001
0.25475	7.2876430E-001
0.25625	7.2226036E-001
0.25775	7.1546113E-001
0.25925	7.0838779E-001
0.26075	7.0093560E-001
0.26225	6.9313961E-001
0.26375	6.8498105E-001
0.26525	6.7639679E-001
0.26675	6.6738158E-001
0.26825	6.5784609E-001
0.26975	6.4785749E-001
0.27125	6.3726759E-001
0.27275	6.2615865E-001
0.27425	6.1439323E-001
0.27575	6.0202897E-001
0.27725	5.8894426E-001
0.27875	5.6804442E-001
0.28025	5.5318749E-001
0.28175	5.3769213E-001
0.28325	5.2150244E-001
0.28475	5.0473613E-001
0.28625	4.8743421E-001
0.28775	4.6089646E-001
0.28925	4.4294035E-001
0.29075	4.2504933E-001
0.29225	4.0728727E-001
0.29375	3.8989764E-001
0.29525	3.6477751E-001
0.29675	3.4883973E-001
0.29825	3.3363968E-001
0.29975	3.1230474E-001
0.30125	2.9907200E-001
0.30275	2.8652677E-001
0.30425	2.6893923E-001
0.30575	2.5793767E-001
0.30725	2.4747908E-001
0.30875	2.4248488E-001
0.31025	2.3156996E-001
0.31175	2.2138430E-001
0.31325	2.1187739E-001
0.31475	2.0298663E-001
0.31625	1.9463819E-001
0.31775	1.8675224E-001
0.31925	1.7925163E-001
0.32075	1.7207392E-001
0.32225	1.6518101E-001
0.32375	1.5856391E-001
0.32525	1.5223968E-001
0.32675	1.4624165E-001
0.32825	1.4060506E-001
0.32975	1.3535331E-001
0.33125	1.3048777E-001
0.33275	1.2598377E-001
0.33425	1.2179229E-001
0.33575	1.1784741E-001
0.33725	1.1407650E-001
0.33875	1.1041202E-001
0.34025	1.0680235E-001
0.34175	1.0322006E-001
0.34325	9.9665865E-002
0.34475	9.6167557E-002
0.34625	9.2773415E-002
0.34775	8.9541852E-002
0.34925	8.6528875E-002
0.35075	8.3776288E-002
0.35225	8.1302628E-002
0.35375	7.9098791E-002
0.35525	7.7128381E-002
0.35675	7.5333051E-002
0.35825	7.3641069E-002
0.35975	7.1978129E-002
0.36125	7.0278421E-002
0.36275	6.8494074E-002
0.36425	6.6601530E-002
0.36575	6.4603858E-002
0.36725	6.2529251E-002
0.36875	6.0425941E-002
0.37025	5.8354955E-002
0.37175	5.6381620E-002
0.37325	5.4566670E-002
0.37475	5.2957859E-002
0.37625	5.1582996E-002
0.37775	5.0445605E-002
0.37925	4.9523864E-002
0.38075	4.8773553E-002
0.38225	4.8133820E-002
0.38375	4.7535516E-002
0.38525	4.6910036E-002
0.38675	4.6197783E-002
0.38825	4.5355219E-002
0.38975	4.4359498E-002
0.39125	4.3210570E-002
0.39275	4.1930567E-002
0.39425	4.0560625E-002
0.39575	3.9155696E-002
0.39725	3.7777886E-002
0.39875	3.6489278E-002
0.40025	3.5344660E-002
0.40175	3.4385312E-002
0.40325	3.3634074E-002
0.40475	3.3092737E-002
0.40625	3.2741603E-002
0.40775	3.2541841E-002
0.40925	3.2440025E-002
0.41075	3.2374348E-002
0.41225	3.2281570E-002
0.41375	3.2103911E-002
0.41525	3.1795096E-002
0.41675	3.1324945E-002
0.41825	3.0682229E-002
0.41975	2.9875649E-002
0.42125	2.8932691E-002
0.42275	2.7896544E-002
0.42425	2.6821410E-002
0.42575	2.5766594E-002
0.42725	2.4790235E-002
0.42875	2.3943365E-002
0.43025	2.3264725E-002
0.43175	2.2777027E-002
0.43325	2.2484800E-002
0.43475	2.2374107E-002
0.43625	2.2414178E-002
0.43775	2.2560617E-002
0.43925	2.2760045E-002
0.44075	2.2955444E-002
0.44225	2.3091627E-002
0.44375	2.3120468E-002
0.44525	2.3005277E-002
0.44675	2.2724057E-002
0.44825	2.2271365E-002
0.44975	2.1658694E-002
0.45125	2.0913241E-002
0.45275	2.0075180E-002
0.45425	1.9193733E-002
0.45575	1.8322457E-002
0.45725	1.7514138E-002
0.45875	1.6815929E-002
0.46025	1.6265118E-002
0.46175	1.5885888E-002
0.46325	1.5687343E-002
0.46475	1.5662815E-002
0.46625	1.5790628E-002
0.46775	1.6036099E-002
0.46925	1.6354758E-002
0.47075	1.6696397E-002
0.47225	1.7009629E-002
0.47375	1.7246490E-002
0.47525	1.7366651E-002
0.47675	1.7340930E-002
0.47825	1.7153634E-002
0.47975	1.6803790E-002
0.48125	1.6304854E-002
0.48275	1.5683275E-002
0.48425	1.4975861E-002
0.48575	1.4226470E-002
0.48725	1.3482209E-002
0.48875	1.2789624E-002
0.49025	1.2191014E-002
0.49175	1.1721065E-002
0.49325	1.1404076E-002
0.49475	1.1251883E-002
0.49625	1.1262774E-002
0.49775	1.1421606E-002
0.49925	1.1701190E-002
0.50075	1.2064756E-002
0.50225	1.2469265E-002
0.50375	1.2869089E-002
0.50525	1.3219712E-002
0.50675	1.3481161E-002
0.50825	1.3621033E-002
0.50975	1.3616983E-002
0.51125	1.3458495E-002
0.51275	1.3147815E-002
0.51425	1.2699751E-002
0.51575	1.2140461E-002
0.51725	1.1505189E-002
0.51875	1.0835251E-002
0.52025	1.0174566E-002
0.52175	9.5660500E-003
0.52325	9.0482077E-003
0.52475	8.6521832E-003
0.52625	8.3994567E-003
0.52775	8.3003920E-003
0.52925	8.3536431E-003
0.53075	8.5465070E-003
0.53225	8.8560628E-003
0.53375	9.2510274E-003
0.53525	9.6941516E-003
0.53675	1.0144928E-002
0.53825	1.0562535E-002
0.53975	1.0908749E-002
0.54125	1.1150752E-002
0.54275	1.1263590E-002
0.54425	1.1232125E-002
0.54575	1.1052251E-002
0.54725	1.0731290E-002
0.54875	1.0287425E-002
0.55025	9.7482903E-003
0.55175	9.1487598E-003
0.55325	8.5282354E-003
0.55475	7.9276199E-003
0.55625	7.3862518E-003
0.55775	6.9390167E-003
0.55925	6.6138115E-003
0.56075	6.4295479E-003
0.56225	6.3948371E-003
0.56375	6.5074265E-003
0.56525	6.7544323E-003
0.56675	7.1133245E-003
0.56825	7.5535527E-003
0.56975	8.0387583E-003
0.57125	8.5293837E-003
0.57275	8.9855548E-003
0.57425	9.3699908E-003
0.57575	9.6507762E-003
0.57725	9.8036733E-003
0.57875	9.8138750E-003
0.58025	9.6770218E-003
0.58175	9.3994206E-003
0.58325	8.9975633E-003
0.58475	8.4968721E-003
0.58625	7.9298848E-003
0.58775	7.3339269E-003
0.58925	6.7484519E-003
0.59075	6.2122531E-003
0.59225	5.7607228E-003
0.59375	5.4233782E-003
0.59525	5.2217874E-003
0.59675	5.1680836E-003
0.59825	5.2641169E-003
0.59975	5.5013369E-003
0.60125	5.8613620E-003
0.60275	6.3172276E-003
0.60425	6.8352423E-003
0.60575	7.3773083E-003
0.60725	7.9036169E-003
0.60875	8.3754389E-003
0.61025	8.7578511E-003
0.61175	9.0221735E-003
0.61325	9.1479104E-003
0.61475	9.1241440E-003
0.61625	8.9502661E-003
0.61775	8.6359940E-003
0.61925	8.2007302E-003
0.62075	7.6722889E-003
0.62225	7.0850747E-003
0.62375	6.4778570E-003
0.62525	5.8912099E-003
0.62675	5.3647608E-003
0.62825	4.9344017E-003
0.62975	4.6296692E-003
0.63125	4.4715675E-003
0.63275	4.4710324E-003
0.63425	4.6282243E-003
0.63575	4.9326466E-003
0.63725	5.3640506E-003
0.63875	5.8939420E-003
0.64025	6.4874790E-003
0.64175	7.1056425E-003
0.64325	7.7075548E-003
0.64475	8.2529476E-003
0.64625	8.7047303E-003
0.64775	9.0315351E-003
0.64925	9.2099896E-003
0.65075	9.2265252E-003
0.65225	9.0784393E-003
0.65375	8.7741576E-003
0.65525	8.3327089E-003
0.65675	7.7824555E-003
0.65825	7.1592988E-003
0.65975	6.5044248E-003
0.66125	5.8617541E-003
0.66275	5.2752164E-003
0.66425	4.7859219E-003
0.66575	4.4294083E-003
0.66725	4.2331340E-003
0.66875	4.2144121E-003
0.67025	4.3789879E-003
0.67175	4.7203968E-003
0.67325	5.2201902E-003
0.67475	5.8490299E-003
0.67625	6.5686204E-003
0.67775	7.3342901E-003
0.67925	8.0980211E-003
0.68075	8.8115921E-003
0.68225	9.4296532E-003
0.68375	9.9125486E-003
0.68525	1.0228807E-002
0.68675	1.0357225E-002
0.68825	1.0288446E-002
0.68975	1.0025847E-002
0.69125	9.5855985E-003
0.69275	8.9959158E-003
0.69425	8.2954559E-003
0.69575	7.5309961E-003
0.69725	6.7545972E-003
0.69875	6.0203332E-003
0.70025	5.3808829E-003
0.70175	4.8841527E-003
0.70325	4.5701410E-003
0.70475	4.4682398E-003
0.70625	4.5951144E-003
0.70775	4.9532987E-003
0.70925	5.5306242E-003
0.71075	6.3005430E-003
0.71225	7.2234226E-003
0.71375	8.2487771E-003
0.71525	9.3183173E-003
0.71675	1.0369628E-002
0.71825	1.1340141E-002
0.71975	1.2171182E-002
0.72125	1.2811763E-002
0.72275	1.3221930E-002
0.72425	1.3375538E-002
0.72575	1.3262236E-002
0.72725	1.2888597E-002
0.72875	1.2278238E-002
0.73025	1.1470871E-002
0.73175	1.0520380E-002
0.73325	9.4919968E-003
0.73475	8.4587168E-003
0.73625	7.4971616E-003
0.73775	6.6829645E-003
0.73925	6.0859346E-003
0.74075	5.7652593E-003
0.74225	5.7651564E-003
0.74375	6.1113192E-003
0.74525	6.8085166E-003
0.74675	7.8394916E-003
0.74825	9.1652563E-003
0.74975	1.0726781E-002
0.75125	1.2448023E-002
0.75275	1.4240178E-002
0.75425	1.6006874E-002
0.75575	1.7649988E-002
0.75725	1.9075666E-002
0.75875	2.0200197E-002
0.76025	2.0955401E-002
0.76175	2.1293463E-002
0.76325	2.1190939E-002
0.76475	2.0651761E-002
0.76625	1.9709017E-002
0.76775	1.8425228E-002
0.76925	1.6890796E-002
0.77075	1.5220535E-002
0.77225	1.3548162E-002
0.77375	1.2018976E-002
0.77525	1.0781104E-002
0.77675	9.9757966E-003
0.77825	9.7274994E-003
0.77975	1.0134335E-002
0.78125	1.1259765E-002
0.78275	1.3126110E-002
0.78425	1.5710479E-002
0.78575	1.8943574E-002
0.78725	2.2711514E-002
0.78875	2.6860625E-002
0.79025	3.1204941E-002
0.79175	3.5535816E-002
0.79325	3.9633300E-002
0.79475	4.3278560E-002
0.79625	4.6267066E-002
0.79775	4.8422247E-002
0.79925	4.9608938E-002
0.80075	4.9746826E-002
0.80225	4.8822880E-002
0.80375	4.6903141E-002
0.80525	4.4142760E-002
0.80675	4.0794130E-002
0.80825	3.7211146E-002
0.80975	3.3847507E-002
0.81125	3.1246325E-002
0.81275	3.0018365E-002
0.81425	3.0808026E-002
0.81575	3.4248333E-002
0.81725	4.0908329E-002
0.81875	5.1238708E-002
0.82025	6.5522276E-002
0.82175	8.3835684E-002
0.82325	1.0602774E-001
0.82475	1.3171734E-001
0.82625	1.6031308E-001
0.82775	1.9105400E-001
0.82925	2.2306810E-001
0.83075	2.5544235E-001
0.83225	2.8729346E-001
0.83375	3.1782886E-001
0.83525	3.4639046E-001
0.83675	3.7247717E-001
0.83825	3.9574835E-001
0.83975	4.1601256E-001
0.84125	4.3320563E-001
0.84275	4.4736433E-001
0.84425	4.5859784E-001
0.84575	4.6706197E-001
0.84725	4.7293720E-001
0.84875	4.7641239E-001
0.85025	4.7767323E-001
0.85175	4.7689524E-001
0.85325	4.7423926E-001
0.85475	4.6984920E-001
0.85625	4.6385273E-001
0.85775	4.5635957E-001
0.85925	4.4746366E-001
0.86075	4.3724319E-001
0.86225	4.2576307E-001
0.86375	4.1307783E-001
0.86525	3.9923567E-001
0.86675	3.8428223E-001
0.86825	3.6826524E-001
0.86975	3.5123745E-001
0.87125	3.3326000E-001
0.87275	3.1440553E-001
0.87425	2.9476273E-001
0.87575	2.7444148E-001
0.87725	2.5357780E-001
0.87875	2.3233831E-001
0.88025	2.1092194E-001
0.88175	1.8956003E-001
0.88325	1.6851208E-001
0.88475	1.4805926E-001
0.88625	1.2849444E-001
0.88775	1.1010811E-001
0.88925	9.3172528E-002
0.89075	7.7924408E-002
0.89225	6.4549439E-002
0.89375	5.3169787E-002
0.89525	4.3836147E-002
0.89675	3.6523782E-002
0.89825	3.1133411E-002
0.89975	2.7496971E-002
0.90125	2.5388436E-002
0.90275	2.4539048E-002
0.90425	2.4655456E-002
0.90575	2.5438527E-002
0.90725	2.6600895E-002
0.90875	2.7881857E-002
0.91025	2.9058654E-002
0.91175	2.9953856E-002
0.91325	3.0439008E-002
0.91475	3.0434718E-002
0.91625	2.9907931E-002
0.91775	2.8867103E-002
0.91925	2.7356092E-002
0.92075	2.5447302E-002
0.92225	2.3234449E-002
0.92375	2.0825120E-002
0.92525	1.8333042E-002
0.92675	1.5870469E-002
0.92825	1.3541020E-002
0.92975	1.1433676E-002
0.93125	9.6184611E-003
0.93275	8.1439661E-003
0.93425	7.0366133E-003
0.93575	6.3012727E-003
0.93725	5.9228763E-003
0.93875	5.8687693E-003
0.94025	6.0916855E-003
0.94175	6.5332586E-003
0.94325	7.1279448E-003
0.94475	7.8071947E-003
0.94625	8.5036000E-003
0.94775	9.1547249E-003
0.94925	9.7064143E-003
0.95075	1.0115248E-002
0.95225	1.0350208E-002
0.95375	1.0393457E-002
0.95525	1.0240315E-002
0.95675	9.8984949E-003
0.95825	9.3867267E-003
0.95975	8.7329205E-003
0.96125	7.9719424E-003
0.96275	7.1432414E-003
0.96425	6.2883529E-003
0.96575	5.4484629E-003
0.96725	4.6620225E-003
0.96875	3.9626234E-003
0.97025	3.3772192E-003
0.97175	2.9248500E-003
0.97325	2.6159422E-003
0.97475	2.4522210E-003
0.97625	2.4271570E-003
0.97775	2.5268658E-003
0.97925	2.7313454E-003
0.98075	3.0159494E-003
0.98225	3.3530213E-003
0.98375	3.7135815E-003
0.98525	4.0690275E-003
0.98675	4.3927291E-003
0.98825	4.6614655E-003
0.98975	4.8566074E-003
0.99125	4.9649840E-003
0.99275	4.9793734E-003
0.99425	4.8986198E-003
0.99575	4.7273561E-003
0.99725	4.4754152E-003
0.99875	4.1569732E-003
1.00025	3.7894973E-003
1.00175	3.3925646E-003
1.00325	2.9866342E-003
1.00475	2.5918297E-003
1.00625	2.2268067E-003
1.00775	1.9077596E-003
1.00925	1.6476132E-003
1.01075	1.4554358E-003
1.01225	1.3360918E-003
1.01375	1.2901475E-003
1.01525	1.3140218E-003
1.01675	1.4003542E-003
1.01825	1.5385686E-003
1.01975	1.7155875E-003
1.02125	1.9166707E-003
1.02275	2.1263312E-003
1.02425	2.3292857E-003
1.02575	2.5113607E-003
1.02725	2.6602913E-003
1.02875	2.7663484E-003
1.03025	2.8227691E-003
1.03175	2.8259992E-003
1.03325	2.7757452E-003
1.03475	2.6748637E-003
1.03625	2.5290826E-003
1.03775	2.3465788E-003
1.03925	2.1374095E-003
1.04075	1.9128553E-003
1.04225	1.6847003E-003
1.04375	1.4645207E-003
1.04525	1.2630114E-003
1.04675	1.0894024E-003
1.04825	9.5099030E-004
1.04975	8.5280347E-004
1.05125	7.9741667E-004
1.05275	7.8490685E-004
1.05425	8.1294728E-004
1.05575	8.7701972E-004
1.05725	9.7073510E-004
1.05875	1.0862431E-003
1.06025	1.2147231E-003
1.06175	1.3469317E-003
1.06325	1.4737663E-003
1.06475	1.5868089E-003
1.06625	1.6787937E-003
1.06775	1.7439701E-003
1.06925	1.7783521E-003
1.07075	1.7798602E-003
1.07225	1.7483657E-003
1.07375	1.6856367E-003
1.07525	1.5951931E-003
1.07675	1.4820595E-003
1.07825	1.3524351E-003
1.07975	1.2132950E-003
1.08125	1.0719677E-003
1.08275	9.3569863E-004
1.08425	8.1124064E-004
1.08575	7.0448045E-004
1.08725	6.2012509E-004
1.08875	5.6146219E-004
1.09025	5.3021155E-004
1.09175	5.2646972E-004
1.09325	5.4875470E-004
1.09475	5.9414009E-004
1.09625	6.5846951E-004
1.09775	7.3663797E-004
1.09925	8.2292070E-004
1.10075	9.1132673E-004
1.10225	9.9595159E-004
1.10375	1.0713061E-003
1.10525	1.1326094E-003
1.10675	1.1760312E-003
1.10825	1.1988798E-003
1.10975	1.1997268E-003
1.11125	1.1784624E-003
1.11275	1.1362764E-003
1.11425	1.0755599E-003
1.11575	9.9973520E-004
1.11725	9.1302424E-004
1.11875	8.2017138E-004
1.12025	7.2614523E-004
1.12175	6.3584198E-004
1.12325	5.5380590E-004
1.12475	4.8398238E-004
1.12625	4.2951273E-004
1.12775	3.9257910E-004
1.12925	3.7430631E-004
1.13075	3.7472649E-004
1.13225	3.9280427E-004
1.13375	4.2652310E-004
1.13525	4.7302435E-004
1.13675	5.2879215E-004
1.13825	5.8987510E-004
1.13975	6.5212639E-004
1.14125	7.1145367E-004
1.14275	7.6405430E-004
1.14425	8.0662878E-004
1.14575	8.3655526E-004
1.14725	8.5202052E-004
1.14875	8.5209572E-004
1.15025	8.3675957E-004
1.15175	8.0687273E-004
1.15325	7.6410541E-004
1.15475	7.1082992E-004
1.15625	6.4997765E-004
1.15775	5.8486738E-004
1.15925	5.1900523E-004
1.16075	4.5587204E-004
1.16225	3.9870953E-004
1.16375	3.5032842E-004
1.16525	3.1295023E-004
1.16675	2.8809733E-004
1.16825	2.7653217E-004
1.16975	2.7824380E-004
1.17125	2.9247574E-004
1.17275	3.1779087E-004
1.17425	3.5216697E-004
1.17575	3.9312022E-004
1.17725	4.3785071E-004
1.17875	4.8340342E-004
1.18025	5.2683789E-004
1.18175	5.6539680E-004
1.18325	5.9666490E-004
1.18475	6.1870605E-004
1.18625	6.3017081E-004
1.18775	6.3036178E-004
1.18925	6.1925751E-004
1.19075	5.9749413E-004
1.19225	5.6631066E-004
1.19375	5.2746537E-004
1.19525	4.8312437E-004
1.19675	4.3572980E-004
1.19825	3.8785109E-004
1.19975	3.4203054E-004
1.20125	3.0063483E-004
1.20275	2.6572208E-004
1.20425	2.3893388E-004
1.20575	2.2141289E-004
1.20725	2.1374937E-004
1.20875	2.1595763E-004
1.21025	2.2748463E-004
1.21175	2.4725194E-004
1.21325	2.7372836E-004
1.21475	3.0502898E-004
1.21625	3.3903331E-004
1.21775	3.7351428E-004
1.21925	4.0626913E-004
1.22075	4.3524601E-004
1.22225	4.5865626E-004
1.22375	4.7507073E-004
1.22525	4.8349288E-004
1.22675	4.8340633E-004
1.22825	4.7479666E-004
1.22975	4.5814397E-004
1.23125	4.3438707E-004
1.23275	4.0486178E-004
1.23425	3.7121616E-004
1.23575	3.3530741E-004
1.23725	2.9908953E-004
1.23875	2.6449634E-004
1.24025	2.3333005E-004
1.24175	2.0716003E-004
1.24325	1.8723831E-004
1.24475	1.7443563E-004
1.24625	1.6919991E-004
1.24775	1.7153908E-004
1.24925	1.8102831E-004
1.25075	1.9684152E-004
1.25225	2.1780566E-004
1.25375	2.4247516E-004
1.25525	2.6922100E-004
1.25675	2.9632868E-004
1.25825	3.2209759E-004
1.25975	3.4493679E-004
1.26125	3.6345192E-004
1.26275	3.7652018E-004
1.26425	3.8335007E-004
1.26575	3.8352184E-004
1.26725	3.7700674E-004
1.26875	3.6416450E-004
1.27025	3.4571512E-004
1.27175	3.2269311E-004
1.27325	2.9638238E-004
1.27475	2.6823938E-004
1.27625	2.3980622E-004
1.27775	2.1261944E-004
1.27925	1.8811926E-004
1.28075	1.6756543E-004
1.28225	1.5196683E-004
1.28375	1.4202874E-004
1.28525	1.3812074E-004
1.28675	1.4026467E-004
1.28825	1.4814126E-004
1.28975	1.6111376E-004
1.29125	1.7826616E-004
1.29275	1.9845611E-004
1.29425	2.2037984E-004
1.29575	2.4264820E-004
1.29725	2.6386866E-004
1.29875	2.8272814E-004
1.30025	2.9807107E-004
1.30175	3.0896594E-004
1.30325	3.1475688E-004
1.30475	3.1509681E-004
1.30625	3.0996132E-004
1.30775	2.9964341E-004
1.30925	2.8473017E-004
1.31075	2.6606309E-004
1.31225	2.4468557E-004
1.31375	2.2178063E-004
1.31525	1.9860295E-004
1.31675	1.7640826E-004
1.31825	1.5638409E-004
1.31975	1.3958401E-004
1.32125	1.2686905E-004
1.32275	1.1885842E-004
1.32425	1.1589397E-004
1.32575	1.1802066E-004
1.32725	1.2498576E-004
1.32875	1.3625711E-004
1.33025	1.5105918E-004
1.33175	1.6842369E-004
1.33325	1.8724967E-004
1.33475	2.0636905E-004
1.33625	2.2461340E-004
1.33775	2.4087868E-004
1.33925	2.5418590E-004
1.34075	2.6373574E-004
1.34225	2.6895228E-004
1.34375	2.6951547E-004
1.34525	2.6537685E-004
1.34675	2.5676063E-004
1.34825	2.4414770E-004
1.34975	2.2824662E-004
1.35125	2.0995137E-004
1.35275	1.9028867E-004
1.35425	1.7035760E-004
1.35575	1.5126515E-004
1.35725	1.3406067E-004
1.35875	1.1967546E-004
1.36025	1.0886996E-004
1.36175	1.0219200E-004
1.36325	9.9947720E-005
1.36475	1.0218645E-004
1.36625	1.0869958E-004
1.36775	1.1903455E-004
1.36925	1.3252247E-004
1.37075	1.4831884E-004
1.37225	1.6545352E-004
1.37375	1.8288822E-004
1.37525	1.9957648E-004
1.37675	2.1452356E-004
1.37825	2.2684201E-004
1.37975	2.3580148E-004
1.38125	2.4086848E-004
1.38275	2.4173546E-004
1.38425	2.3833729E-004
1.38575	2.3085442E-004
1.38725	2.1970179E-004
1.38875	2.0550482E-004
1.39025	1.8906257E-004
1.39175	1.7130112E-004
1.39325	1.5321917E-004
1.39475	1.3583018E-004
1.39625	1.2010415E-004
1.39775	1.0691248E-004
1.39925	9.6979093E-005
1.40075	9.0840338E-005
1.40225	8.8815796E-005
1.40375	9.0991372E-005
1.40525	9.7215525E-005
1.40675	1.0710816E-004
1.40825	1.2008141E-004
1.40975	1.3537148E-004
1.41125	1.5208045E-004
1.41275	1.6922748E-004
1.41425	1.8580543E-004
1.41575	2.0084096E-004
1.41725	2.1345170E-004
1.41875	2.2289707E-004
1.42025	2.2861954E-004
1.42175	2.3027533E-004
1.42325	2.2775322E-004
1.42475	2.2118204E-004
1.42625	2.1092431E-004
1.42775	1.9755731E-004
1.42925	1.8184051E-004
1.43075	1.6467186E-004
1.43225	1.4703548E-004
1.43375	1.2994447E-004
1.43525	1.1438219E-004
1.43675	1.0124584E-004
1.43825	9.1295457E-005
1.43975	8.5111176E-005
1.44125	8.3061110E-005
1.44275	8.5281201E-005
1.44425	9.1668509E-005
1.44575	1.0188700E-004
1.44725	1.1538586E-004
1.44875	1.3142830E-004
1.45025	1.4912999E-004
1.45175	1.6750519E-004
1.45325	1.8551998E-004
1.45475	2.0215026E-004
1.45625	2.1644152E-004
1.45775	2.2756646E-004
1.45925	2.3487564E-004
1.46075	2.3793650E-004
1.46225	2.3655915E-004
1.46375	2.3080775E-004
1.46525	2.2099704E-004
1.46675	2.0767600E-004
1.46825	1.9159883E-004
1.46975	1.7368437E-004
1.47125	1.5496626E-004
1.47275	1.3653598E-004
1.47425	1.1948241E-004
1.47575	1.0483174E-004
1.47725	9.3489201E-005
1.47875	8.6187451E-005
1.48025	8.3442341E-005
1.48175	8.5520151E-005
1.48325	9.2418100E-005
1.48475	1.0386058E-004
1.48625	1.1931137E-004
1.48775	1.3800131E-004
1.48925	1.5896952E-004
1.49075	1.8111459E-004
1.49225	2.0325373E-004
1.49375	2.2418649E-004
1.49525	2.4276109E-004
1.49675	2.5793980E-004
1.49825	2.6885973E-004
1.49975	2.7488585E-004
1.50125	2.7565096E-004
1.50275	2.7108146E-004
1.50425	2.6140662E-004
1.50575	2.4715255E-004
1.50725	2.2911906E-004
1.50875	2.0834220E-004
1.51025	1.8604142E-004
1.51175	1.6355560E-004
1.51325	1.4226955E-004
1.51475	1.2353672E-004
1.51625	1.0860267E-004
1.51775	9.8533535E-005
1.51925	9.4153846E-005
1.52075	9.5995907E-005
1.52225	1.0426353E-004
1.52375	1.1881276E-004
1.52525	1.3915038E-004
1.52675	1.6445122E-004
1.52825	1.9359388E-004
1.52975	2.2521283E-004
1.53125	2.5776596E-004
1.53275	2.8961417E-004
1.53425	3.1910959E-004
1.53575	3.4468665E-004
1.53725	3.6495211E-004
1.53875	3.7876636E-004
1.54025	3.8531507E-004
1.54175	3.8416567E-004
1.54325	3.7530798E-004
1.54475	3.5917494E-004
1.54625	3.3664139E-004
1.54775	3.0899630E-004
1.54925	2.7788902E-004
1.55075	2.4525091E-004
1.55225	2.1319707E-004
1.55375	1.8391653E-004
1.55525	1.5955776E-004
1.55675	1.4211632E-004
1.55825	1.3332744E-004
1.55975	1.3456629E-004
1.56125	1.4675992E-004
1.56275	1.7031367E-004
1.56425	2.0506005E-004
1.56575	2.5023479E-004
1.56725	3.0448448E-004
1.56875	3.6590575E-004
1.57025	4.3211560E-004
1.57175	5.0034764E-004
1.57325	5.6757248E-004
1.57475	6.3063973E-004
1.57625	6.8643573E-004
1.57775	7.3205767E-004
1.57925	7.6499017E-004
1.58075	7.8327977E-004
1.58225	7.8568968E-004
1.58375	7.7183283E-004
1.58525	7.4226945E-004
1.58675	6.9856696E-004
1.58825	6.4332015E-004
1.58975	5.8012625E-004
1.59125	5.1352225E-004
1.59275	4.4888162E-004
1.59425	3.9228064E-004
1.59575	3.5033404E-004
1.59725	3.2999937E-004
1.59875	3.3835086E-004
1.60025	3.8232774E-004
1.60175	4.6846666E-004
1.60325	6.0263212E-004
1.60475	7.8975689E-004
1.60625	1.0336074E-003
1.60775	1.3365833E-003
1.60925	1.6995571E-003
1.61075	2.1217656E-003
1.61225	2.6007344E-003
1.61375	3.1322555E-003
1.61525	3.7103938E-003
1.61675	4.3275631E-003
1.61825	4.9746707E-003
1.61975	5.6413407E-003
1.62125	6.3162507E-003
1.62275	6.9874753E-003
1.62425	7.6428615E-003
1.62575	8.2703484E-003
1.62725	8.8582505E-003
1.62875	9.3954997E-003
1.63025	9.8718628E-003
1.63175	1.0278199E-002
1.63325	1.0606696E-002
1.63475	1.0851104E-002
1.63625	1.1006899E-002
1.63775	1.1071428E-002
1.63925	1.1043929E-002
1.64075	1.0925534E-002
1.64225	1.0719208E-002
1.64375	1.0429623E-002
1.64525	1.0063046E-002
1.64675	9.6271466E-003
1.64825	9.1307918E-003
1.64975	8.5838037E-003
1.65125	7.9966662E-003
1.65275	7.3802443E-003
1.65425	6.7454837E-003
1.65575	6.1031394E-003
1.65725	5.4635364E-003
1.65875	4.8363656E-003
1.66025	4.2304890E-003
1.66175	3.6537799E-003
1.66325	3.1129676E-003
1.66475	2.6135193E-003
1.66625	2.1595564E-003
1.66775	1.7538269E-003
1.66925	1.3977267E-003
1.67075	1.0913783E-003
1.67225	8.3373877E-004
1.67375	6.2273839E-004
1.67525	4.5543170E-004
1.67675	3.2815529E-004
1.67825	2.3668863E-004
1.67975	1.7641547E-004
1.68125	1.4248860E-004
1.68275	1.2999297E-004
1.68425	1.3410339E-004
1.68575	1.5022709E-004
1.68725	1.7412598E-004
1.68875	2.0201443E-004
1.69025	2.3063029E-004
1.69175	2.5728089E-004
1.69325	2.7986304E-004
1.69475	2.9686114E-004
1.69625	3.0732207E-004
1.69775	3.1081238E-004
1.69925	3.0736017E-004
1.70075	2.9738562E-004
1.70225	2.8162386E-004
1.70375	2.6104602E-004
1.70525	2.3678016E-004
1.70675	2.1003782E-004
1.70825	1.8204616E-004
1.70975	1.5398902E-004
1.71125	1.2695530E-004
1.71275	1.0189567E-004
1.71425	7.9588215E-005
1.71575	6.0613958E-005
1.71725	4.5344757E-005
1.71875	3.3943561E-005
1.72025	2.6377005E-005
1.72175	2.2437143E-005
1.72325	2.1769691E-005
1.72475	2.3905717E-005
1.72625	2.8294793E-005
1.72775	3.4338362E-005
1.72925	4.1422263E-005
1.73075	4.8947066E-005
1.73225	5.6354951E-005
1.73375	6.3151980E-005
1.73525	6.8924979E-005
1.73675	7.3353229E-005
1.73825	7.6214987E-005
1.73975	7.7389450E-005
1.74125	7.6853968E-005
1.74275	7.4677213E-005
1.74425	7.1008384E-005
1.74575	6.6063469E-005
1.74725	6.0109440E-005
1.74875	5.3447449E-005
1.75025	4.6395402E-005
1.75175	3.9270875E-005
1.75325	3.2374792E-005
1.75475	2.5976451E-005
1.75625	2.0301070E-005
1.75775	1.5520644E-005
1.75925	1.1748993E-005
1.76075	9.0414433E-006
1.76225	7.3985830E-006
1.76375	6.7727733E-006
1.76525	7.0758001E-006
1.76675	8.1863327E-006
1.76825	9.9567915E-006
1.76975	1.2220094E-005
1.77125	1.4797097E-005
1.77275	1.7505008E-005
1.77425	2.0166475E-005
1.77575	2.2618531E-005
1.77725	2.4720295E-005
1.77875	2.6358992E-005
1.78025	2.7453794E-005
1.78175	2.7957618E-005
1.78325	2.7856946E-005
1.78475	2.7170006E-005
1.78625	2.5943562E-005
1.78775	2.4248635E-005
1.78925	2.2175591E-005
1.79075	1.9828844E-005
1.79225	1.7321285E-005
1.79375	1.4768563E-005
1.79525	1.2283054E-005
1.79675	9.9675699E-006
1.79825	7.9092106E-006
1.79975	6.1742826E-006
1.80125	4.8053857E-006
1.80275	3.8216540E-006
1.80425	3.2219964E-006
1.80575	2.9900957E-006
1.80725	3.0991152E-006
1.80875	3.5144346E-006
1.81025	4.1940257E-006
1.81175	5.0875196E-006
1.81325	6.1357455E-006
1.81475	7.2721223E-006
1.81625	8.4261446E-006
1.81775	9.5282012E-006
1.81925	1.0514443E-005
1.82075	1.1330727E-005
1.82225	1.1935136E-005
1.82375	1.2299249E-005
1.82525	1.2408399E-005
1.82675	1.2261347E-005
1.82825	1.1869559E-005
1.82975	1.1256151E-005
1.83125	1.0454498E-005
1.83275	9.5064806E-006
1.83425	8.4603444E-006
1.83575	7.3681399E-006
1.83725	6.2826352E-006
1.83875	5.2537562E-006
1.84025	4.3247087E-006
1.84175	3.5284190E-006
1.84325	2.8852726E-006
1.84475	2.4029839E-006
1.84625	2.0789398E-006
1.84775	1.9043038E-006
1.84925	1.8683533E-006
1.85075	1.9613299E-006
1.85225	2.1747608E-006
1.85375	2.4994381E-006
1.85525	2.9223222E-006
1.85675	3.4240520E-006
1.85825	3.9782785E-006
1.85975	4.5531101E-006
1.86125	5.1140446E-006
1.86275	5.6273802E-006
1.86425	6.0631764E-006
1.86575	6.3972998E-006
1.86725	6.6125035E-006
1.86875	6.6987755E-006
1.87025	6.6532398E-006
1.87175	6.4798237E-006
1.87325	6.1888272E-006
1.87475	5.7964103E-006
1.87625	5.3239514E-006
1.87775	4.7971307E-006
1.87925	4.2445868E-006
1.88075	3.6959605E-006
1.88225	3.1793552E-006
1.88375	2.7185054E-006
1.88525	2.3303012E-006
1.88675	2.0234527E-006
1.88825	1.7988714E-006
1.88975	1.6518053E-006
1.89125	1.5750743E-006
1.89275	1.5622611E-006
1.89425	1.6097076E-006
1.89575	1.7166285E-006
1.89725	1.8834236E-006
1.89875	2.1089700E-006
1.90025	2.3880245E-006
1.90175	2.7097474E-006
1.90325	3.0578212E-006
1.90475	3.4120055E-006
1.90625	3.7505156E-006
1.90775	4.0524637E-006
1.90925	4.2998158E-006
1.91075	4.4786266E-006
1.91225	4.5795932E-006
1.91375	4.5981565E-006
1.91525	4.5343309E-006
1.91675	4.3924383E-006
1.91825	4.1808039E-006
1.91975	3.9114193E-006
1.92125	3.5994849E-006
1.92275	3.2627001E-006
1.92425	2.9201387E-006
1.92575	2.5906600E-006
1.92725	2.2909983E-006
1.92875	2.0339262E-006
1.93025	1.8270522E-006
1.93175	1.6727299E-006
1.93325	1.5692181E-006
1.93475	1.5127480E-006
1.93625	1.4997686E-006
1.93775	1.5285372E-006
1.93925	1.5994742E-006
1.94075	1.7142033E-006
1.94225	1.8736986E-006
1.94375	2.0762943E-006
1.94525	2.3163136E-006
1.94675	2.5837717E-006
1.94825	2.8651623E-006
1.94975	3.1449770E-006
1.95125	3.4074515E-006
1.95275	3.6380795E-006
1.95425	3.8246826E-006
1.95575	3.9580136E-006
1.95725	4.0319892E-006
1.95875	4.0437076E-006
1.96025	3.9933407E-006
1.96175	3.8839730E-006
1.96325	3.7214113E-006
1.96475	3.5139690E-006
1.96625	3.2721862E-006
1.96775	3.0084352E-006
1.96925	2.7363228E-006
1.97075	2.4698234E-006
1.97225	2.2221770E-006
1.97375	2.0047332E-006
1.97525	1.8260594E-006
1.97675	1.6916200E-006
1.97825	1.6041909E-006
1.97975	1.5648249E-006
1.98125	1.5739257E-006
1.98275	1.6318887E-006
1.98425	1.7389804E-006
1.98575	1.8945141E-006
1.98725	2.0957380E-006
1.98875	2.3369648E-006
1.99025	2.6093273E-006
1.99175	2.9012285E-006
1.99325	3.1992824E-006
1.99475	3.4894294E-006
1.99625	3.7579650E-006
1.99775	3.9923584E-006
1.99925	4.1818389E-006
2.00075	4.3178234E-006
2.00225	4.3942164E-006
2.00375	4.4076255E-006
2.00525	4.3574914E-006
2.00675	4.2461375E-006
2.00825	4.0786908E-006
2.00975	3.8629196E-006
2.01125	3.6089389E-006
2.01275	3.3288131E-006
2.01425	3.0360475E-006
2.01575	2.7449742E-006
2.01725	2.4700478E-006
2.01875	2.2250924E-006
2.02025	2.0225914E-006
2.02175	1.8731105E-006
2.02325	1.7849219E-006
2.02475	1.7638115E-006
2.02625	1.8129771E-006
2.02775	1.9329025E-006
2.02925	2.1211654E-006
2.03075	2.3722291E-006
2.03225	2.6773523E-006
2.03375	3.0247429E-006
2.03525	3.4000050E-006
2.03675	3.7868449E-006
2.03825	4.1679405E-006
2.03975	4.5258639E-006
2.04125	4.8439833E-006
2.04275	5.1072843E-006
2.04425	5.3031195E-006
2.04575	5.4218149E-006
2.04725	5.4572010E-006
2.04875	5.4069833E-006
2.05025	5.2729602E-006
2.05175	5.0610706E-006
2.05325	4.7812255E-006
2.05475	4.4469393E-006
2.05625	4.0747677E-006
2.05775	3.6835704E-006
2.05925	3.2936448E-006
2.06075	2.9257637E-006
2.06225	2.6001678E-006
2.06375	2.3355674E-006
2.06525	2.1481856E-006
2.06675	2.0508937E-006
2.06825	2.0524731E-006
2.06975	2.1570399E-006
2.07125	2.3636801E-006
2.07275	2.6663163E-006
2.07425	3.0538458E-006
2.07575	3.5105415E-006
2.07725	4.0167279E-006
2.07875	4.5496909E-006
2.08025	5.0847798E-006
2.08175	5.5966384E-006
2.08325	6.0605034E-006
2.08475	6.4535061E-006
2.08625	6.7558940E-006
2.08775	6.9521207E-006
2.08925	7.0317378E-006
2.09075	6.9900198E-006
2.09225	6.8283039E-006
2.09375	6.5540289E-006
2.09525	6.1804685E-006
2.09675	5.7261805E-006
2.09825	5.2142441E-006
2.09975	4.6712553E-006
2.10125	4.1261469E-006
2.10275	3.6088361E-006
2.10425	3.1487386E-006
2.10575	2.7732258E-006
2.10725	2.5061020E-006
2.10875	2.3662103E-006
2.11025	2.3662781E-006
2.11175	2.5120669E-006
2.11325	2.8018965E-006
2.11475	3.2265493E-006
2.11625	3.7695772E-006
2.11775	4.4079825E-006
2.11925	5.1132524E-006
2.12075	5.8526907E-006
2.12225	6.5910126E-006
2.12375	7.2921125E-006
2.12525	7.9209431E-006
2.12675	8.4454014E-006
2.12825	8.8381184E-006
2.12975	9.0780250E-006
2.13125	9.1516122E-006
2.13275	9.0538260E-006
2.13425	8.7884891E-006
2.13575	8.3683299E-006
2.13725	7.8145213E-006
2.13875	7.1557924E-006
2.14025	6.4271189E-006
2.14175	5.6680351E-006
2.14325	4.9206578E-006
2.14475	4.2275055E-006
2.14625	3.6292695E-006
2.14775	3.1626264E-006
2.14925	2.8582333E-006
2.15075	2.7389847E-006
2.15225	2.8186178E-006
2.15375	3.1007708E-006
2.15525	3.5785329E-006
2.15675	4.2345678E-006
2.15825	5.0417971E-006
2.15975	5.9646109E-006
2.16125	6.9605435E-006
2.16275	7.9823330E-006
2.16425	8.9802643E-006
2.16575	9.9046883E-006
2.16725	1.0708622E-005
2.16875	1.1350255E-005
2.17025	1.1795309E-005
2.17175	1.2019058E-005
2.17325	1.2007893E-005
2.17475	1.1760381E-005
2.17625	1.1287721E-005
2.17775	1.0613492E-005
2.17925	9.7727279E-006
2.18075	8.8103079E-006
2.18225	7.7787527E-006
2.18375	6.7355513E-006
2.18525	5.7401694E-006
2.18675	4.8509355E-006
2.18825	4.1219691E-006
2.18975	3.6002577E-006
2.19125	3.3230558E-006
2.19275	3.3157082E-006
2.19425	3.5900107E-006
2.19575	4.1432086E-006
2.19725	4.9577052E-006
2.19875	6.0015195E-006
2.20025	7.2295597E-006
2.20175	8.5856882E-006
2.20325	1.0005534E-005
2.20475	1.1419859E-005
2.20625	1.2758283E-005
2.20775	1.3953042E-005
2.20925	1.4942605E-005
2.21075	1.5674936E-005
2.21225	1.6110373E-005
2.21375	1.6223985E-005
2.21525	1.6007309E-005
2.21675	1.5469273E-005
2.21825	1.4636211E-005
2.21975	1.3550917E-005
2.22125	1.2270722E-005
2.22275	1.0864831E-005
2.22425	9.4110183E-006
2.22575	7.9918709E-006
2.22725	6.6906937E-006
2.22875	5.5871565E-006
2.23025	4.7529311E-006
2.23175	4.2475085E-006
2.23325	4.1145368E-006
2.23475	4.3789405E-006
2.23625	5.0450326E-006
2.23775	6.0957159E-006
2.23925	7.4928698E-006
2.24075	9.1788843E-006
2.24225	1.1079306E-005
2.24375	1.3106416E-005
2.24525	1.5163584E-005
2.24675	1.7150109E-005
2.24825	1.8966412E-005
2.24975	2.0519332E-005
2.25125	2.1727215E-005
2.25275	2.2524646E-005
2.25425	2.2866383E-005
2.25575	2.2730355E-005
2.25725	2.2119477E-005
2.25875	2.1062291E-005
2.26025	1.9612271E-005
2.26175	1.7845819E-005
2.26325	1.5858979E-005
2.26475	1.3762950E-005
2.26625	1.1678565E-005
2.26775	9.7299844E-006
2.26925	8.0380487E-006
2.27075	6.7136161E-006
2.27225	5.8514274E-006
2.27375	5.5247037E-006
2.27525	5.7808729E-006
2.27675	6.6384737E-006
2.27825	8.0853861E-006
2.27975	1.0078472E-005
2.28125	1.2544666E-005
2.28275	1.5383637E-005
2.28425	1.8471965E-005
2.28575	2.1668791E-005
2.28725	2.4822630E-005
2.28875	2.7779077E-005
2.29025	3.0388965E-005
2.29175	3.2516553E-005
2.29325	3.4047331E-005
2.29475	3.4895056E-005
2.29625	3.5007466E-005
2.29775	3.4370489E-005
2.29925	3.3010412E-005
2.30075	3.0994008E-005
2.30225	2.8426513E-005
2.30375	2.5447385E-005
2.30525	2.2224232E-005
2.30675	1.8945004E-005
2.30825	1.5808899E-005
2.30975	1.3016331E-005
2.31125	1.0758465E-005
2.31275	9.2068822E-006
2.31425	8.5037364E-006
2.31575	8.7530861E-006
2.31725	1.0013811E-005
2.31875	1.2294631E-005
2.32025	1.5551468E-005
2.32175	1.9687424E-005
2.32325	2.4555420E-005
2.32475	2.9963490E-005
2.32625	3.5682839E-005
2.32775	4.1458312E-005
2.32925	4.7021138E-005
2.33075	5.2102761E-005
2.33225	5.6449146E-005
2.33375	5.9834572E-005
2.33525	6.2074214E-005
2.33675	6.3035564E-005
2.33825	6.2647996E-005
2.33975	6.0910250E-005
2.34125	5.7895093E-005
2.34275	5.3750318E-005
2.34425	4.8695729E-005
2.34575	4.3015942E-005
2.34725	3.7049183E-005
2.34875	3.1172753E-005
2.35025	2.5785690E-005
2.35175	2.1289596E-005
2.35325	1.8068389E-005
2.35475	1.6468035E-005
2.35625	1.6777025E-005
2.35775	1.9208435E-005
2.35925	2.3884348E-005
2.36075	3.0823267E-005
2.36225	3.9931292E-005
2.36375	5.0998271E-005
2.36525	6.3699721E-005
2.36675	7.7605640E-005
2.36825	9.2195944E-005
2.36975	1.0688188E-004
2.37125	1.2103203E-004
2.37275	1.3400141E-004
2.37425	1.4516276E-004
2.37575	1.5393939E-004
2.37725	1.5983904E-004
2.37875	1.6248677E-004
2.38025	1.6165731E-004
2.38175	1.5730209E-004
2.38325	1.4957281E-004
2.38475	1.3883814E-004
2.38625	1.2569333E-004
2.38775	1.1096184E-004
2.38925	9.5687996E-005
2.39075	8.1119921E-005
2.39225	6.8683199E-005
2.39375	5.9945782E-005
2.39525	5.6574710E-005
2.39675	6.0285798E-005
2.39825	7.2787421E-005
2.39975	9.5719995E-005
2.40125	1.3059391E-004
2.40275	1.7872946E-004
2.40425	2.4120191E-004
2.40575	3.1879466E-004
2.40725	4.1195986E-004
2.40875	5.2078691E-004
2.41025	6.4497563E-004
2.41175	7.8381831E-004
2.41325	9.3618751E-004
2.41475	1.1005367E-003
2.41625	1.2749134E-003
2.41775	1.4569886E-003
2.41925	1.6441011E-003
2.42075	1.8333176E-003
2.42225	2.0215157E-003
2.42375	2.2054680E-003
2.42525	2.3819371E-003
2.42675	2.5477626E-003
2.42825	2.6999386E-003
2.42975	2.8356749E-003
2.43125	2.9524567E-003
2.43275	3.0480977E-003
2.43425	3.1207863E-003
2.43575	3.1691373E-003
2.43725	3.1922280E-003
2.43875	3.1896315E-003
2.44025	3.1614339E-003
2.44175	3.1082302E-003
2.44325	3.0311148E-003
2.44475	2.9316447E-003
2.44625	2.8117965E-003
2.44775	2.6739074E-003
2.44925	2.5206131E-003
2.45075	2.3547779E-003
2.45225	2.1794238E-003
2.45375	1.9976487E-003
2.45525	1.8125508E-003
2.45675	1.6271475E-003
2.45825	1.4443030E-003
2.45975	1.2666722E-003
2.46125	1.0966549E-003
2.46275	9.3636126E-004
2.46425	7.8757654E-004
2.46575	6.5172918E-004
2.46725	5.2985823E-004
2.46875	4.2259492E-004
2.47025	3.3016017E-004
2.47175	2.5238816E-004
2.47325	1.8876806E-004
2.47475	1.3849903E-004
2.47625	1.0054780E-004
2.47775	7.3702497E-005
2.47925	5.6620462E-005
2.48075	4.7871243E-005
2.48225	4.5977937E-005
2.48375	4.9458860E-005
2.48525	5.6869103E-005
2.48675	6.6840534E-005
2.48825	7.8117941E-005
2.48975	8.9589776E-005
2.49125	1.0031183E-004
2.49275	1.0952329E-004
2.49425	1.1665466E-004
2.49575	1.2132690E-004
2.49725	1.2334318E-004
2.49875	1.2267393E-004
2.50025	1.1943725E-004
2.50175	1.1387535E-004
2.50325	1.0632913E-004
2.50475	9.7211363E-005
2.50625	8.6980159E-005
2.50775	7.6112643E-005
2.50925	6.5080902E-005
2.51075	5.4329510E-005
2.51225	4.4256860E-005
2.51375	3.5199988E-005
2.51525	2.7423925E-005
2.51675	2.1115477E-005
2.51825	1.6381035E-005
2.51975	1.3248013E-005
2.52125	1.1669365E-005
2.52275	1.1530892E-005
2.52425	1.2660958E-005
2.52575	1.4842274E-005
2.52725	1.7825176E-005
2.52875	2.1341722E-005
2.53025	2.5119831E-005
2.53175	2.8896655E-005
2.53325	3.2430497E-005
2.53475	3.5510839E-005
2.53625	3.7966209E-005
2.53775	3.9669630E-005
2.53925	4.0541709E-005
2.54075	4.0551273E-005
2.54225	3.9713723E-005
2.54375	3.8087346E-005
2.54525	3.5767771E-005
2.54675	3.2881042E-005
2.54825	2.9575547E-005
2.54975	2.6013236E-005
2.55125	2.2360626E-005
2.55275	1.8780063E-005
2.55425	1.5421851E-005
2.55575	1.2417544E-005
2.55725	9.8747214E-006
2.55875	7.8731746E-006
2.56025	6.4625747E-006
2.56175	5.6615722E-006
2.56325	5.4583197E-006
2.56475	5.8124115E-006
2.56625	6.6581788E-006
2.56775	7.9091278E-006
2.56925	9.4632496E-006
2.57075	1.1208876E-005
2.57225	1.3030702E-005
2.57375	1.4815721E-005
2.57525	1.6458731E-005
2.57675	1.7867271E-005
2.57825	1.8965633E-005
2.57975	1.9697945E-005
2.58125	2.0030031E-005
2.58275	1.9950106E-005
2.58425	1.9468378E-005
2.58575	1.8615438E-005
2.58725	1.7439777E-005
2.58875	1.6004456E-005
2.59025	1.4383126E-005
2.59175	1.2655864E-005
2.59325	1.0904860E-005
2.59475	9.2103437E-006
2.59625	7.6468159E-006
2.59775	6.2796407E-006
2.59925	5.1621232E-006
2.60075	4.3331811E-006
2.60225	3.8157418E-006
2.60375	3.6160404E-006
2.60525	3.7238424E-006
2.60675	4.1135827E-006
2.60825	4.7463045E-006
2.60975	5.5722276E-006
2.61125	6.5337713E-006
2.61275	7.5688422E-006
2.61425	8.6142009E-006
2.61575	9.6087297E-006
2.61725	1.0496461E-005
2.61875	1.1229218E-005
2.62025	1.1768739E-005
2.62175	1.2088245E-005
2.62325	1.2173384E-005
2.62475	1.2022510E-005
2.62625	1.1646340E-005
2.62775	1.1066967E-005
2.62925	1.0316326E-005
2.63075	9.4342004E-006
2.63225	8.4659314E-006
2.63375	7.4599075E-006
2.63525	6.4650217E-006
2.63675	5.5281503E-006
2.63825	4.6917949E-006
2.63975	3.9919746E-006
2.64125	3.4565317E-006
2.64275	3.1039126E-006
2.64425	2.9425087E-006
2.64575	2.9705457E-006
2.64725	3.1765092E-006
2.64875	3.5400469E-006
2.65025	4.0333016E-006
2.65175	4.6226000E-006
2.65325	5.2703981E-006
2.65475	5.9373865E-006
2.65625	6.5846075E-006
2.65775	7.1755076E-006
2.65925	7.6777524E-006
2.66075	8.0647833E-006
2.66225	8.3169680E-006
2.66375	8.4224012E-006
2.66525	8.3772411E-006
2.66675	8.1856715E-006
2.66825	7.8594476E-006
2.66975	7.4170912E-006
2.67125	6.8827617E-006
2.67275	6.2848403E-006
2.67425	5.6543267E-006
2.67575	5.0231147E-006
2.67725	4.4222661E-006
2.67875	3.8803892E-006
2.68025	3.4221732E-006
2.68175	3.0671983E-006
2.68325	2.8290335E-006
2.68475	2.7146821E-006
2.68625	2.7243993E-006
2.68775	2.8518721E-006
2.68925	3.0847511E-006
2.69075	3.4054979E-006
2.69225	3.7924806E-006
2.69375	4.2212496E-006
2.69525	4.6659120E-006
2.69675	5.1005363E-006
2.69825	5.5004962E-006
2.69975	5.8437276E-006
2.70125	6.1118149E-006
2.70275	6.2908866E-006
2.70425	6.3722437E-006
2.70575	6.3527195E-006
2.70725	6.2347121E-006
2.70875	6.0259053E-006
2.71025	5.7387015E-006
2.71175	5.3894041E-006
2.71325	4.9972200E-006
2.71475	4.5831280E-006
2.71625	4.1687003E-006
2.71775	3.7749255E-006
2.71925	3.4211002E-006
2.72075	3.1238444E-006
2.72225	2.8962841E-006
2.72375	2.7474475E-006
2.72525	2.6818877E-006
2.72675	2.6995706E-006
2.72825	2.7959995E-006
2.72975	2.9625817E-006
2.73125	3.1871928E-006
2.73275	3.4549075E-006
2.73425	3.7488676E-006
2.73575	4.0512391E-006
2.73725	4.3442114E-006
2.73875	4.6109762E-006
2.74025	4.8366369E-006
2.74175	5.0089870E-006
2.74325	5.1191046E-006
2.74475	5.1617585E-006
2.74625	5.1356096E-006
2.74775	5.0431863E-006
2.74925	4.8906618E-006
2.75075	4.6874225E-006
2.75225	4.4454564E-006
2.75375	4.1785852E-006
2.75525	3.9016081E-006
2.75675	3.6294214E-006
2.75825	3.3761801E-006
2.75975	3.1545537E-006
2.76125	2.9751079E-006
2.76275	2.8458076E-006
2.76425	2.7716683E-006
2.76575	2.7545502E-006
2.76725	2.7931155E-006
2.76875	2.8829563E-006
2.77025	3.0168994E-006
2.77175	3.1854756E-006
2.77325	3.3775123E-006
2.77475	3.5808218E-006
2.77625	3.7829225E-006
2.77775	3.9717629E-006
2.77925	4.1363933E-006
2.78075	4.2675647E-006
2.78225	4.3582095E-006
2.78375	4.4037879E-006
2.78525	4.4024728E-006
2.78675	4.3551863E-006
2.78825	4.2654710E-006
2.78975	4.1392232E-006
2.79125	3.9842971E-006
2.79275	3.8100186E-006
2.79425	3.6265972E-006
2.79575	3.4445263E-006
2.79725	3.2739549E-006
2.79875	3.1241088E-006
2.80025	3.0027734E-006
2.80175	2.9158746E-006
2.80325	2.8671764E-006
2.80475	2.8581046E-006
2.80625	2.8877159E-006
2.80775	2.9528026E-006
2.80925	3.0481381E-006
2.81075	3.1668285E-006
2.81225	3.3007634E-006
2.81375	3.4411269E-006
2.81525	3.5789333E-006
2.81675	3.7055686E-006
2.81825	3.8132932E-006
2.81975	3.8956873E-006
2.82125	3.9480033E-006
2.82275	3.9674214E-006
2.82425	3.9531824E-006
2.82575	3.9065912E-006
2.82725	3.8309204E-006
2.82875	3.7311647E-006
2.83025	3.6137308E-006
2.83175	3.4860209E-006
2.83325	3.3559659E-006
2.83475	3.2315372E-006
2.83625	3.1202449E-006
2.83775	3.0286842E-006
2.83925	2.9621335E-006
2.84075	2.9242483E-006
2.84225	2.9168566E-006
2.84375	2.9398693E-006
2.84525	2.9913033E-006
2.84675	3.0674221E-006
2.84825	3.1629793E-006
2.84975	3.2715573E-006
2.85125	3.3859678E-006
2.85275	3.4987063E-006
2.85425	3.6024107E-006
2.85575	3.6903189E-006
2.85725	3.7566774E-006
2.85875	3.7971022E-006
2.86025	3.8088556E-006
2.86175	3.7910240E-006
2.86325	3.7445836E-006
2.86475	3.6723493E-006
2.86625	3.5787905E-006
2.86775	3.4697537E-006
2.86925	3.3520914E-006
2.87075	3.2332293E-006
2.87225	3.1207023E-006
2.87375	3.0216893E-006
2.87525	2.9425723E-006
2.87675	2.8885470E-006
2.87825	2.8633015E-006
2.87975	2.8687873E-006
2.88125	2.9050836E-006
2.88275	2.9703760E-006
2.88425	3.0610436E-006
2.88575	3.1718585E-006
2.88725	3.2962719E-006
2.88875	3.4267953E-006
2.89025	3.5554424E-006
2.89175	3.6742076E-006
2.89325	3.7755697E-006
2.89475	3.8529624E-006
2.89625	3.9012025E-006
2.89775	3.9168231E-006
2.89925	3.8983039E-006
2.90075	3.8461872E-006
2.90225	3.7630709E-006
2.90375	3.6534825E-006
2.90525	3.5236408E-006
2.90675	3.3811116E-006
2.90825	3.2343839E-006
2.90975	3.0923691E-006
2.91125	2.9638813E-006
2.91275	2.8571101E-006
2.91425	2.7791125E-006
2.91575	2.7353776E-006
2.91725	2.7294609E-006
2.91875	2.7627489E-006
2.92025	2.8343334E-006
2.92175	2.9410296E-006
2.92325	3.0775295E-006
2.92475	3.2366700E-006
2.92625	3.4098100E-006
2.92775	3.5873090E-006
2.92925	3.7590580E-006
2.93075	3.9150577E-006
2.93225	4.0460136E-006
2.93375	4.1438957E-006
2.93525	4.2024408E-006
2.93675	4.2175670E-006
2.93825	4.1876433E-006
2.93975	4.1136468E-006
2.94125	3.9991405E-006
2.94275	3.8501194E-006
2.94425	3.6747117E-006
2.94575	3.4827463E-006
2.94725	3.2852256E-006
2.94875	3.0937167E-006
2.95025	2.9196945E-006
2.95175	2.7738861E-006
2.95325	2.6656446E-006
2.95475	2.6023920E-006
2.95625	2.5891600E-006
2.95775	2.6282532E-006
2.95925	2.7190508E-006
2.96075	2.8579741E-006
2.96225	3.0386236E-006
2.96375	3.2520854E-006
2.96525	3.4873960E-006
2.96675	3.7321377E-006
2.96825	3.9731126E-006
2.96975	4.1970711E-006
2.97125	4.3914529E-006
2.97275	4.5450952E-006
2.97425	4.6488881E-006
2.97575	4.6963355E-006
2.97725	4.6839791E-006
2.97875	4.6116738E-006
2.98025	4.4826647E-006
2.98175	4.3034706E-006
2.98325	4.0835771E-006
2.98475	3.8349517E-006
2.98625	3.5714181E-006
2.98775	3.3079375E-006
2.98925	3.0598069E-006
2.99075	2.8418322E-006
2.99225	2.6674884E-006
2.99375	2.5481422E-006
2.99525	2.4923540E-006
2.99675	2.5053344E-006
2.99825	2.5885831E-006
2.99975	2.7397286E-006
3.00125	2.9525870E-006
3.00275	3.2174278E-006
3.00425	3.5214377E-006
3.00575	3.8493667E-006
3.00725	4.1843218E-006
3.00875	4.5086640E-006
3.01025	4.8049774E-006
3.01175	5.0570252E-006
3.01325	5.2506916E-006
3.01475	5.3748031E-006
3.01625	5.4218149E-006
3.01775	5.3882923E-006
3.01925	5.2751930E-006
3.02075	5.0878739E-006
3.02225	4.8358834E-006
3.02375	4.5325282E-006
3.02525	4.1942399E-006
3.02675	3.8397779E-006
3.02825	3.4892755E-006
3.02975	3.1631835E-006
3.03125	2.8811310E-006
3.03275	2.6608193E-006
3.03425	2.5169836E-006
3.03575	2.4605083E-006
3.03725	2.4977355E-006
3.03875	2.6300165E-006
3.04025	2.8535233E-006
3.04175	3.1593536E-006
3.04325	3.5339217E-006
3.04475	3.9596216E-006
3.04625	4.4157141E-006
3.04775	4.8793959E-006
3.04925	5.3269719E-006
3.05075	5.7350908E-006
3.05225	6.0819980E-006
3.05375	6.3487246E-006
3.05525	6.5201898E-006
3.05675	6.5861282E-006
3.05825	6.5417944E-006
3.05975	6.3883767E-006
3.06125	6.1331048E-006
3.06275	5.7890088E-006
3.06425	5.3743420E-006
3.06575	4.9117020E-006
3.06725	4.4268891E-006
3.06875	3.9475790E-006
3.07025	3.5018709E-006
3.07175	3.1168161E-006
3.07325	2.8169568E-006
3.07475	2.6229764E-006
3.07625	2.5504924E-006
3.07775	2.6090772E-006
3.07925	2.8015534E-006
3.08075	3.1236286E-006
3.08225	3.5639096E-006
3.08375	4.1043127E-006
3.08525	4.7208678E-006
3.08675	5.3848780E-006
3.08825	6.0643706E-006
3.08975	6.7257479E-006
3.09125	7.3355463E-006
3.09275	7.8621988E-006
3.09425	8.2777506E-006
3.09575	8.5594074E-006
3.09725	8.6909149E-006
3.09875	8.6636073E-006
3.10025	8.4771527E-006
3.10175	8.1398348E-006
3.10325	7.6684273E-006
3.10475	7.0875440E-006
3.10625	6.4285905E-006
3.10775	5.7283073E-006
3.10925	5.0269873E-006
3.11075	4.3664782E-006
3.11225	3.7880234E-006
3.11375	3.3300778E-006
3.11525	3.0261892E-006
3.11675	2.9030698E-006
3.11825	2.9789605E-006
3.11975	3.2623677E-006
3.12125	3.7512557E-006
3.12275	4.4327371E-006
3.12425	5.2833248E-006
3.12575	6.2697491E-006
3.12725	7.3503634E-006
3.12875	8.4770591E-006
3.13025	9.5976047E-006
3.13175	1.0658280E-005
3.13325	1.1606673E-005
3.13475	1.2394450E-005
3.13625	1.2979988E-005
3.13775	1.3330749E-005
3.13925	1.3425330E-005
3.14075	1.3255059E-005
3.14225	1.2825088E-005
3.14375	1.2154892E-005
3.14525	1.1278057E-005
3.14675	1.0241309E-005
3.14825	9.1027114E-006
3.14975	7.9291904E-006
3.15125	6.7933888E-006
3.15275	5.7702005E-006
3.15425	4.9331125E-006
3.15575	4.3505415E-006
3.15725	4.0822511E-006
3.15875	4.1759999E-006
3.16025	4.6644618E-006
3.16175	5.5626474E-006
3.16325	6.8659779E-006
3.16475	8.5492757E-006
3.16625	1.0566786E-005
3.16775	1.2853333E-005
3.16925	1.5326619E-005
3.17075	1.7890457E-005
3.17225	2.0438831E-005
3.17375	2.2860568E-005
3.17525	2.5044375E-005
3.17675	2.6884214E-005
3.17825	2.8284825E-005
3.17975	2.9167295E-005
3.18125	2.9474468E-005
3.18275	2.9176001E-005
3.18425	2.8272581E-005
3.18575	2.6799136E-005
3.18725	2.4826742E-005
3.18875	2.2462969E-005
3.19025	1.9850833E-005
3.19175	1.7166274E-005
3.19325	1.4614514E-005
3.19475	1.2425162E-005
3.19625	1.0846363E-005
3.19775	1.0137758E-005
3.19925	1.0562402E-005
3.20075	1.2377808E-005
3.20225	1.5826541E-005
3.20375	2.1126883E-005
3.20525	2.8464205E-005
3.20675	3.7983435E-005
3.20825	4.9782757E-005
3.20975	6.3908745E-005
3.21125	8.0352431E-005
3.21275	9.9046636E-005
3.21425	1.1986430E-004
3.21575	1.4261794E-004
3.21725	1.6706093E-004
3.21875	1.9289080E-004
3.22025	2.1975422E-004
3.22175	2.4725424E-004
3.22325	2.7495998E-004
3.22475	3.0241726E-004
3.22625	3.2916103E-004
3.22775	3.5472863E-004
3.22925	3.7867139E-004
3.23075	4.0056655E-004
3.23225	4.2002616E-004
3.23375	4.3670560E-004
3.23525	4.5030942E-004
3.23675	4.6059774E-004
3.23825	4.6739136E-004
3.23975	4.7057707E-004
3.24125	4.7011129E-004
3.24275	4.6602238E-004
3.24425	4.5841004E-004
3.24575	4.4744182E-004
3.24725	4.3334643E-004
3.24875	4.1640521E-004
3.25025	3.9694179E-004
3.25175	3.7531237E-004
3.25325	3.5189811E-004
3.25475	3.2709772E-004
3.25625	3.0132124E-004
3.25775	2.7498257E-004
3.25925	2.4849098E-004
3.26075	2.2224123E-004
3.26225	1.9660369E-004
3.26375	1.7191505E-004
3.26525	1.4847115E-004
3.26675	1.2652141E-004
3.26825	1.0626567E-004
3.26975	8.7852946E-005
3.27125	7.1382288E-005
3.27275	5.6905039E-005
3.27425	4.4427929E-005
3.27575	3.3916185E-005
3.27725	2.5296373E-005
3.27875	1.8459274E-005
3.28025	1.3263728E-005
3.28175	9.5425476E-006
3.28325	7.1105947E-006
3.28475	5.7741408E-006
3.28625	5.3395570E-006
3.28775	5.6197719E-006
3.28925	6.4379055E-006
3.29075	7.6288675E-006
3.29225	9.0403373E-006
3.29375	1.0534243E-005
3.29525	1.1989048E-005
3.29675	1.3302334E-005
3.29825	1.4392945E-005
3.29975	1.5202079E-005
3.30125	1.5693126E-005
3.30275	1.5850403E-005
3.30425	1.5677095E-005
3.30575	1.5192683E-005
3.30725	1.4430179E-005
3.30875	1.3433299E-005
3.31025	1.2253770E-005
3.31175	1.0948743E-005
3.31325	9.5782780E-006
3.31475	8.2026818E-006
3.31625	6.8794816E-006
3.31775	5.6599292E-006
3.31925	4.5853117E-006
3.32075	3.6837489E-006
3.32225	2.9685380E-006
3.32375	2.4388785E-006
3.32525	2.0831385E-006
3.32675	1.8837762E-006
3.32825	1.8222419E-006
3.32975	1.8821439E-006
3.33125	2.0497223E-006
3.33275	2.3119399E-006
3.33425	2.6535261E-006
3.33575	3.0546230E-006
3.33725	3.4901952E-006
3.33875	3.9314068E-006
3.34025	4.3483342E-006
3.34175	4.7130056E-006
3.34325	5.0019185E-006
3.34475	5.1976253E-006
3.34625	5.2894088E-006
3.34775	5.2733085E-006
3.34925	5.1517809E-006
3.35075	4.9332307E-006
3.35225	4.6314649E-006
3.35375	4.2650349E-006
3.35525	3.8562989E-006
3.35675	3.4299997E-006
3.35825	3.0112383E-006
3.35975	2.6229377E-006
3.36125	2.2832187E-006
3.36275	2.0033665E-006
3.36425	1.7870527E-006
3.36575	1.6311451E-006
3.36725	1.5279212E-006
3.36875	1.4680072E-006
3.37025	1.4431616E-006
3.37175	1.4481463E-006
3.37325	1.4812583E-006
3.37475	1.5434994E-006
3.37625	1.6367255E-006
3.37775	1.7613791E-006
3.37925	1.9145255E-006
3.38075	2.0888253E-006
3.38225	2.2727609E-006
3.38375	2.4519991E-006
3.38525	2.6114299E-006
3.38675	2.7372591E-006
3.38825	2.8186848E-006
3.38975	2.8489490E-006
3.39125	2.8257998E-006
3.39275	2.7515318E-006
3.39425	2.6327173E-006
3.39575	2.4796334E-006
3.39725	2.3052878E-006
3.39875	2.1239864E-006
3.40025	1.9495253E-006
3.40175	1.7933261E-006
3.40325	1.6629764E-006
3.40475	1.5615994E-006
3.40625	1.4882111E-006
3.40775	1.4388922E-006
3.40925	1.4083464E-006
3.41075	1.3913682E-006
3.41225	1.3839021E-006
3.41375	1.3835959E-006
3.41525	1.3899097E-006
3.41675	1.4038835E-006
3.41825	1.4276054E-006
3.41975	1.4634112E-006
3.42125	1.5128696E-006
3.42275	1.5757557E-006
3.42425	1.6493059E-006
3.42575	1.7280645E-006
3.42725	1.8044529E-006
3.42875	1.8699692E-006
3.43025	1.9167012E-006
3.43175	1.9387692E-006
3.43325	1.9333788E-006
3.43475	1.9012981E-006
3.43625	1.8466953E-006
3.43775	1.7763829E-006
3.43925	1.6985845E-006
3.44075	1.6214693E-006
3.44225	1.5517808E-006
3.44375	1.4938969E-006
3.44525	1.4495391E-006
3.44675	1.4181276E-006
3.44825	1.3975634E-006
3.44975	1.3851231E-006
3.45125	1.3781849E-006
3.45275	1.3746588E-006
3.45425	1.3731303E-006
3.45575	1.3728253E-006
3.45725	1.3735113E-006
3.45875	1.3754075E-006
3.46025	1.3791072E-006
3.46175	1.3854769E-006
3.46325	1.3954561E-006
3.46475	1.4097338E-006
3.46625	1.4283332E-006
3.46775	1.4502473E-006
3.46925	1.4732982E-006
3.47075	1.4943845E-006
3.47225	1.5101182E-006
3.47375	1.5176952E-006
3.47525	1.5156921E-006
3.47675	1.5044933E-006
3.47825	1.4861728E-006
3.47975	1.4638814E-006
3.48125	1.4409814E-006
3.48275	1.4202445E-006
3.48425	1.4033690E-006
3.48575	1.3909035E-006
3.48725	1.3824997E-006
3.48875	1.3773124E-006
3.49025	1.3743754E-006
3.49175	1.3728486E-006
3.49325	1.3721194E-006
3.49475	1.3717993E-006
3.49625	1.3716701E-006
3.49775	1.3716223E-006
3.49925	1.3716059E-006
3.50075	1.3716008E-006
3.50225	1.3715994E-006
3.50375	1.3715990E-006
3.50525	1.3715988E-006
3.50675	1.3715988E-006
3.50825	1.3715988E-006
3.50975	1.3715988E-006
3.51125	1.3715988E-006
3.51275	1.3715988E-006
3.51425	1.3715988E-006
3.51575	1.3715988E-006
3.51725	1.3715988E-006
3.51875	1.3715988E-006
3.52025	1.3715988E-006
3.52175	1.3715988E-006
3.52325	1.3715988E-006
3.52475	1.3715988E-006
3.52625	1.3715988E-006
3.52775	1.3715988E-006
3.52925	1.3715988E-006
3.53075	1.3715988E-006
3.53225	1.3715988E-006
3.53375	1.3715988E-006
3.53525	1.3715988E-006
3.53675	1.3715988E-006
3.53825	1.3715988E-006
3.53975	1.3715988E-006
3.54125	1.3715988E-006
3.54275	1.3715988E-006
3.54425	1.3715988E-006
3.54575	1.3715988E-006
3.54725	1.3715988E-006
3.54875	1.3715988E-006
3.55025	1.3715988E-006
3.55175	1.3715988E-006
3.55325	1.3715988E-006
3.55475	1.3715988E-006
3.55625	1.3715988E-006
3.55775	1.3715988E-006
3.55925	1.3715988E-006
3.56075	1.3715988E-006
3.56225	1.3715988E-006
3.56375	1.3715988E-006
3.56525	1.3715988E-006
3.56675	1.3715988E-006
3.56825	1.3715988E-006
3.56975	1.3715988E-006
3.57125	1.3715988E-006
3.57275	1.3715988E-006
3.57425	1.3715988E-006
3.57575	1.3715988E-006
3.57725	1.3715988E-006
3.57875	1.3715988E-006
3.58025	1.3715988E-006
3.58175	1.3715988E-006
3.58325	1.3715988E-006
3.58475	1.3715988E-006
3.58625	1.3715988E-006
3.58775	1.3715988E-006
3.58925	1.3715988E-006
3.59075	1.3715988E-006
3.59225	1.3715988E-006
3.59375	1.3715988E-006
3.59525	1.3715988E-006
3.59675	1.3715988E-006
3.59825	1.3715988E-006
3.59975	1.3715988E-006
3.60125	1.3715988E-006
3.60275	1.3715988E-006
3.60425	1.3715988E-006
3.60575	1.3715988E-006
3.60725	1.3715988E-006
3.60875	1.3715988E-006
3.61025	1.3715988E-006
3.61175	1.3715988E-006
3.61325	1.3715988E-006
3.61475	1.3715988E-006
3.61625	1.3715988E-006
3.61775	1.3715988E-006
3.61925	1.3715988E-006
3.62075	1.3715988E-006
3.62225	1.3715988E-006
3.62375	1.3715988E-006
3.62525	1.3715988E-006
3.62675	1.3715988E-006
3.62825	1.3715988E-006
3.62975	1.3715988E-006
3.63125	1.3715988E-006
3.63275	1.3715988E-006
3.63425	1.3715988E-006
3.63575	1.3715988E-006
3.63725	1.3715988E-006
3.63875	1.3715988E-006
3.64025	1.3715988E-006
3.64175	1.3715988E-006
3.64325	1.3715988E-006
3.64475	1.3715988E-006
3.64625	1.3715988E-006
3.64775	1.3715988E-006
3.64925	1.3715988E-006
3.65075	1.3715988E-006
3.65225	1.3715988E-006
3.65375	1.3715988E-006
3.65525	1.3715988E-006
3.65675	1.3715988E-006
3.65825	1.3715988E-006
3.65975	1.3715988E-006
3.66125	1.3715988E-006
3.66275	1.3715988E-006
3.66425	1.3715988E-006
3.66575	1.3715988E-006
3.66725	1.3715988E-006
3.66875	1.3715988E-006
3.67025	1.3715988E-006
3.67175	1.3715988E-006
3.67325	1.3715988E-006
3.67475	1.3715988E-006
3.67625	1.3715988E-006
3.67775	1.3715988E-006
3.67925	1.3715988E-006
3.68075	1.3715988E-006
3.68225	1.3715988E-006
3.68375	1.3715988E-006
3.68525	1.3715988E-006
3.68675	1.3715988E-006
3.68825	1.3715988E-006
3.68975	1.3715988E-006
3.69125	1.3715988E-006
3.69275	1.3715988E-006
3.69425	1.3715988E-006
3.69575	1.3715988E-006
3.69725	1.3715988E-006
3.69875	1.3715988E-006
3.70025	1.3715988E-006
3.70175	1.3715988E-006
3.70325	1.3715988E-006
3.70475	1.3715988E-006
3.70625	1.3715988E-006
3.70775	1.3715988E-006
3.70925	1.3715988E-006
3.71075	1.3715988E-006
3.71225	1.3715988E-006
3.71375	1.3715988E-006
3.71525	1.3715988E-006
3.71675	1.3715988E-006
3.71825	1.3715988E-006
3.71975	1.3715988E-006
3.72125	1.3715988E-006
3.72275	1.3715988E-006
3.72425	1.3715988E-006
3.72575	1.3715988E-006
3.72725	1.3715988E-006
3.72875	1.3715988E-006
3.73025	1.3715988E-006
3.73175	1.3715988E-006
3.73325	1.3715988E-006
3.73475	1.3715988E-006
3.73625	1.3715988E-006
3.73775	1.3715988E-006
3.73925	1.3715988E-006
3.74075	1.3715988E-006
3.74225	1.3715988E-006
3.74375	1.3715988E-006
3.74525	1.3715988E-006
3.74675	1.3715988E-006
3.74825	1.3715988E-006
3.74975	1.3715988E-006
3.75125	1.3715988E-006
3.75275	1.3715988E-006
3.75425	1.3715988E-006
3.75575	1.3715988E-006
3.75725	1.3715988E-006
3.75875	1.3715988E-006
3.76025	1.3715988E-006
3.76175	1.3715988E-006
3.76325	1.3715988E-006
3.76475	1.3715988E-006
3.76625	1.3715988E-006
3.76775	1.3715988E-006
3.76925	1.3715988E-006
3.77075	1.3715988E-006
3.77225	1.3715988E-006
3.77375	1.3715988E-006
3.77525	1.3715988E-006
3.77675	1.3715988E-006
3.77825	1.3715988E-006
3.77975	1.3715988E-006
3.78125	1.3715988E-006
3.78275	1.3715988E-006
3.78425	1.3715988E-006
3.78575	1.3715988E-006
3.78725	1.3715988E-006
3.78875	1.3715988E-006
3.79025	1.3715988E-006
3.79175	1.3715988E-006
3.79325	1.3715988E-006
3.79475	1.3715988E-006
3.79625	1.3715988E-006
3.79775	1.3715988E-006
3.79925	1.3715988E-006
3.80075	1.3715988E-006
3.80225	1.3715988E-006
3.80375	1.3715988E-006
3.80525	1.3715988E-006
3.80675	1.3715988E-006
3.80825	1.3715988E-006
3.80975	1.3715988E-006
3.81125	1.3715988E-006
3.81275	1.3715988E-006
3.81425	1.3715988E-006
3.81575	1.3715988E-006
3.81725	1.3715988E-006
3.81875	1.3715988E-006
3.82025	1.3715988E-006
3.82175	1.3715988E-006
3.82325	1.3715988E-006
3.82475	1.3715988E-006
3.82625	1.3715988E-006
3.82775	1.3715988E-006
3.82925	1.3715988E-006
3.83075	1.3715988E-006
3.83225	1.3715988E-006
3.83375	1.3715988E-006
3.83525	1.3715988E-006
3.83675	1.3715988E-006
3.83825	1.3715988E-006
3.83975	1.3715988E-006
3.84125	1.3715988E-006
3.84275	1.3715988E-006
3.84425	1.3715988E-006
3.84575	1.3715988E-006
3.84725	1.3715988E-006
3.84875	1.3715988E-006
3.85025	1.3715988E-006
3.85175	1.3715988E-006
3.85325	1.3715988E-006
3.85475	1.3715988E-006
3.85625	1.3715988E-006
3.85775	1.3715988E-006
3.85925	1.3715988E-006
3.86075	1.3715988E-006
3.86225	1.3715988E-006
3.86375	1.3715988E-006
3.86525	1.3715988E-006
3.86675	1.3715988E-006
3.86825	1.3715988E-006
3.86975	1.3715988E-006
3.87125	1.3715988E-006
3.87275	1.3715988E-006
3.87425	1.3715988E-006
3.87575	1.3715988E-006
3.87725	1.3715988E-006
3.87875	1.3715988E-006
3.88025	1.3715988E-006
3.88175	1.3715988E-006
3.88325	1.3715988E-006
3.88475	1.3715988E-006
3.88625	1.3715988E-006
3.88775	1.3715988E-006
3.88925	1.3715988E-006
3.89075	1.3715988E-006
3.89225	1.3715988E-006
3.89375	1.3715988E-006
3.89525	1.3715988E-006
3.89675	1.3715988E-006
3.89825	1.3715988E-006
3.89975	1.3715988E-006
3.90125	1.3715988E-006
3.90275	1.3715988E-006
3.90425	1.3715988E-006
3.90575	1.3715988E-006
3.90725	1.3715988E-006
3.90875	1.3715988E-006
3.91025	1.3715988E-006
3.91175	1.3715988E-006
3.91325	1.3715992E-006
3.91475	1.3716000E-006
3.91625	1.3716029E-006
3.91775	1.3716121E-006
3.91925	1.3716391E-006
3.92075	1.3717121E-006
3.92225	1.3718920E-006
3.92375	1.3723006E-006
3.92525	1.3731511E-006
3.92675	1.3747766E-006
3.92825	1.3776200E-006
3.92975	1.3821647E-006
3.93125	1.3887787E-006
3.93275	1.3974962E-006
3.93425	1.4078066E-006
3.93575	1.4185696E-006
3.93725	1.4281533E-006
3.93875	1.4348127E-006
3.94025	1.4372008E-006
3.94175	1.4348083E-006
3.94325	1.4281396E-006
3.94475	1.4185409E-006
3.94625	1.4077604E-006
3.94775	1.3974359E-006
3.94925	1.3887133E-006
3.95075	1.3821059E-006
3.95225	1.3775835E-006
3.95375	1.3747921E-006
3.95525	1.3732944E-006
3.95675	1.3727727E-006
3.95825	1.3731905E-006
3.95975	1.3749603E-006
3.96125	1.3791620E-006
3.96275	1.3878149E-006
3.96425	1.4041365E-006
3.96575	1.4326255E-006
3.96725	1.4787804E-006
3.96875	1.5483046E-006
3.97025	1.6458359E-006
3.97175	1.7734610E-006
3.97325	1.9294632E-006
3.97475	2.1077578E-006
3.97625	2.2982395E-006
3.97775	2.4879662E-006
3.97925	2.6628152E-006
3.98075	2.8091818E-006
3.98225	2.9153778E-006
3.98375	2.9726466E-006
3.98525	2.9758478E-006
3.98675	2.9239450E-006
3.98825	2.8203360E-006
3.98975	2.6729258E-006
3.99125	2.4937167E-006
3.99275	2.2977285E-006
3.99425	2.1012595E-006
3.99575	1.9198621E-006
3.99725	1.7667077E-006
3.99875	1.6521155E-006
4.00025	1.5847061E-006
4.00175	1.5740389E-006
4.00325	1.6339277E-006
4.00475	1.7851759E-006
4.00625	2.0565153E-006
4.00775	2.4830917E-006
4.00925	3.1027209E-006
4.01075	3.9509873E-006
4.01225	5.0566723E-006
4.01375	6.4387605E-006
4.01525	8.1055250E-006
4.01675	1.0055391E-005
4.01825	1.2278654E-005
4.01975	1.4759205E-005
4.02125	1.7475608E-005
4.02275	2.0401587E-005
4.02425	2.3505996E-005
4.02575	2.6752830E-005
4.02725	3.0101401E-005
4.02875	3.3506927E-005
4.03025	3.6921490E-005
4.03175	4.0295032E-005
4.03325	4.3576594E-005
4.03475	4.6715333E-005
4.03625	4.9661499E-005
4.03775	5.2367257E-005
4.03925	5.4787586E-005
4.04075	5.6881188E-005
4.04225	5.8611386E-005
4.04375	5.9947142E-005
4.04525	6.0863906E-005
4.04675	6.1344334E-005
4.04825	6.1378858E-005
4.04975	6.0965929E-005
4.05125	6.0112026E-005
4.05275	5.8831523E-005
4.05425	5.7146182E-005
4.05575	5.5084722E-005
4.05725	5.2682084E-005
4.05875	4.9978829E-005
4.06025	4.7020403E-005
4.06175	4.3856187E-005
4.06325	4.0538478E-005
4.06475	3.7121059E-005
4.06625	3.3657765E-005
4.06775	3.0201087E-005
4.06925	2.6801004E-005
4.07075	2.3504130E-005
4.07225	2.0353131E-005
4.07375	1.7386235E-005
4.07525	1.4636894E-005
4.07675	1.2133389E-005
4.07825	9.8983783E-006
4.07975	7.9480897E-006
4.08125	6.2911240E-006
4.08275	4.9269147E-006
4.08425	3.8444632E-006
4.08575	3.0221231E-006
4.08725	2.4291860E-006
4.08875	2.0293523E-006
4.09025	1.7853931E-006
4.09175	1.6636109E-006
4.09325	1.6367241E-006
4.09475	1.6843750E-006
4.09625	1.7914418E-006
4.09775	1.9451566E-006
4.09925	2.1323724E-006
4.10075	2.3380301E-006
4.10225	2.5452093E-006
4.10375	2.7364638E-006
4.10525	2.8957170E-006
4.10675	3.0099975E-006
4.10825	3.0705778E-006
4.10975	3.0734395E-006
4.11125	3.0192161E-006
4.11275	2.9128453E-006
4.11425	2.7630588E-006
4.11575	2.5816939E-006
4.11725	2.3827133E-006
4.11875	2.1808385E-006
4.12025	1.9898594E-006
4.12175	1.8208995E-006
4.12325	1.6810736E-006
4.12475	1.5729428E-006
4.12625	1.4949284E-006
4.12775	1.4425098E-006
4.12925	1.4097672E-006
4.13075	1.3907852E-006
4.13225	1.3805872E-006
4.13375	1.3755181E-006
4.13525	1.3731932E-006
4.13675	1.3722188E-006
4.13825	1.3718641E-006
4.13975	1.3717888E-006
4.14125	1.3718575E-006
4.14275	1.3720284E-006
4.14425	1.3722911E-006
4.14575	1.3726324E-006
4.14725	1.3730171E-006
4.14875	1.3733859E-006
4.15025	1.3736656E-006
4.15175	1.3737924E-006
4.15325	1.3737356E-006
4.15475	1.3735088E-006
4.15625	1.3731656E-006
4.15775	1.3727781E-006
4.15925	1.3724132E-006
4.16075	1.3721149E-006
4.16225	1.3718989E-006
4.16375	1.3717588E-006
4.16525	1.3716772E-006
4.16675	1.3716340E-006
4.16825	1.3716133E-006
4.16975	1.3716043E-006
4.17125	1.3716008E-006
4.17275	1.3715994E-006
4.17425	1.3715991E-006
4.17575	1.3715988E-006
4.17725	1.3715988E-006
4.17875	1.3715988E-006
4.18025	1.3715988E-006
4.18175	1.3715988E-006
4.18325	1.3715988E-006
4.18475	1.3715988E-006
4.18625	1.3715988E-006
4.18775	1.3715988E-006
4.18925	1.3715988E-006
4.19075	1.3715988E-006
4.19225	1.3715988E-006
4.19375	1.3715988E-006
4.19525	1.3715988E-006
4.19675	1.3715988E-006
4.19825	1.3715988E-006
4.19975	1.3715988E-006
4.20125	1.3715988E-006
4.20275	1.3715988E-006
4.20425	1.3715988E-006
4.20575	1.3715988E-006
4.20725	1.3715988E-006
4.20875	1.3715988E-006
4.21025	1.3715988E-006
4.21175	1.3715988E-006
4.21325	1.3715988E-006
4.21475	1.3715988E-006
4.21625	1.3715988E-006
4.21775	1.3715988E-006
4.21925	1.3715988E-006
4.22075	1.3715988E-006
4.22225	1.3715988E-006
4.22375	1.3715988E-006
4.22525	1.3715988E-006
4.22675	1.3715988E-006
4.22825	1.3715988E-006
4.22975	1.3715988E-006
4.23125	1.3715988E-006
4.23275	1.3715988E-006
4.23425	1.3715988E-006
4.23575	1.3715988E-006
4.23725	1.3715988E-006
4.23875	1.3715988E-006
4.24025	1.3715988E-006
4.24175	1.3715988E-006
4.24325	1.3715988E-006
4.24475	1.3715988E-006
4.24625	1.3715988E-006
4.24775	1.3715988E-006
4.24925	1.3715988E-006
4.25075	1.3715988E-006
4.25225	1.3715988E-006
4.25375	1.3715988E-006
4.25525	1.3715988E-006
4.25675	1.3715988E-006
4.25825	1.3715988E-006
4.25975	1.3715988E-006
4.26125	1.3715988E-006
4.26275	1.3715988E-006
4.26425	1.3715988E-006
4.26575	1.3715988E-006
4.26725	1.3715988E-006
4.26875	1.3715988E-006
4.27025	1.3715988E-006
4.27175	1.3715988E-006
4.27325	1.3715988E-006
4.27475	1.3715988E-006
4.27625	1.3715988E-006
4.27775	1.3715988E-006
4.27925	1.3715988E-006
4.28075	1.3715988E-006
4.28225	1.3715988E-006
4.28375	1.3715988E-006
4.28525	1.3715988E-006
4.28675	1.3715988E-006
4.28825	1.3715988E-006
4.28975	1.3715988E-006
4.29125	1.3715988E-006
4.29275	1.3715988E-006
4.29425	1.3715988E-006
4.29575	1.3715988E-006
4.29725	1.3715988E-006
4.29875	1.3715988E-006
4.30025	1.3715988E-006
4.30175	1.3715988E-006
4.30325	1.3715988E-006
4.30475	1.3715988E-006
4.30625	1.3715988E-006
4.30775	1.3715988E-006
4.30925	1.3715988E-006
4.31075	1.3715988E-006
4.31225	1.3715988E-006
4.31375	1.3715988E-006
4.31525	1.3715988E-006
4.31675	1.3715988E-006
4.31825	1.3715988E-006
4.31975	1.3715988E-006
4.32125	1.3715988E-006
4.32275	1.3715988E-006
4.32425	1.3715988E-006
4.32575	1.3715988E-006
4.32725	1.3715988E-006
4.32875	1.3715988E-006
4.33025	1.3715988E-006
4.33175	1.3715988E-006
4.33325	1.3715988E-006
4.33475	1.3715988E-006
4.33625	1.3715988E-006
4.33775	1.3715988E-006
4.33925	1.3715988E-006
4.34075	1.3715988E-006
4.34225	1.3715988E-006
4.34375	1.3715988E-006
4.34525	1.3715988E-006
4.34675	1.3715988E-006
4.34825	1.3715988E-006
4.34975	1.3715988E-006
4.35125	1.3715988E-006
4.35275	1.3715988E-006
4.35425	1.3715988E-006
4.35575	1.3715988E-006
4.35725	1.3715988E-006
4.35875	1.3715988E-006
4.36025	1.3715988E-006
4.36175	1.3715988E-006
4.36325	1.3715988E-006
4.36475	1.3715988E-006
4.36625	1.3715988E-006
4.36775	1.3715988E-006
4.36925	1.3715988E-006
4.37075	1.3715988E-006
4.37225	1.3715988E-006
4.37375	1.3715988E-006
4.37525	1.3715988E-006
4.37675	1.3715988E-006
4.37825	1.3715988E-006
4.37975	1.3715988E-006
4.38125	1.3715988E-006
4.38275	1.3715988E-006
4.38425	1.3715988E-006
4.38575	1.3715988E-006
4.38725	1.3715988E-006
4.38875	1.3715988E-006
4.39025	1.3715988E-006
4.39175	1.3715988E-006
4.39325	1.3715988E-006
4.39475	1.3715988E-006
4.39625	1.3715988E-006
4.39775	1.3715988E-006
4.39925	1.3715988E-006
4.40075	1.3715988E-006
4.40225	1.3715988E-006
4.40375	1.3715988E-006
4.40525	1.3715988E-006
4.40675	1.3715988E-006
4.40825	1.3715988E-006
4.40975	1.3715988E-006
4.41125	1.3715988E-006
4.41275	1.3715988E-006
4.41425	1.3715988E-006
4.41575	1.3715988E-006
4.41725	1.3715988E-006
4.41875	1.3715988E-006
4.42025	1.3715988E-006
4.42175	1.3715988E-006
4.42325	1.3715988E-006
4.42475	1.3715988E-006
4.42625	1.3715988E-006
4.42775	1.3715988E-006
4.42925	1.3715988E-006
4.43075	1.3715988E-006
4.43225	1.3715988E-006
4.43375	1.3715988E-006
4.43525	1.3715988E-006
4.43675	1.3715988E-006
4.43825	1.3715988E-006
4.43975	1.3715988E-006
4.44125	1.3715988E-006
4.44275	1.3715988E-006
4.44425	1.3715988E-006
4.44575	1.3715988E-006
4.44725	1.3715988E-006
4.44875	1.3715988E-006
4.45025	1.3715988E-006
4.45175	1.3715988E-006
4.45325	1.3715988E-006
4.45475	1.3715988E-006
4.45625	1.3715988E-006
4.45775	1.3715988E-006
4.45925	1.3715988E-006
4.46075	1.3715988E-006
4.46225	1.3715988E-006
4.46375	1.3715988E-006
4.46525	1.3715988E-006
4.46675	1.3715988E-006
4.46825	1.3715988E-006
4.46975	1.3715988E-006
4.47125	1.3715988E-006
4.47275	1.3715988E-006
4.47425	1.3715988E-006
4.47575	1.3715988E-006
4.47725	1.3715988E-006
4.47875	1.3715988E-006
4.48025	1.3715988E-006
4.48175	1.3715988E-006
4.48325	1.3715988E-006
4.48475	1.3715988E-006
4.48625	1.3715988E-006
4.48775	1.3715988E-006
4.48925	1.3715988E-006
4.49075	1.3715988E-006
4.49225	1.3715988E-006
4.49375	1.3715988E-006
4.49525	1.3715988E-006
4.49675	1.3715988E-006
4.49825	1.3715988E-006
4.49975	1.3715988E-006
4.50125	1.3715988E-006
4.50275	1.3715988E-006
4.50425	1.3715988E-006
4.50575	1.3715988E-006
4.50725	1.3715988E-006
4.50875	1.3715988E-006
4.51025	1.3715988E-006
4.51175	1.3715988E-006
4.51325	1.3715988E-006
4.51475	1.3715988E-006
4.51625	1.3715988E-006
4.51775	1.3715988E-006
4.51925	1.3715988E-006
4.52075	1.3715988E-006
4.52225	1.3715988E-006
4.52375	1.3715988E-006
4.52525	1.3715988E-006
4.52675	1.3715988E-006
4.52825	1.3715988E-006
4.52975	1.3715988E-006
4.53125	1.3715988E-006
4.53275	1.3715988E-006
4.53425	1.3715988E-006
4.53575	1.3715988E-006
4.53725	1.3715988E-006
4.53875	1.3715988E-006
4.54025	1.3715988E-006
4.54175	1.3715988E-006
4.54325	1.3715988E-006
4.54475	1.3715988E-006
4.54625	1.3715988E-006
4.54775	1.3715988E-006
4.54925	1.3715988E-006
4.55075	1.3715988E-006
4.55225	1.3715988E-006
4.55375	1.3715988E-006
4.55525	1.3715988E-006
4.55675	1.3715988E-006
4.55825	1.3715988E-006
4.55975	1.3715988E-006
4.56125	1.3715988E-006
4.56275	1.3715988E-006
4.56425	1.3715988E-006
4.56575	1.3715988E-006
4.56725	1.3715988E-006
4.56875	1.3715988E-006
4.57025	1.3715988E-006
4.57175	1.3715988E-006
4.57325	1.3715988E-006
4.57475	1.3715988E-006
4.57625	1.3715988E-006
4.57775	1.3715988E-006
4.57925	1.3715988E-006
4.58075	1.3715988E-006
4.58225	1.3715988E-006
4.58375	1.3715988E-006
4.58525	1.3715988E-006
4.58675	1.3715988E-006
4.58825	1.3715988E-006
4.58975	1.3715988E-006
4.59125	1.3715988E-006
4.59275	1.3715988E-006
4.59425	1.3715988E-006
4.59575	1.3715988E-006
4.59725	1.3715988E-006
4.59875	1.3715988E-006
4.60025	1.3715988E-006
4.60175	1.3715988E-006
4.60325	1.3715988E-006
4.60475	1.3715988E-006
4.60625	1.3715988E-006
4.60775	1.3715988E-006
4.60925	1.3715988E-006
4.61075	1.3715988E-006
4.61225	1.3715988E-006
4.61375	1.3715988E-006
4.61525	1.3715988E-006
4.61675	1.3715988E-006
4.61825	1.3715988E-006
4.61975	1.3715988E-006
4.62125	1.3715988E-006
4.62275	1.3715988E-006
4.62425	1.3715988E-006
4.62575	1.3715988E-006
4.62725	1.3715988E-006
4.62875	1.3715988E-006
4.63025	1.3715988E-006
4.63175	1.3715988E-006
4.63325	1.3715988E-006
4.63475	1.3715988E-006
4.63625	1.3715988E-006
4.63775	1.3715988E-006
4.63925	1.3715988E-006
4.64075	1.3715988E-006
4.64225	1.3715988E-006
4.64375	1.3715988E-006
4.64525	1.3715988E-006
4.64675	1.3715988E-006
4.64825	1.3715988E-006
4.64975	1.3715988E-006
4.65125	1.3715988E-006
4.65275	1.3715988E-006
4.65425	1.3715988E-006
4.65575	1.3715988E-006
4.65725	1.3715988E-006
4.65875	1.3715988E-006
4.66025	1.3715988E-006
4.66175	1.3715988E-006
4.66325	1.3715988E-006
4.66475	1.3715988E-006
4.66625	1.3715988E-006
4.66775	1.3715988E-006
4.66925	1.3715988E-006
4.67075	1.3715988E-006
4.67225	1.3715988E-006
4.67375	1.3715988E-006
4.67525	1.3715988E-006
4.67675	1.3715988E-006
4.67825	1.3715988E-006
4.67975	1.3715988E-006
4.68125	1.3715988E-006
4.68275	1.3715988E-006
4.68425	1.3715988E-006
4.68575	1.3715988E-006
4.68725	1.3715988E-006
4.68875	1.3715988E-006
4.69025	1.3715988E-006
4.69175	1.3715988E-006
4.69325	1.3715988E-006
4.69475	1.3715988E-006
4.69625	1.3715988E-006
4.69775	1.3715988E-006
4.69925	1.3715988E-006
4.70075	1.3715988E-006
4.70225	1.3715988E-006
4.70375	1.3715988E-006
4.70525	1.3715988E-006
4.70675	1.3715988E-006
4.70825	1.3715988E-006
4.70975	1.3715988E-006
4.71125	1.3715988E-006
4.71275	1.3715988E-006
4.71425	1.3715988E-006
4.71575	1.3715988E-006
4.71725	1.3715988E-006
4.71875	1.3715988E-006
4.72025	1.3715988E-006
4.72175	1.3715988E-006
4.72325	1.3715988E-006
4.72475	1.3715988E-006
4.72625	1.3715988E-006
4.72775	1.3715988E-006
4.72925	1.3715988E-006
4.73075	1.3715988E-006
4.73225	1.3715988E-006
4.73375	1.3715988E-006
4.73525	1.3715988E-006
4.73675	1.3715988E-006
4.73825	1.3715988E-006
4.73975	1.3715988E-006
4.74125	1.3715988E-006
4.74275	1.3715988E-006
4.74425	1.3715988E-006
4.74575	1.3715988E-006
4.74725	1.3715988E-006
4.74875	1.3715988E-006
4.75025	1.3715988E-006
4.75175	1.3715988E-006
4.75325	1.3715988E-006
4.75475	1.3715988E-006
4.75625	1.3715988E-006
4.75775	1.3715988E-006
4.75925	1.3715988E-006
4.76075	1.3715988E-006
4.76225	1.3715988E-006
4.76375	1.3715988E-006
4.76525	1.3715988E-006
4.76675	1.3715988E-006
4.76825	1.3715988E-006
4.76975	1.3715988E-006
4.77125	1.3715988E-006
4.77275	1.3715988E-006
4.77425	1.3715988E-006
4.77575	1.3715988E-006
4.77725	1.3715988E-006
4.77875	1.3715988E-006
4.78025	1.3715988E-006
4.78175	1.3715988E-006
4.78325	1.3715988E-006
4.78475	1.3715988E-006
4.78625	1.3715988E-006
4.78775	1.3715988E-006
4.78925	1.3715988E-006
4.79075	1.3715988E-006
4.79225	1.3715988E-006
4.79375	1.3715988E-006
4.79525	1.3715988E-006
4.79675	1.3715988E-006
4.79825	1.3715990E-006
4.79975	1.3715994E-006
4.80125	1.3716017E-006
4.80275	1.3716098E-006
4.80425	1.3716386E-006
4.80575	1.3717304E-006
4.80725	1.3720022E-006
4.80875	1.3727451E-006
4.81025	1.3746220E-006
4.81175	1.3790096E-006
4.81325	1.3885124E-006
4.81475	1.4076134E-006
4.81625	1.4433114E-006
4.81775	1.5054849E-006
4.81925	1.6066701E-006
4.82075	1.7610380E-006
4.82225	1.9826275E-006
4.82375	2.2832085E-006
4.82525	2.6703858E-006
4.82675	3.1464886E-006
4.82825	3.7085333E-006
4.82975	4.3490936E-006
4.83125	5.0576396E-006
4.83275	5.8218502E-006
4.83425	6.6285561E-006
4.83575	7.4642276E-006
4.83725	8.3151308E-006
4.83875	9.1673155E-006
4.84025	1.0006639E-005
4.84175	1.0818845E-005
4.84325	1.1589795E-005
4.84475	1.2305739E-005
4.84625	1.2953646E-005
4.84775	1.3521530E-005
4.84925	1.3998732E-005
4.85075	1.4376176E-005
4.85225	1.4646583E-005
4.85375	1.4804635E-005
4.85525	1.4847104E-005
4.85675	1.4772954E-005
4.85825	1.4583379E-005
4.85975	1.4281825E-005
4.86125	1.3873895E-005
4.86275	1.3367228E-005
4.86425	1.2771309E-005
4.86575	1.2097220E-005
4.86725	1.1357352E-005
4.86875	1.0565104E-005
4.87025	9.7345737E-006
4.87175	8.8802635E-006
4.87325	8.0168411E-006
4.87475	7.1589875E-006
4.87625	6.3213174E-006
4.87775	5.5183582E-006
4.87925	4.7644285E-006
4.88075	4.0732516E-006
4.88225	3.4571522E-006
4.88375	2.9258201E-006
4.88525	2.4848762E-006
4.88675	2.1346934E-006
4.88825	1.8699878E-006
4.88975	1.6804842E-006
4.89125	1.5525725E-006
4.89275	1.4714882E-006
4.89425	1.4233784E-006
4.89575	1.3967372E-006
4.89725	1.3830012E-006
4.89875	1.3764206E-006
4.90025	1.3734963E-006
4.90175	1.3722926E-006
4.90325	1.3718342E-006
4.90475	1.3716727E-006
4.90625	1.3716203E-006
4.90775	1.3716046E-006
4.90925	1.3716003E-006
4.91075	1.3715992E-006
4.91225	1.3715990E-006
4.91375	1.3715988E-006
4.91525	1.3715988E-006
4.91675	1.3715988E-006
4.91825	1.3715988E-006
4.91975	1.3715988E-006
4.92125	1.3715988E-006
4.92275	1.3715988E-006
4.92425	1.3715988E-006
4.92575	1.3715988E-006
4.92725	1.3715988E-006
4.92875	1.3715988E-006
4.93025	1.3715988E-006
4.93175	1.3715988E-006
4.93325	1.3715988E-006
4.93475	1.3715988E-006
4.93625	1.3715988E-006
4.93775	1.3715988E-006
4.93925	1.3715988E-006
4.94075	1.3715988E-006
4.94225	1.3715988E-006
4.94375	1.3715988E-006
4.94525	1.3715988E-006
4.94675	1.3715988E-006
4.94825	1.3715988E-006
4.94975	1.3715988E-006
4.95125	1.3715988E-006
4.95275	1.3715988E-006
4.95425	1.3715988E-006
4.95575	1.3715988E-006
4.95725	1.3715988E-006
4.95875	1.3715988E-006
4.96025	1.3715988E-006
4.96175	1.3715988E-006
4.96325	1.3715988E-006
4.96475	1.3715988E-006
4.96625	1.3715988E-006
4.96775	1.3715988E-006
4.96925	1.3715988E-006
4.97075	1.3715988E-006
4.97225	1.3715988E-006
4.97375	1.3715988E-006
4.97525	1.3715988E-006
4.97675	1.3715988E-006
4.97825	1.3715988E-006
4.97975	1.3715988E-006
4.98125	1.3715988E-006
4.98275	1.3715988E-006
4.98425	1.3715988E-006
4.98575	1.3715988E-006
4.98725	1.3715988E-006
4.98875	1.3715988E-006
4.99025	1.3715988E-006
4.99175	1.3715988E-006
4.99325	1.3715988E-006
4.99475	1.3715988E-006
4.99625	1.3715988E-006
4.99775	1.3715988E-006
4.99925	1.3715988E-006
5.00075	1.3715988E-006
5.00225	1.3715988E-006
5.00375	1.3715988E-006
5.00525	1.3715988E-006
5.00675	1.3715988E-006
5.00825	1.3715988E-006
5.00975	1.3715988E-006
5.01125	1.3715988E-006
5.01275	1.3715988E-006
5.01425	1.3715988E-006
5.01575	1.3715988E-006
5.01725	1.3715988E-006
5.01875	1.3715988E-006
5.02025	1.3715988E-006
5.02175	1.3715988E-006
5.02325	1.3715988E-006
5.02475	1.3715988E-006
5.02625	1.3715988E-006
5.02775	1.3715988E-006
5.02925	1.3715988E-006
5.03075	1.3715988E-006
5.03225	1.3715988E-006
5.03375	1.3715988E-006
5.03525	1.3715988E-006
5.03675	1.3715988E-006
5.03825	1.3715988E-006
5.03975	1.3715988E-006
5.04125	1.3715988E-006
5.04275	1.3715988E-006
5.04425	1.3715988E-006
5.04575	1.3715988E-006
5.04725	1.3715988E-006
5.04875	1.3715988E-006
5.05025	1.3715988E-006
5.05175	1.3715988E-006
5.05325	1.3715988E-006
5.05475	1.3715988E-006
5.05625	1.3715988E-006
5.05775	1.3715988E-006
5.05925	1.3715988E-006
5.06075	1.3715988E-006
5.06225	1.3715988E-006
5.06375	1.3715988E-006
5.06525	1.3715988E-006
5.06675	1.3715988E-006
5.06825	1.3715988E-006
5.06975	1.3715988E-006
5.07125	1.3715988E-006
5.07275	1.3715988E-006
5.07425	1.3715988E-006
5.07575	1.3715988E-006
5.07725	1.3715988E-006
5.07875	1.3715988E-006
5.08025	1.3715988E-006
5.08175	1.3715988E-006
5.08325	1.3715988E-006
5.08475	1.3715988E-006
5.08625	1.3715988E-006
5.08775	1.3715988E-006
5.08925	1.3715988E-006
5.09075	1.3715988E-006
5.09225	1.3715988E-006
5.09375	1.3715988E-006
5.09525	1.3715988E-006
5.09675	1.3715988E-006
5.09825	1.3715988E-006
5.09975	1.3715988E-006
5.10125	1.3715988E-006
5.10275	1.3715988E-006
5.10425	1.3715988E-006
5.10575	1.3715988E-006
5.10725	1.3715988E-006
5.10875	1.3715988E-006
5.11025	1.3715988E-006
5.11175	1.3715988E-006
5.11325	1.3715988E-006
5.11475	1.3715988E-006
5.11625	1.3715988E-006
5.11775	1.3715988E-006
5.11925	1.3715988E-006
5.12075	1.3715988E-006
5.12225	1.3715988E-006
5.12375	1.3715988E-006
5.12525	1.3715988E-006
5.12675	1.3715988E-006
5.12825	1.3715988E-006
5.12975	1.3715988E-006
5.13125	1.3715988E-006
5.13275	1.3715988E-006
5.13425	1.3715988E-006
5.13575	1.3715988E-006
5.13725	1.3715988E-006
5.13875	1.3715988E-006
5.14025	1.3715988E-006
5.14175	1.3715988E-006
5.14325	1.3715988E-006
5.14475	1.3715988E-006
5.14625	1.3715988E-006
5.14775	1.3715988E-006
5.14925	1.3715988E-006
5.15075	1.3715988E-006
5.15225	1.3715988E-006
5.15375	1.3715988E-006
5.15525	1.3715988E-006
5.15675	1.3715988E-006
5.15825	1.3715988E-006
5.15975	1.3715988E-006
5.16125	1.3715988E-006
5.16275	1.3715988E-006
5.16425	1.3715988E-006
5.16575	1.3715988E-006
5.16725	1.3715988E-006
5.16875	1.3715988E-006
5.17025	1.3715988E-006
5.17175	1.3715988E-006
5.17325	1.3715988E-006
5.17475	1.3715988E-006
5.17625	1.3715988E-006
5.17775	1.3715988E-006
5.17925	1.3715988E-006
5.18075	1.3715988E-006
5.18225	1.3715988E-006
5.18375	1.3715988E-006
5.18525	1.3715988E-006
5.18675	1.3715988E-006
5.18825	1.3715988E-006
5.18975	1.3715988E-006
5.19125	1.3715988E-006
5.19275	1.3715988E-006
5.19425	1.3715988E-006
5.19575	1.3715988E-006
5.19725	1.3715988E-006
5.19875	1.3715988E-006
5.20025	1.3715988E-006
5.20175	1.3715988E-006
5.20325	1.3715988E-006
5.20475	1.3715988E-006
5.20625	1.3715988E-006
5.20775	1.3715988E-006
5.20925	1.3715988E-006
5.21075	1.3715988E-006
5.21225	1.3715988E-006
5.21375	1.3715988E-006
5.21525	1.3715988E-006
5.21675	1.3715988E-006
5.21825	1.3715988E-006
5.21975	1.3715988E-006
5.22125	1.3715988E-006
5.22275	1.3715988E-006
5.22425	1.3715988E-006
5.22575	1.3715988E-006
5.22725	1.3715988E-006
5.22875	1.3715988E-006
5.23025	1.3715988E-006
5.23175	1.3715988E-006
5.23325	1.3715988E-006
5.23475	1.3715988E-006
5.23625	1.3715988E-006
5.23775	1.3715988E-006
5.23925	1.3715988E-006
5.24075	1.3715988E-006
5.24225	1.3715988E-006
5.24375	1.3715988E-006
5.24525	1.3715988E-006
5.24675	1.3715988E-006
5.24825	1.3715988E-006
5.24975	1.3715988E-006
5.25125	1.3715988E-006
5.25275	1.3715988E-006
5.25425	1.3715988E-006
5.25575	1.3715988E-006
5.25725	1.3715988E-006
5.25875	1.3715988E-006
5.26025	1.3715988E-006
5.26175	1.3715988E-006
5.26325	1.3715988E-006
5.26475	1.3715988E-006
5.26625	1.3715988E-006
5.26775	1.3715988E-006
5.26925	1.3715988E-006
5.27075	1.3715988E-006
5.27225	1.3715988E-006
5.27375	1.3715988E-006
5.27525	1.3715988E-006
5.27675	1.3715988E-006
5.27825	1.3715988E-006
5.27975	1.3715988E-006
5.28125	1.3715988E-006
5.28275	1.3715988E-006
5.28425	1.3715988E-006
5.28575	1.3715988E-006
5.28725	1.3715988E-006
5.28875	1.3715988E-006
5.29025	1.3715988E-006
5.29175	1.3715988E-006
5.29325	1.3715988E-006
5.29475	1.3715988E-006
5.29625	1.3715988E-006
5.29775	1.3715988E-006
5.29925	1.3715988E-006
5.30075	1.3715988E-006
5.30225	1.3715988E-006
5.30375	1.3715988E-006
5.30525	1.3715988E-006
5.30675	1.3715988E-006
5.30825	1.3715988E-006
5.30975	1.3715988E-006
5.31125	1.3715988E-006
5.31275	1.3715988E-006
5.31425	1.3715988E-006
5.31575	1.3715988E-006
5.31725	1.3715988E-006
5.31875	1.3715988E-006
5.32025	1.3715988E-006
5.32175	1.3715988E-006
5.32325	1.3715988E-006
5.32475	1.3715988E-006
5.32625	1.3715988E-006
5.32775	1.3715988E-006
5.32925	1.3715988E-006
5.33075	1.3715988E-006
5.33225	1.3715988E-006
5.33375	1.3715988E-006
5.33525	1.3715988E-006
5.33675	1.3715988E-006
5.33825	1.3715988E-006
5.33975	1.3715988E-006
5.34125	1.3715988E-006
5.34275	1.3715988E-006
5.34425	1.3715988E-006
5.34575	1.3715988E-006
5.34725	1.3715988E-006
5.34875	1.3715988E-006
5.35025	1.3715988E-006
5.35175	1.3715988E-006
5.35325	1.3715988E-006
5.35475	1.3715988E-006
5.35625	1.3715988E-006
5.35775	1.3715988E-006
5.35925	1.3715988E-006
5.36075	1.3715988E-006
5.36225	1.3715988E-006
5.36375	1.3715988E-006
5.36525	1.3715988E-006
5.36675	1.3715988E-006
5.36825	1.3715988E-006
5.36975	1.3715988E-006
5.37125	1.3715988E-006
5.37275	1.3715988E-006
5.37425	1.3715988E-006
5.37575	1.3715988E-006
5.37725	1.3715988E-006
5.37875	1.3715988E-006
5.38025	1.3715988E-006
5.38175	1.3715988E-006
5.38325	1.3715988E-006
5.38475	1.3715988E-006
5.38625	1.3715988E-006
5.38775	1.3715988E-006
5.38925	1.3715988E-006
5.39075	1.3715988E-006
5.39225	1.3715988E-006
5.39375	1.3715988E-006
5.39525	1.3715988E-006
5.39675	1.3715988E-006
5.39825	1.3715988E-006
5.39975	1.3715988E-006
5.40125	1.3715988E-006
5.40275	1.3715988E-006
5.40425	1.3715988E-006
5.40575	1.3715988E-006
5.40725	1.3715988E-006
5.40875	1.3715988E-006
5.41025	1.3715988E-006
5.41175	1.3715988E-006
5.41325	1.3715988E-006
5.41475	1.3715988E-006
5.41625	1.3715988E-006
5.41775	1.3715988E-006
5.41925	1.3715988E-006
5.42075	1.3715988E-006
5.42225	1.3715988E-006
5.42375	1.3715988E-006
5.42525	1.3715988E-006
5.42675	1.3715988E-006
5.42825	1.3715988E-006
5.42975	1.3715988E-006
5.43125	1.3715988E-006
5.43275	1.3715988E-006
5.43425	1.3715988E-006
5.43575	1.3715988E-006
5.43725	1.3715988E-006
5.43875	1.3715988E-006
5.44025	1.3715988E-006
5.44175	1.3715988E-006
5.44325	1.3715988E-006
5.44475	1.3715988E-006
5.44625	1.3715988E-006
5.44775	1.3715988E-006
5.44925	1.3715988E-006
5.45075	1.3715988E-006
5.45225	1.3715988E-006
5.45375	1.3715988E-006
5.45525	1.3715988E-006
5.45675	1.3715988E-006
5.45825	1.3715988E-006
5.45975	1.3715988E-006
5.46125	1.3715988E-006
5.46275	1.3715988E-006
5.46425	1.3715988E-006
5.46575	1.3715988E-006
5.46725	1.3715988E-006
5.46875	1.3715988E-006
5.47025	1.3715988E-006
5.47175	1.3715988E-006
5.47325	1.3715988E-006
5.47475	1.3715988E-006
5.47625	1.3715988E-006
5.47775	1.3715988E-006
5.47925	1.3715988E-006
5.48075	1.3715988E-006
5.48225	1.3715988E-006
5.48375	1.3715988E-006
5.48525	1.3715988E-006
5.48675	1.3715988E-006
5.48825	1.3715988E-006
5.48975	1.3715988E-006
5.49125	1.3715988E-006
5.49275	1.3715988E-006
5.49425	1.3715988E-006
5.49575	1.3715988E-006
5.49725	1.3715988E-006
5.49875	1.3715988E-006
5.50025	1.3716000E-006
5.50175	1.3716000E-006
5.50325	1.3716000E-006
5.50475	1.3716000E-006
5.50625	1.3716000E-006
5.50775	1.3716000E-006
5.50925	1.3716000E-006
5.51075	1.3716000E-006
5.51225	1.3716000E-006
5.51375	1.3716000E-006
5.51525	1.3716000E-006
5.51675	1.3716000E-006
5.51825	1.3716000E-006
5.51975	1.3716000E-006
5.52125	1.3716000E-006
5.52275	1.3716000E-006
5.52425	1.3716000E-006
5.52575	1.3716000E-006
5.52725	1.3716000E-006
5.52875	1.3716000E-006
5.53025	1.3716000E-006
5.53175	1.3716000E-006
5.53325	1.3716000E-006
5.53475	1.3716000E-006
5.53625	1.3716000E-006
5.53775	1.3716000E-006
5.53925	1.3716000E-006
5.54075	1.3716000E-006
5.54225	1.3716000E-006
5.54375	1.3716000E-006
5.54525	1.3716000E-006
5.54675	1.3716000E-006
5.54825	1.3716000E-006
5.54975	1.3716000E-006
5.55125	1.3716000E-006
5.55275	1.3716000E-006
5.55425	1.3716000E-006
5.55575	1.3716000E-006
5.55725	1.3716000E-006
5.55875	1.3716000E-006
5.56025	1.3716000E-006
5.56175	1.3716000E-006
5.56325	1.3716000E-006
5.56475	1.3716000E-006
5.56625	1.3716000E-006
5.56775	1.3716000E-006
5.56925	1.3716000E-006
5.57075	1.3716000E-006
5.57225	1.3716000E-006
5.57375	1.3716000E-006
5.57525	1.3716000E-006
5.57675	1.3716000E-006
5.57825	1.3716000E-006
5.57975	1.3716000E-006
5.58125	1.3716000E-006
5.58275	1.3716000E-006
5.58425	1.3716000E-006
5.58575	1.3716000E-006
5.58725	1.3716000E-006
5.58875	1.3716000E-006
5.59025	1.3716000E-006
5.59175	1.3716000E-006
5.59325	1.3716000E-006
5.59475	1.3716000E-006
5.59625	1.3716000E-006
5.59775	1.3716000E-006
5.59925	1.3716000E-006
