theta_deg	log10_I_minus_log10_R
0.20825	2.1986812E-003
0.20975	2.4116263E-003
0.21125	2.3604184E-003
0.21275	2.7166083E-003
0.21425	2.7466342E-003
0.21575	3.5635903E-003
0.21725	4.7569871E-003
0.21875	5.5475086E-003
0.22025	6.7560971E-003
0.22175	7.2719753E-003
0.22325	6.8184882E-003
0.22475	6.7902505E-003
0.22625	6.6873580E-003
0.22775	7.1181282E-003
0.22925	6.8469122E-003
0.23075	8.1103370E-003
0.23225	9.3956068E-003
0.23375	1.0650724E-002
0.23525	1.0750115E-002
0.23675	1.1326008E-002
0.23825	1.2205698E-002
0.23975	1.2755573E-002
0.24125	1.3685651E-002
0.24275	1.4915392E-002
0.24425	1.4521413E-002
0.24575	1.5385173E-002
0.24725	1.5598789E-002
0.24875	1.5811250E-002
0.25025	1.5561961E-002
0.25175	1.5190057E-002
0.25325	1.5341945E-002
0.25475	1.5564263E-002
0.25625	1.6273350E-002
0.25775	1.7006621E-002
0.25925	1.7773286E-002
0.26075	1.8113419E-002
0.26225	1.8206134E-002
0.26375	1.8268004E-002
0.26525	1.8388271E-002
0.26675	1.8434495E-002
0.26825	1.8826276E-002
0.26975	1.9067273E-002
0.27125	1.9198924E-002
0.27275	1.8876567E-002
0.27425	1.8133253E-002
0.27575	1.7051324E-002
0.27725	1.5562400E-002
0.27875	1.9521117E-002
0.28025	1.8934682E-002
0.28175	1.8626958E-002
0.28325	1.8348664E-002
0.28475	1.8212080E-002
0.28625	1.8011361E-002
0.28775	2.5873452E-002
0.28925	2.5212824E-002
0.29075	2.4208456E-002
0.29225	2.3241520E-002
0.29375	2.1632254E-002
0.29525	2.9660106E-002
0.29675	2.7767628E-002
0.29825	2.5291651E-002
0.29975	3.1603992E-002
0.30125	2.7866274E-002
0.30275	2.4383783E-002
0.30425	2.9824317E-002
0.30575	2.6264369E-002
0.30725	2.3375690E-002
0.30875	1.1765838E-002
0.31025	1.1714578E-002
0.31175	1.1372566E-002
0.31325	1.0882497E-002
0.31475	1.0299265E-002
0.31625	9.1556907E-003
0.31775	8.8035464E-003
0.31925	8.4245801E-003
0.32075	8.3212852E-003
0.32225	8.2823634E-003
0.32375	8.1186295E-003
0.32525	7.9042315E-003
0.32675	7.4840188E-003
0.32825	6.9864988E-003
0.32975	6.3986778E-003
0.33125	6.5906048E-003
0.33275	7.4301958E-003
0.33425	8.7350607E-003
0.33575	9.4711781E-003
0.33725	1.0053575E-002
0.33875	1.0960579E-002
0.34025	1.0713995E-002
0.34175	1.0574996E-002
0.34325	9.9172592E-003
0.34475	9.9370480E-003
0.34625	9.8096132E-003
0.34775	9.5463991E-003
0.34925	9.8806620E-003
0.35075	9.6539259E-003
0.35225	1.0255575E-002
0.35375	1.0251760E-002
0.35525	1.0596514E-002
0.35675	1.1180758E-002
0.35825	1.2043834E-002
0.35975	1.2480974E-002
0.36125	1.1810660E-002
0.36275	1.1329174E-002
0.36425	1.0558128E-002
0.36575	8.8295937E-003
0.36725	6.2607527E-003
0.36875	4.8550367E-003
0.37025	4.9076080E-003
0.37175	4.3107271E-003
0.37325	4.8501492E-003
0.37475	6.2081814E-003
0.37625	8.5108280E-003
0.37775	1.0180712E-002
0.37925	1.1347651E-002
0.38075	1.3519764E-002
0.38225	1.5118241E-002
0.38375	1.6455412E-002
0.38525	1.6524315E-002
0.38675	1.6049385E-002
0.38825	1.4732122E-002
0.38975	1.2800217E-002
0.39125	9.4529390E-003
0.39275	6.1517954E-003
0.39425	3.6619902E-003
0.39575	1.5697479E-003
0.39725	7.5459480E-004
0.39875	7.3218346E-004
0.40025	2.6950836E-003
0.40175	4.5125484E-003
0.40325	7.5504780E-003
0.40475	9.9072456E-003
0.40625	1.2685895E-002
0.40775	1.5561461E-002
0.40925	1.7231464E-002
0.41075	1.8193960E-002
0.41225	1.7400503E-002
0.41375	1.5312552E-002
0.41525	1.2467980E-002
0.41675	7.8877211E-003
0.41825	2.3397207E-003
0.41975	-1.3966560E-003
0.42125	-5.4582357E-003
0.42275	-6.9383383E-003
0.42425	-8.5867643E-003
0.42575	-1.0118484E-002
0.42725	-8.4260702E-003
0.42875	-7.6303482E-003
0.43025	-3.6185980E-003
0.43175	1.3359785E-003
0.43325	5.8649778E-003
0.43475	1.1781693E-002
0.43625	1.6420603E-002
0.43775	2.1319747E-002
0.43925	2.2666097E-002
0.44075	2.2401094E-002
0.44225	2.0853877E-002
0.44375	1.7404795E-002
0.44525	1.1756778E-002
0.44675	4.3499470E-003
0.44825	-2.5711060E-003
0.44975	-1.0193706E-002
0.45125	-1.8018842E-002
0.45275	-2.4484158E-002
0.45425	-2.8594375E-002
0.45575	-3.1168699E-002
0.45725	-3.0122042E-002
0.45875	-2.6670337E-002
0.46025	-1.9774318E-002
0.46175	-1.1179805E-002
0.46325	-1.0489225E-003
0.46475	8.5779428E-003
0.46625	1.5995979E-002
0.46775	2.0554304E-002
0.46925	2.2670865E-002
0.47075	2.1865487E-002
0.47225	1.8422127E-002
0.47375	1.4236212E-002
0.47525	8.6058378E-003
0.47675	2.4886131E-003
0.47825	-5.2975416E-003
0.47975	-1.2164712E-002
0.48125	-1.9481778E-002
0.48275	-2.7312875E-002
0.48425	-3.6163926E-002
0.48575	-4.2164803E-002
0.48725	-4.4071674E-002
0.48875	-4.5825243E-002
0.49025	-4.5098543E-002
0.49175	-3.9663434E-002
0.49325	-2.9076338E-002
0.49475	-1.7701268E-002
0.49625	-6.1563253E-003
0.49775	5.9970617E-003
0.49925	1.5138388E-002
0.50075	2.3256898E-002
0.50225	2.6551008E-002
0.50375	2.7071238E-002
0.50525	2.3454428E-002
0.50675	1.8252254E-002
0.50825	1.3091207E-002
0.50975	5.1181316E-003
0.51125	-4.6019554E-003
0.51275	-1.4320016E-002
0.51425	-2.4319887E-002
0.51575	-3.5007238E-002
0.51725	-4.5269012E-002
0.51875	-5.5137396E-002
0.52025	-5.9898973E-002
0.52175	-6.3067913E-002
0.52325	-5.9944391E-002
0.52475	-5.0252199E-002
0.52625	-3.5988569E-002
0.52775	-1.8468142E-002
0.52925	-3.0007362E-003
0.53075	1.3931036E-002
0.53225	2.4492264E-002
0.53375	3.2472372E-002
0.53525	3.6126018E-002
0.53675	3.4276485E-002
0.53825	3.4208536E-002
0.53975	2.7976394E-002
0.54125	2.1974087E-002
0.54275	1.2818336E-002
0.54425	1.2673140E-003
0.54575	-9.8809004E-003
0.54725	-2.4505854E-002
0.54875	-3.7480354E-002
0.55025	-4.9851418E-002
0.55175	-6.1480999E-002
0.55325	-7.0696115E-002
0.55475	-7.4371576E-002
0.55625	-7.4204683E-002
0.55775	-6.8017483E-002
0.55925	-5.7826042E-002
0.56075	-4.0745497E-002
0.56225	-1.9738197E-002
0.56375	6.4873695E-004
0.56525	1.8432617E-002
0.56675	3.0815125E-002
0.56825	4.0316820E-002
0.56975	4.3512821E-002
0.57125	4.2897701E-002
0.57275	3.8413525E-002
0.57425	3.1815052E-002
0.57575	2.3020387E-002
0.57725	1.3522148E-002
0.57875	1.9447803E-003
0.58025	-9.2456341E-003
0.58175	-2.2960424E-002
0.58325	-3.7036657E-002
0.58475	-5.0289392E-002
0.58625	-6.4998865E-002
0.58775	-7.5975418E-002
0.58925	-8.5881948E-002
0.59075	-8.9525223E-002
0.59225	-8.5787058E-002
0.59375	-7.6799154E-002
0.59525	-5.5136681E-002
0.59675	-3.0259132E-002
0.59825	-5.0387383E-003
0.59975	1.8281698E-002
0.60125	3.6277056E-002
0.60275	5.0471544E-002
0.60425	5.8221579E-002
0.60575	5.9638023E-002
0.60725	5.6856871E-002
0.60875	5.0037146E-002
0.61025	4.1146278E-002
0.61175	3.0269861E-002
0.61325	1.5572071E-002
0.61475	2.6671886E-003
0.61625	-1.2507677E-002
0.61775	-2.6885271E-002
0.61925	-4.2879581E-002
0.62075	-5.9544802E-002
0.62225	-7.6562166E-002
0.62375	-9.3050957E-002
0.62525	-1.0483193E-001
0.62675	-1.0997343E-001
0.62825	-1.0838389E-001
0.62975	-9.2982531E-002
0.63125	-6.9005251E-002
0.63275	-3.9693356E-002
0.63425	-1.2931347E-002
0.63575	1.2583971E-002
0.63725	3.0759811E-002
0.63875	4.0180445E-002
0.64025	4.7017097E-002
0.64175	4.9401522E-002
0.64325	4.8995972E-002
0.64475	4.4396877E-002
0.64625	3.6478519E-002
0.64775	2.8215408E-002
0.64925	1.7776728E-002
0.65075	3.6964417E-003
0.65225	-9.8569393E-003
0.65375	-2.5444508E-002
0.65525	-4.0951490E-002
0.65675	-5.8641195E-002
0.65825	-7.7360153E-002
0.65975	-9.1386318E-002
0.66125	-1.0638237E-001
0.66275	-1.1506796E-001
0.66425	-1.1476541E-001
0.66575	-1.0161400E-001
0.66725	-7.3376894E-002
0.66875	-4.2268753E-002
0.67025	-1.0014772E-002
0.67175	1.7919779E-002
0.67325	4.0336370E-002
0.67475	5.4075718E-002
0.67625	5.9799910E-002
0.67775	6.0744524E-002
0.67925	5.8431149E-002
0.68075	5.4851055E-002
0.68225	4.7678113E-002
0.68375	3.9474726E-002
0.68525	2.8779030E-002
0.68675	1.7470956E-002
0.68825	6.0149431E-003
0.68975	-9.1826916E-003
0.69125	-2.4299860E-002
0.69275	-4.0601015E-002
0.69425	-5.6313753E-002
0.69575	-7.4779272E-002
0.69725	-9.1671228E-002
0.69875	-1.0840917E-001
0.70025	-1.1667371E-001
0.70175	-1.1803198E-001
0.70325	-1.0304928E-001
0.70475	-7.3444843E-002
0.70625	-4.3483019E-002
0.70775	-1.1700630E-002
0.70925	1.1681080E-002
0.71075	2.7779579E-002
0.71225	3.5323381E-002
0.71375	3.9657354E-002
0.71525	4.1113615E-002
0.71675	3.9171100E-002
0.71825	3.4181237E-002
0.71975	2.8374553E-002
0.72125	1.9498229E-002
0.72275	9.6479654E-003
0.72425	-1.0453463E-003
0.72575	-1.3680577E-002
0.72725	-2.5503635E-002
0.72875	-4.0218472E-002
0.73025	-5.2677751E-002
0.73175	-6.8717360E-002
0.73325	-8.6470604E-002
0.73475	-1.0035396E-001
0.73625	-1.1423063E-001
0.73775	-1.1879706E-001
0.73925	-1.1356091E-001
0.74075	-8.9649916E-002
0.74225	-5.4092646E-002
0.74375	-1.8344164E-002
0.74525	1.1091948E-002
0.74675	3.1378984E-002
0.74825	4.3609738E-002
0.74975	4.9741268E-002
0.75125	4.8792839E-002
0.75275	4.6312928E-002
0.75425	4.2032480E-002
0.75575	3.7819266E-002
0.75725	3.2162905E-002
0.75875	2.4230242E-002
0.76025	1.6941428E-002
0.76175	8.5397959E-003
0.76325	-7.9607964E-004
0.76475	-1.1793137E-002
0.76625	-2.2936344E-002
0.76775	-3.4087062E-002
0.76925	-4.5301795E-002
0.77075	-5.6888819E-002
0.77225	-6.6547394E-002
0.77375	-7.2411656E-002
0.77525	-7.4588656E-002
0.77675	-6.3173056E-002
0.77825	-4.4175386E-002
0.77975	-1.4079571E-002
0.78125	1.3837814E-002
0.78275	3.7472963E-002
0.78425	5.3296685E-002
0.78575	6.0319662E-002
0.78725	6.3509226E-002
0.78875	6.2440753E-002
0.79025	6.0439825E-002
0.79175	5.7067275E-002
0.79325	5.4002523E-002
0.79475	5.0256252E-002
0.79625	4.7064424E-002
0.79775	4.3731332E-002
0.79925	3.9638638E-002
0.80075	3.5708427E-002
0.80225	3.1099319E-002
0.80375	2.7266026E-002
0.80525	2.2204638E-002
0.80675	1.7253041E-002
0.80825	1.3872743E-002
0.80975	1.0881305E-002
0.81125	8.4840059E-003
0.81275	6.9557428E-003
0.81425	6.7301989E-003
0.81575	7.1481466E-003
0.81725	7.5528622E-003
0.81875	7.6584816E-003
0.82025	8.3198547E-003
0.82175	7.6447725E-003
0.82325	6.6112280E-003
0.82475	5.1435828E-003
0.82625	2.9709935E-003
0.82775	1.5246868E-003
0.82925	3.8611889E-004
0.83075	-6.6500902E-004
0.83225	-8.3595514E-004
0.83375	-1.0641515E-003
0.83525	-5.2762032E-004
0.83675	-5.2750111E-004
0.83825	-6.6244602E-004
0.83975	-9.6195936E-004
0.84125	-1.7658770E-003
0.84275	-2.2881627E-003
0.84425	-2.9190779E-003
0.84575	-2.9447675E-003
0.84725	-3.0642450E-003
0.84875	-2.4778843E-003
0.85025	-1.9341409E-003
0.85175	-1.6349852E-003
0.85325	-1.7007887E-003
0.85475	-2.5301576E-003
0.85625	-3.2043457E-003
0.85775	-4.2657554E-003
0.85925	-5.0856173E-003
0.86075	-6.3454211E-003
0.86225	-7.7047348E-003
0.86375	-8.9634955E-003
0.86525	-1.0816038E-002
0.86675	-1.3125986E-002
0.86825	-1.6200632E-002
0.86975	-1.8891811E-002
0.87125	-2.1551639E-002
0.87275	-2.4416804E-002
0.87425	-2.7499437E-002
0.87575	-3.1024992E-002
0.87725	-3.4371316E-002
0.87875	-3.8912058E-002
0.88025	-4.4111252E-002
0.88175	-5.0127208E-002
0.88325	-5.6225121E-002
0.88475	-6.2384069E-002
0.88625	-6.9693923E-002
0.88775	-7.6082349E-002
0.88925	-8.2186341E-002
0.89075	-8.7790728E-002
0.89225	-9.2342615E-002
0.89375	-9.5272303E-002
0.89525	-9.3117118E-002
0.89675	-8.6739063E-002
0.89825	-7.6811552E-002
0.89975	-6.0614705E-002
0.90125	-4.5403361E-002
0.90275	-3.3133030E-002
0.90425	-2.6101351E-002
0.90575	-2.2410631E-002
0.90725	-2.3433566E-002
0.90875	-2.7709365E-002
0.91025	-3.3087134E-002
0.91175	-3.8401604E-002
0.91325	-4.5752525E-002
0.91475	-5.3380013E-002
0.91625	-6.0022473E-002
0.91775	-6.7589641E-002
0.91925	-7.4258924E-002
0.92075	-8.0513000E-002
0.92225	-8.4118009E-002
0.92375	-8.7069392E-002
0.92525	-8.8500857E-002
0.92675	-8.5935831E-002
0.92825	-8.1131220E-002
0.92975	-7.0455074E-002
0.93125	-5.7285547E-002
0.93275	-3.7623882E-002
0.93425	-1.1484861E-002
0.93575	1.8421650E-002
0.93725	4.2833567E-002
0.93875	5.7559729E-002
0.94025	6.5756559E-002
0.94175	6.4180851E-002
0.94325	5.5066109E-002
0.94475	4.2046309E-002
0.94625	2.9912472E-002
0.94775	1.6628504E-002
0.94925	4.7883987E-003
0.95075	-4.4460297E-003
0.95225	-1.6167283E-002
0.95375	-2.6747584E-002
0.95525	-3.6983490E-002
0.95675	-4.6085835E-002
0.95825	-5.4489613E-002
0.95975	-6.2058449E-002
0.96125	-6.5728664E-002
0.96275	-6.8128824E-002
0.96425	-6.6787958E-002
0.96575	-6.1584234E-002
0.96725	-4.9784899E-002
0.96875	-3.3891678E-002
0.97025	-1.2056589E-002
0.97175	1.7444134E-002
0.97325	4.7434807E-002
0.97475	7.3115110E-002
0.97625	8.5879087E-002
0.97775	9.0032816E-002
0.97925	8.3378077E-002
0.98075	7.6132298E-002
0.98225	6.0729265E-002
0.98375	4.3758869E-002
0.98525	2.9115677E-002
0.98675	1.6306639E-002
0.98825	6.8807602E-003
0.98975	-9.4649792E-003
0.99125	-1.9049883E-002
0.99275	-2.5540352E-002
0.99425	-3.4266472E-002
0.99575	-4.3909550E-002
0.99725	-5.1732540E-002
0.99875	-5.4740429E-002
1.00025	-5.8347225E-002
1.00175	-5.9282780E-002
1.00325	-5.3335905E-002
1.00475	-4.5206785E-002
1.00625	-3.5039902E-002
1.00775	-1.3176918E-002
1.00925	1.4202118E-002
1.01075	3.9752007E-002
1.01225	6.6450834E-002
1.01375	8.4824324E-002
1.01525	9.9191189E-002
1.01675	9.6442938E-002
1.01825	8.5243225E-002
1.01975	6.9984198E-002
1.02125	4.6550035E-002
1.02275	2.7738094E-002
1.02425	7.9669952E-003
1.02575	-9.7072124E-003
1.02725	-2.4618149E-002
1.02875	-3.7899256E-002
1.03025	-5.1313162E-002
1.03175	-6.1131954E-002
1.03325	-7.0623875E-002
1.03475	-7.7842236E-002
1.03625	-8.5036278E-002
1.03775	-9.2594862E-002
1.03925	-9.1084957E-002
1.04075	-9.3752623E-002
1.04225	-8.6841345E-002
1.04375	-7.6644897E-002
1.04525	-5.8743954E-002
1.04675	-2.6446581E-002
1.04825	5.4914951E-003
1.04975	5.5490732E-002
1.05125	8.6188316E-002
1.05275	1.1075974E-001
1.05425	1.2762332E-001
1.05575	1.2652278E-001
1.05725	1.1728454E-001
1.05875	9.6716166E-002
1.06025	7.6208353E-002
1.06175	5.1309824E-002
1.06325	2.5640249E-002
1.06475	-1.7819405E-003
1.06625	-2.2563696E-002
1.06775	-4.2105675E-002
1.06925	-5.7794333E-002
1.07075	-6.6858292E-002
1.07225	-7.6969147E-002
1.07375	-8.4642172E-002
1.07525	-9.0153933E-002
1.07675	-9.4868422E-002
1.07825	-9.4433308E-002
1.07975	-9.4869137E-002
1.08125	-8.4518194E-002
1.08275	-6.5516949E-002
1.08425	-4.1947842E-002
1.08575	-9.6495152E-003
1.08725	3.5239458E-002
1.08875	7.9577684E-002
1.09025	1.1692882E-001
1.09175	1.3697743E-001
1.09325	1.4668298E-001
1.09475	1.4819360E-001
1.09625	1.3115954E-001
1.09775	1.1070657E-001
1.09925	8.6776018E-002
1.10075	6.5076828E-002
1.10225	4.2983055E-002
1.10375	1.7582655E-002
1.10525	-8.9936256E-003
1.10675	-3.3827066E-002
1.10825	-5.3555965E-002
1.10975	-7.0963383E-002
1.11125	-8.9714766E-002
1.11275	-1.0768795E-001
1.11425	-1.1698031E-001
1.11575	-1.2058735E-001
1.11725	-1.2762713E-001
1.11875	-1.2669349E-001
1.12025	-1.2264180E-001
1.12175	-9.9684000E-002
1.12325	-6.6009045E-002
1.12475	-2.9088259E-002
1.12625	2.1887064E-002
1.12775	7.4140072E-002
1.12925	1.2609482E-001
1.13075	1.5457773E-001
1.13225	1.7195082E-001
1.13375	1.7192698E-001
1.13525	1.6015434E-001
1.13675	1.3780832E-001
1.13825	1.1465549E-001
1.13975	8.7071896E-002
1.14125	5.7035446E-002
1.14275	3.3098221E-002
1.14425	8.2221031E-003
1.14575	-1.8482685E-002
1.14725	-4.7887564E-002
1.14875	-6.1135292E-002
1.15025	-8.3086252E-002
1.15175	-9.9177122E-002
1.15325	-1.1855984E-001
1.15475	-1.2384510E-001
1.15625	-1.2361145E-001
1.15775	-1.3106012E-001
1.15925	-1.1454892E-001
1.16075	-1.0331416E-001
1.16225	-6.7229748E-002
1.16375	-2.2834778E-002
1.16525	2.4069309E-002
1.16675	7.5338602E-002
1.16825	1.3323236E-001
1.16975	1.7136860E-001
1.17125	1.9162130E-001
1.17275	1.9618750E-001
1.17425	1.8981576E-001
1.17575	1.6904235E-001
1.17725	1.4017582E-001
1.17875	1.2083745E-001
1.18025	8.8110209E-002
1.18175	5.8355808E-002
1.18325	3.1588316E-002
1.18475	1.0541677E-002
1.18625	-9.8233223E-003
1.18775	-4.9931765E-002
1.18925	-6.8619490E-002
1.19075	-9.0512037E-002
1.19225	-1.1385560E-001
1.19375	-1.2860060E-001
1.19525	-1.4715767E-001
1.19675	-1.3184690E-001
1.19825	-1.1866260E-001
1.19975	-9.7257376E-002
1.20125	-6.2820911E-002
1.20275	-2.1989107E-002
1.20425	3.6176920E-002
1.20575	9.4860315E-002
1.20725	1.4076996E-001
1.20875	1.8846512E-001
1.21025	2.0242739E-001
1.21175	2.1415520E-001
1.21325	2.0437860E-001
1.21475	1.8923450E-001
1.21625	1.7086172E-001
1.21775	1.4279485E-001
1.21925	1.2974930E-001
1.22075	9.2147827E-002
1.22225	6.8286896E-002
1.22375	3.3340693E-002
1.22525	4.6937466E-003
1.22675	-2.5728941E-002
1.22825	-5.8315516E-002
1.22975	-7.2499990E-002
1.23125	-1.0503173E-001
1.23275	-1.2963510E-001
1.23425	-1.5747213E-001
1.23575	-1.6463327E-001
1.23725	-1.6782331E-001
1.23875	-1.6571641E-001
1.24025	-1.1791492E-001
1.24175	-5.6862593E-002
1.24325	1.8647671E-002
1.24475	8.5456848E-002
1.24625	1.3927627E-001
1.24775	1.9215584E-001
1.24925	2.1326399E-001
1.25075	2.2059917E-001
1.25225	2.2431207E-001
1.25375	2.0562363E-001
1.25525	1.8060565E-001
1.25675	1.5212035E-001
1.25825	1.3075566E-001
1.25975	1.0531592E-001
1.26125	7.0006132E-002
1.26275	4.9519539E-002
1.26425	2.6875496E-002
1.26575	-4.6057701E-003
1.26725	-3.2297611E-002
1.26875	-5.3927183E-002
1.27025	-7.5155020E-002
1.27175	-1.1268544E-001
1.27325	-1.3050485E-001
1.27475	-1.4002728E-001
1.27625	-1.4688277E-001
1.27775	-1.4505243E-001
1.27925	-1.3793015E-001
1.28075	-7.6939821E-002
1.28225	-6.4311028E-003
1.28375	5.3037167E-002
1.28525	1.1202407E-001
1.28675	1.6297960E-001
1.28825	1.9529390E-001
1.28975	2.0922923E-001
1.29125	2.0734262E-001
1.29275	1.9939852E-001
1.29425	1.7966175E-001
1.29575	1.4874053E-001
1.29725	1.2549114E-001
1.29875	1.0222149E-001
1.30025	7.3403835E-002
1.30175	5.1580191E-002
1.30325	2.1269321E-002
1.30475	8.2588196E-004
1.30625	-2.3666382E-002
1.30775	-4.5646429E-002
1.30925	-7.6656818E-002
1.31075	-1.0353899E-001
1.31225	-1.1307812E-001
1.31375	-1.3072276E-001
1.31525	-1.3545227E-001
1.31675	-1.4236784E-001
1.31825	-1.1495686E-001
1.31975	-8.4191322E-002
1.32125	-3.9271593E-002
1.32275	2.2826910E-002
1.32425	7.7488184E-002
1.32575	1.3653755E-001
1.32725	1.8597770E-001
1.32875	2.1505594E-001
1.33025	2.1775389E-001
1.33175	2.1040440E-001
1.33325	2.0755816E-001
1.33475	1.7765093E-001
1.33625	1.4436102E-001
1.33775	1.2278509E-001
1.33925	9.9742413E-002
1.34075	8.4035397E-002
1.34225	5.3579092E-002
1.34375	3.2638073E-002
1.34525	1.1489391E-002
1.34675	-2.7611494E-002
1.34825	-5.6373596E-002
1.34975	-9.5153570E-002
1.35125	-1.2419319E-001
1.35275	-1.5318084E-001
1.35425	-1.6301537E-001
1.35575	-1.5508175E-001
1.35725	-1.3073540E-001
1.35875	-9.5679522E-002
1.36025	-6.5047979E-002
1.36175	4.7976971E-003
1.36325	7.1110487E-002
1.36475	1.1683893E-001
1.36625	1.4239240E-001
1.36775	1.7494082E-001
1.36925	1.8274736E-001
1.37075	1.8787980E-001
1.37225	1.7782688E-001
1.37375	1.7570972E-001
1.37525	1.6685510E-001
1.37675	1.5079927E-001
1.37825	1.4480257E-001
1.37975	1.1910963E-001
1.38125	9.5891714E-002
1.38275	7.1253777E-002
1.38425	4.7463894E-002
1.38575	2.5121927E-002
1.38725	-8.7065697E-003
1.38875	-2.8433561E-002
1.39025	-5.3018093E-002
1.39175	-8.2993269E-002
1.39325	-1.0525107E-001
1.39475	-1.3843632E-001
1.39625	-1.4761019E-001
1.39775	-1.1972380E-001
1.39925	-7.3719025E-002
1.40075	-1.1491776E-002
1.40225	8.1758738E-002
1.40375	1.3487577E-001
1.40525	1.7411399E-001
1.40675	1.9198108E-001
1.40825	2.1258140E-001
1.40975	2.0846081E-001
1.41125	1.9068241E-001
1.41275	1.7671013E-001
1.41425	1.7850828E-001
1.41575	1.7050123E-001
1.41725	1.4804149E-001
1.41875	1.4226961E-001
1.42025	1.3254285E-001
1.42175	1.0943389E-001
1.42325	8.1154585E-002
1.42475	5.4928780E-002
1.42625	3.6683321E-002
1.42775	-3.6361217E-003
1.42925	-3.8482904E-002
1.43075	-3.6029577E-002
1.43225	-5.8609724E-002
1.43375	-8.2583666E-002
1.43525	-1.0268521E-001
1.43675	-9.6072435E-002
1.43825	-8.2859039E-002
1.43975	-7.2599888E-002
1.44125	-1.8742561E-002
1.44275	5.2505016E-002
1.44425	1.2520981E-001
1.44575	1.5236115E-001
1.44725	1.7601967E-001
1.44875	1.9123888E-001
1.45025	1.9325900E-001
1.45175	1.8310118E-001
1.45325	1.7275238E-001
1.45475	1.7298770E-001
1.45625	1.6643786E-001
1.45775	1.5333796E-001
1.45925	1.4174819E-001
1.46075	1.2967277E-001
1.46225	1.0340118E-001
1.46375	8.2185745E-002
1.46525	5.6477070E-002
1.46675	3.1584501E-002
1.46825	4.5666695E-003
1.46975	-1.7956972E-002
1.47125	-2.1601200E-002
1.47275	-3.8978100E-002
1.47425	-4.8910856E-002
1.47575	-4.0240526E-002
1.47725	-1.1802197E-002
1.47875	1.3581753E-002
1.48025	2.8754711E-002
1.48175	6.9472313E-002
1.48325	1.0174012E-001
1.48475	1.2005234E-001
1.48625	1.3426399E-001
1.48775	1.4707637E-001
1.48925	1.6079187E-001
1.49075	1.7116070E-001
1.49225	1.6731334E-001
1.49375	1.6228175E-001
1.49525	1.4445210E-001
1.49675	1.2306952E-001
1.49825	1.0679841E-001
1.49975	8.7536573E-002
1.50125	6.8858862E-002
1.50275	5.8556318E-002
1.50425	4.3506861E-002
1.50575	4.0561676E-002
1.50725	1.6882658E-002
1.50875	2.1946430E-003
1.51025	-6.3588619E-003
1.51175	-2.7866602E-002
1.51325	-1.9518852E-002
1.51475	-3.8114548E-002
1.51625	-1.7799616E-002
1.51775	-2.7052879E-002
1.51925	-4.1017532E-003
1.52075	3.7688971E-002
1.52225	5.7781458E-002
1.52375	1.0045457E-001
1.52525	1.1705017E-001
1.52675	1.2621427E-001
1.52825	1.4074159E-001
1.52975	1.4161587E-001
1.53125	1.3026524E-001
1.53275	1.1867070E-001
1.53425	1.1281490E-001
1.53575	1.0675883E-001
1.53725	9.4600916E-002
1.53875	7.9339743E-002
1.54025	7.6240301E-002
1.54175	6.9904804E-002
1.54325	5.6297541E-002
1.54475	4.9282789E-002
1.54625	3.6028862E-002
1.54775	3.2284260E-002
1.54925	2.9482126E-002
1.55075	1.5960693E-002
1.55225	1.7066717E-002
1.55375	1.0382652E-002
1.55525	1.9481182E-002
1.55675	2.8600216E-002
1.55825	4.1691780E-002
1.55975	8.9878321E-002
1.56125	1.1206985E-001
1.56275	1.3171792E-001
1.56425	1.4271307E-001
1.56575	1.5273809E-001
1.56725	1.6151810E-001
1.56875	1.6231656E-001
1.57025	1.6407061E-001
1.57175	1.5631890E-001
1.57325	1.4538455E-001
1.57475	1.3655686E-001
1.57625	1.2799692E-001
1.57775	1.1757350E-001
1.57925	1.0645819E-001
1.58075	1.0144663E-001
1.58225	1.0281324E-001
1.58375	1.0075855E-001
1.58525	9.8215580E-002
1.58675	9.9764347E-002
1.58825	1.0380363E-001
1.58975	1.0542798E-001
1.59125	1.0397100E-001
1.59275	1.0279465E-001
1.59425	1.1202812E-001
1.59575	1.1670828E-001
1.59725	1.1725473E-001
1.59875	1.1323619E-001
1.60025	1.0968447E-001
1.60175	1.0220003E-001
1.60325	8.7553740E-002
1.60475	7.2774887E-002
1.60625	6.9405794E-002
1.60775	6.8072796E-002
1.60925	6.3592196E-002
1.61075	5.8298826E-002
1.61225	5.2781820E-002
1.61375	4.6403408E-002
1.61525	4.2848825E-002
1.61675	3.6974192E-002
1.61825	3.1212091E-002
1.61975	2.8770924E-002
1.62125	2.7687311E-002
1.62275	2.5140047E-002
1.62425	1.9615173E-002
1.62575	1.5491009E-002
1.62725	1.3125420E-002
1.62875	1.0283470E-002
1.63025	7.3888302E-003
1.63175	6.8472624E-003
1.63325	6.2310696E-003
1.63475	5.2053928E-003
1.63625	4.1993856E-003
1.63775	9.0074539E-004
1.63925	-3.0415058E-003
1.64075	-7.6937675E-003
1.64225	-1.0458112E-002
1.64375	-1.2504458E-002
1.64525	-1.4876127E-002
1.64675	-1.7610312E-002
1.64825	-1.9641638E-002
1.64975	-2.1813869E-002
1.65125	-2.4477482E-002
1.65275	-2.6678324E-002
1.65425	-3.0367374E-002
1.65575	-2.9058456E-002
1.65725	-2.8130054E-002
1.65875	-2.7135849E-002
1.66025	-2.8791428E-002
1.66175	-3.0508995E-002
1.66325	-3.0055285E-002
1.66475	-3.2352209E-002
1.66625	-3.6118507E-002
1.66775	-3.5183907E-002
1.66925	-2.7055979E-002
1.67075	-2.3760796E-002
1.67225	-2.0624399E-002
1.67375	-1.2475491E-002
1.67525	-4.8806667E-003
1.67675	1.0904551E-002
1.67825	1.7517805E-002
1.67975	4.1447401E-002
1.68125	3.7805080E-002
1.68275	4.8613548E-002
1.68425	4.0522337E-002
1.68575	-1.6268492E-002
1.68725	-2.8089285E-002
1.68875	-5.1436424E-002
1.69025	-5.2502632E-002
1.69175	-7.7741861E-002
1.69325	-8.3118200E-002
1.69475	-8.3282471E-002
1.69625	-9.4691753E-002
1.69775	-1.0607243E-001
1.69925	-1.1869574E-001
1.70075	-1.2881708E-001
1.70225	-1.3683343E-001
1.70375	-1.4488769E-001
1.70525	-1.5793657E-001
1.70675	-1.5568614E-001
1.70825	-1.5214252E-001
1.70975	-1.5080667E-001
1.71125	-1.4143014E-001
1.71275	-1.1126018E-001
1.71425	-8.9986324E-002
1.71575	-1.8662930E-002
1.71725	6.8037033E-002
1.71875	1.5260124E-001
1.72025	2.3888063E-001
1.72175	3.1130457E-001
1.72325	3.6757708E-001
1.72475	3.4418631E-001
1.72625	2.6530457E-001
1.72775	2.1246290E-001
1.72925	1.6014385E-001
1.73075	1.1025906E-001
1.73225	6.9041729E-002
1.73375	2.1087170E-002
1.73525	1.3460159E-002
1.73675	-2.9221535E-002
1.73825	-5.0208092E-002
1.73975	-6.1258316E-002
1.74125	-8.0986023E-002
1.74275	-1.0081196E-001
1.74425	-1.3429832E-001
1.74575	-1.4701748E-001
1.74725	-1.5979528E-001
1.74875	-1.8415928E-001
1.75025	-2.2461319E-001
1.75175	-2.0157051E-001
1.75325	-1.5549517E-001
1.75475	-1.2100506E-001
1.75625	-6.7629337E-002
1.75775	6.7567825E-004
1.75925	1.0198879E-001
1.76075	1.6626644E-001
1.76225	2.4580288E-001
1.76375	3.7956810E-001
1.76525	4.0692806E-001
1.76675	4.1911459E-001
1.76825	3.9838314E-001
1.76975	3.6190701E-001
1.77125	3.0284309E-001
1.77275	2.5579309E-001
1.77425	2.0978212E-001
1.77575	1.7192936E-001
1.77725	1.1215067E-001
1.77875	7.1686745E-002
1.78025	6.0352802E-002
1.78175	2.3166180E-002
1.78325	-3.0717850E-003
1.78475	-3.7587166E-002
1.78625	-5.0632000E-002
1.78775	-6.1823368E-002
1.78925	-1.0598564E-001
1.79075	-1.3888073E-001
1.79225	-1.7193413E-001
1.79375	-2.0820236E-001
1.79525	-1.9875145E-001
1.79675	-1.3436317E-001
1.79825	-1.0769272E-001
1.79975	1.5647888E-002
1.80125	1.3974571E-001
1.80275	2.8197479E-001
1.80425	3.9501953E-001
1.80575	4.2745924E-001
1.80725	4.4762230E-001
1.80875	4.9446201E-001
1.81025	4.6883869E-001
1.81175	4.0075827E-001
1.81325	3.1157160E-001
1.81475	2.5329018E-001
1.81625	2.3278809E-001
1.81775	1.1245918E-001
1.81925	5.3293228E-002
1.82075	-4.9858093E-003
1.82225	-1.0180950E-002
1.82375	-1.4799118E-002
1.82525	-6.2541485E-002
1.82675	-7.6249599E-002
1.82825	-9.2108727E-002
1.82975	-7.9529762E-002
1.83125	-1.2874794E-001
1.83275	-1.7178535E-001
1.83425	-1.8810034E-001
1.83575	-1.4655399E-001
1.83725	-1.6031218E-001
1.83875	-2.4745035E-001
1.84025	2.4149418E-002
1.84175	1.5391874E-001
1.84325	2.9682970E-001
1.84475	4.6968699E-001
1.84625	5.8530235E-001
1.84775	7.3255253E-001
1.84925	6.8967772E-001
1.85075	6.7930937E-001
1.85225	6.1272955E-001
1.85375	5.6329393E-001
1.85525	4.7313213E-001
1.85675	3.0165720E-001
1.85825	3.0344915E-001
1.85975	2.0591784E-001
1.86125	1.8179035E-001
1.86275	4.0133953E-002
1.86425	7.7400208E-003
1.86575	-1.5556335E-002
1.86725	-8.1078529E-002
1.86875	-3.5555363E-002
1.87025	-6.6016674E-002
1.87175	-9.0759277E-002
1.87325	-1.3150215E-001
1.87475	-1.2532902E-001
1.87625	-1.9106674E-001
1.87775	-3.2190561E-001
1.87925	-3.6566925E-001
1.88075	-2.0865107E-001
1.88225	-2.9319286E-002
1.88375	3.9272308E-003
1.88525	1.0560751E-001
1.88675	3.0825567E-001
1.88825	4.6580362E-001
1.88975	4.8354006E-001
1.89125	4.8399448E-001
1.89275	5.6326246E-001
1.89425	6.1472702E-001
1.89575	5.2233982E-001
1.89725	4.4585609E-001
1.89875	4.1521692E-001
1.90025	3.2346010E-001
1.90175	2.4836683E-001
1.90325	1.0411310E-001
1.90475	1.2709665E-001
1.90625	6.3738823E-002
1.90775	-1.8193722E-002
1.90925	-7.0253372E-002
1.91075	-1.4594030E-001
1.91225	-1.2565947E-001
1.91375	-2.6211500E-001
1.91525	-2.9743719E-001
1.91675	-2.4223661E-001
1.91825	-2.2079086E-001
1.91975	-1.5407705E-001
1.92125	-1.9716406E-001
1.92275	-1.5450096E-001
1.92425	3.9800644E-002
1.92575	1.2175703E-001
1.92725	3.0008173E-001
1.92875	3.7296057E-001
1.93025	4.9526548E-001
1.93175	5.8280849E-001
1.93325	5.6133318E-001
1.93475	5.7724953E-001
1.93625	5.4477978E-001
1.93775	5.5501175E-001
1.93925	4.7731829E-001
1.94075	4.4723320E-001
1.94225	3.6513042E-001
1.94375	3.2054090E-001
1.94525	1.9839907E-001
1.94675	9.2950344E-002
1.94825	1.0604715E-001
1.94975	-2.4597645E-002
1.95125	-2.7225494E-002
1.95275	-1.2261486E-001
1.95425	-1.4433813E-001
1.95575	-1.2445736E-001
1.95725	-2.4644327E-001
1.95875	-1.6852236E-001
1.96025	-1.6307878E-001
1.96175	-8.4072113E-002
1.96325	1.8817902E-002
1.96475	-1.0630608E-002
1.96625	4.8358440E-002
1.96775	1.3600779E-001
1.96925	1.5235806E-001
1.97075	2.2168255E-001
1.97225	2.6757002E-001
1.97375	3.3577347E-001
1.97525	3.7631512E-001
1.97675	3.6122274E-001
1.97825	4.7603941E-001
1.97975	4.6564054E-001
1.98125	4.6312189E-001
1.98275	4.4741583E-001
1.98425	4.4100094E-001
1.98575	3.6033201E-001
1.98725	2.6818848E-001
1.98875	2.4569654E-001
1.99025	1.4666796E-001
1.99175	7.2585583E-002
1.99325	-3.2032967E-002
1.99475	-3.7549973E-002
1.99625	-1.0193300E-001
1.99775	-2.4215317E-001
1.99925	-3.0804825E-001
2.00075	-3.7309885E-001
2.00225	-2.0462418E-001
2.00375	-2.4373579E-001
2.00525	-1.3403225E-001
2.00675	9.8357201E-003
2.00825	4.9585342E-002
2.00975	1.7010069E-001
2.01125	1.6342449E-001
2.01275	2.6815081E-001
2.01425	2.9174089E-001
2.01575	2.6296091E-001
2.01725	2.8858995E-001
2.01875	2.4217749E-001
2.02025	2.8361702E-001
2.02175	2.6260376E-001
2.02325	2.2140074E-001
2.02475	2.5875235E-001
2.02625	2.7677488E-001
2.02775	2.1899462E-001
2.02925	1.1168289E-001
2.03075	2.5312424E-002
2.03225	-6.8629265E-002
2.03375	-2.1852255E-001
2.03525	-2.6931334E-001
2.03675	-3.1611156E-001
2.03825	-2.1945238E-001
2.03975	-1.2053394E-001
2.04125	-4.7372818E-002
2.04275	-7.0360184E-002
2.04425	-6.4424992E-002
2.04575	-3.2645702E-002
2.04725	-9.9140167E-002
2.04875	-1.4342976E-001
2.05025	-1.8688726E-001
2.05175	-1.6907501E-001
2.05325	-1.4437199E-001
2.05475	-1.4285707E-001
2.05625	-7.4935436E-002
2.05775	-3.1101704E-002
2.05925	1.7490387E-002
2.06075	9.6957207E-002
2.06225	1.2016582E-001
2.06375	1.9480371E-001
2.06525	2.3112440E-001
2.06675	2.5125313E-001
2.06825	1.9292688E-001
2.06975	1.7134619E-001
2.07125	2.1593666E-001
2.07275	1.6361380E-001
2.07425	7.8349113E-002
2.07575	-1.0206699E-002
2.07725	-4.0676117E-002
2.07875	-1.2281466E-001
2.08025	-2.0106792E-001
2.08175	-1.8473101E-001
2.08325	-1.6815996E-001
2.08475	-2.2027016E-001
2.08625	-2.6648664E-001
2.08775	-2.0428753E-001
2.08925	-1.6576719E-001
2.09075	-2.3012972E-001
2.09225	-1.9648314E-001
2.09375	-9.5704556E-002
2.09525	-1.6972065E-002
2.09675	-8.4877014E-004
2.09825	-1.5692234E-002
2.09975	1.1861801E-002
2.10125	-1.1963844E-003
2.10275	-8.4347248E-002
2.10425	-9.7667694E-002
2.10575	-1.2966633E-001
2.10725	-1.3683271E-001
2.10875	-1.1188698E-001
2.11025	2.6402950E-002
2.11175	3.8226128E-002
2.11325	-4.6983242E-002
2.11475	-7.0480824E-002
2.11625	-7.1088314E-002
2.11775	-1.0907269E-001
2.11925	-2.3567772E-001
2.12075	-1.5300703E-001
2.12225	-2.8512001E-002
2.12375	-2.6655674E-002
2.12525	-8.2221031E-003
2.12675	6.5803528E-004
2.12825	4.6185017E-002
2.12975	1.3868809E-002
2.13125	-2.2637367E-002
2.13275	3.5712719E-002
2.13425	-1.6635895E-002
2.13575	7.9889774E-002
2.13725	7.8957558E-002
2.13875	1.3788700E-001
2.14025	1.8452835E-001
2.14175	1.7384577E-001
2.14325	2.3525476E-001
2.14475	1.9539022E-001
2.14625	2.4641514E-001
2.14775	2.2075605E-001
2.14925	1.8173218E-001
2.15075	1.2560654E-001
2.15225	8.5131168E-002
2.15375	-1.8449783E-002
2.15525	-1.9462872E-001
2.15675	-9.1641903E-002
2.15825	-2.1289825E-002
2.15975	4.5892239E-002
2.16125	4.7911644E-002
2.16275	1.3248920E-002
2.16425	6.8544865E-002
2.16575	5.3431511E-002
2.16725	-2.7204990E-002
2.16875	-1.4688015E-002
2.17025	-2.2437096E-002
2.17175	-2.1824360E-002
2.17325	-7.6938152E-002
2.17475	-9.8561287E-002
2.17625	-1.2288570E-002
2.17775	-4.3532848E-002
2.17925	-7.6899529E-003
2.18075	2.6868820E-002
2.18225	1.0163498E-001
2.18375	1.4348698E-001
2.18525	1.6835356E-001
2.18675	1.9176483E-001
2.18825	2.0636940E-001
2.18975	3.0789232E-001
2.19125	2.8469706E-001
2.19275	3.1562138E-001
2.19425	2.1895361E-001
2.19575	2.6025343E-001
2.19725	2.4357891E-001
2.19875	1.8287468E-001
2.20025	1.3343287E-001
2.20175	8.8058949E-002
2.20325	7.4839115E-002
2.20475	-2.6486874E-002
2.20625	-5.6519985E-002
2.20775	-6.9589138E-002
2.20925	-1.6009331E-002
2.21075	-2.9949665E-002
2.21225	-4.1849613E-002
2.21375	-1.2232304E-002
2.21525	-2.5698185E-002
2.21675	-5.2242279E-002
2.21825	-7.3958874E-002
2.21975	-1.7017365E-002
2.22125	1.8393993E-002
2.22275	7.1241379E-002
2.22425	1.4131451E-001
2.22575	2.1230268E-001
2.22725	2.2380114E-001
2.22875	2.4535418E-001
2.23025	3.0536413E-001
2.23175	2.8724432E-001
2.23325	3.0105782E-001
2.23475	2.6177549E-001
2.23625	2.2441435E-001
2.23775	1.1811972E-001
2.23925	2.8496265E-002
2.24075	-1.2649059E-002
2.24225	-5.1967621E-002
2.24375	-5.9437752E-002
2.24525	-2.9334068E-002
2.24675	-1.7858028E-002
2.24825	-1.5819073E-002
2.24975	-3.6969185E-003
2.25125	3.0672073E-002
2.25275	3.5801888E-002
2.25425	2.9262543E-002
2.25575	2.3659229E-002
2.25725	3.5490513E-002
2.25875	4.8408031E-002
2.26025	2.5589943E-002
2.26175	4.2037964E-002
2.26325	8.3080292E-002
2.26475	9.5426083E-002
2.26625	1.0459995E-001
2.26775	1.3439226E-001
2.26925	1.8631935E-001
2.27075	2.3108959E-001
2.27225	1.7159796E-001
2.27375	2.5023556E-001
2.27525	2.5029516E-001
2.27675	1.9976568E-001
2.27825	1.1413336E-001
2.27975	8.8939667E-003
2.28125	-7.6624870E-002
2.28275	-7.9794884E-002
2.28425	-5.6178570E-002
2.28575	-5.2479267E-002
2.28725	-8.6381912E-002
2.28875	-8.0319881E-002
2.29025	-3.7279606E-002
2.29175	-5.9606552E-002
2.29325	-7.6097012E-002
2.29475	-8.3316803E-002
2.29625	-4.5205116E-002
2.29775	-3.4094810E-002
2.29925	-2.9241085E-002
2.30075	-5.0969124E-003
2.30225	1.5942574E-002
2.30375	5.0343037E-002
2.30525	6.1467648E-002
2.30675	6.8353176E-002
2.30825	9.9693775E-002
2.30975	1.3107824E-001
2.31125	1.9655752E-001
2.31275	1.8029356E-001
2.31425	1.6982889E-001
2.31575	2.7424765E-001
2.31725	2.2770834E-001
2.31875	1.8317461E-001
2.32025	8.1118584E-002
2.32175	8.1920624E-002
2.32325	9.9262714E-002
2.32475	5.5670261E-002
2.32625	4.4662952E-002
2.32775	5.1095009E-002
2.32925	5.4138660E-002
2.33075	6.8726540E-002
2.33225	4.0388107E-002
2.33375	5.7795048E-002
2.33525	4.7607899E-002
2.33675	4.0933609E-002
2.33825	4.6469212E-002
2.33975	5.4392815E-002
2.34125	9.7494125E-002
2.34275	9.5562935E-002
2.34425	1.2795115E-001
2.34575	1.6160965E-001
2.34725	2.1680880E-001
2.34875	2.3821306E-001
2.35025	2.4655008E-001
2.35175	2.7642155E-001
2.35325	3.1964064E-001
2.35475	3.0079651E-001
2.35625	2.7737617E-001
2.35775	2.3394632E-001
2.35925	2.0107079E-001
2.36075	1.9653320E-001
2.36225	1.7273617E-001
2.36375	1.7265892E-001
2.36525	1.2548208E-001
2.36675	1.3194084E-001
2.36825	1.2916422E-001
2.36975	1.2743974E-001
2.37125	1.2804532E-001
2.37275	1.2238789E-001
2.37425	1.2459135E-001
2.37575	1.2451911E-001
2.37725	1.2294149E-001
2.37875	1.2826180E-001
2.38025	1.3184643E-001
2.38175	1.4279962E-001
2.38325	1.5642643E-001
2.38475	1.7129230E-001
2.38625	2.0474005E-001
2.38775	2.1152949E-001
2.38925	2.4272990E-001
2.39075	2.6817489E-001
2.39225	3.1391621E-001
2.39375	3.3028030E-001
2.39525	3.1146193E-001
2.39675	3.0313730E-001
2.39825	2.3974514E-001
2.39975	1.8763304E-001
2.40125	1.1414194E-001
2.40275	7.3021889E-002
2.40425	4.8577547E-002
2.40575	1.5733480E-002
2.40725	2.1398067E-003
2.40875	-4.2448044E-003
2.41025	-9.2432499E-003
2.41175	-1.3608932E-002
2.41325	-1.4591455E-002
2.41475	-1.5168905E-002
2.41625	-1.0326862E-002
2.41775	-1.2128353E-002
2.41925	-7.6787472E-003
2.42075	-5.4364204E-003
2.42225	-5.8853626E-003
2.42375	-8.1202984E-003
2.42525	-1.0362387E-002
2.42675	-9.6962452E-003
2.42825	-7.2584152E-003
2.42975	-8.8608265E-003
2.43125	-7.2350502E-003
2.43275	-5.3009987E-003
2.43425	-4.8217773E-003
2.43575	-2.1116734E-003
2.43725	-3.4425259E-003
2.43875	-3.0803680E-004
2.44025	-3.3140182E-004
2.44175	3.6954880E-003
2.44325	5.7113171E-003
2.44475	7.8415871E-003
2.44625	1.0048866E-002
2.44775	1.2592554E-002
2.44925	1.6678810E-002
2.45075	1.7158985E-002
2.45225	2.1905422E-002
2.45375	2.3664713E-002
2.45525	2.7076960E-002
2.45675	3.0571938E-002
2.45825	3.3584118E-002
2.45975	4.1741848E-002
2.46125	4.2051315E-002
2.46275	4.4688702E-002
2.46425	4.7227859E-002
2.46575	4.7845602E-002
2.46725	5.2388191E-002
2.46875	5.5578232E-002
2.47025	7.0544958E-002
2.47175	8.6374998E-002
2.47325	1.1495996E-001
2.47475	1.4190888E-001
2.47625	1.8212986E-001
2.47775	2.1175337E-001
2.47925	2.5250673E-001
2.48075	2.4602795E-001
2.48225	1.9068146E-001
2.48375	1.4913225E-001
2.48525	7.9871178E-002
2.48675	1.1157513E-002
2.48825	-3.1247616E-002
2.48975	-5.7888508E-002
2.49125	-6.7087889E-002
2.49275	-9.3842983E-002
2.49425	-1.2918639E-001
2.49575	-1.2938476E-001
2.49725	-1.3764620E-001
2.49875	-1.3861132E-001
2.50025	-1.4986157E-001
2.50175	-1.5827727E-001
2.50325	-1.3865924E-001
2.50475	-1.3171148E-001
2.50625	-1.3473988E-001
2.50775	-1.4036369E-001
2.50925	-1.5552425E-001
2.51075	-1.3292170E-001
2.51225	-1.2553644E-001
2.51375	-8.3662987E-002
2.51525	-4.9669743E-002
2.51675	-1.7366409E-003
2.51825	6.9014072E-002
2.51975	1.9596720E-001
2.52125	2.4627161E-001
2.52275	3.1005049E-001
2.52425	3.3579063E-001
2.52575	3.1468058E-001
2.52725	2.6640463E-001
2.52875	2.2574663E-001
2.53025	1.6857433E-001
2.53175	9.6885681E-002
2.53325	4.9520016E-002
2.53475	1.8230438E-002
2.53625	1.2675285E-002
2.53775	-3.5262108E-002
2.53925	-3.6638260E-002
2.54075	-7.2837353E-002
2.54225	-1.3949347E-001
2.54375	-1.7248631E-001
2.54525	-1.9009399E-001
2.54675	-2.0847940E-001
2.54825	-2.4853373E-001
2.54975	-2.4320507E-001
2.55125	-1.6433287E-001
2.55275	-7.5771809E-002
2.55425	-5.8208466E-002
2.55575	4.3191910E-002
2.55725	1.1273909E-001
2.55875	2.3377848E-001
2.56025	2.9685879E-001
2.56175	2.7823734E-001
2.56325	2.7522993E-001
2.56475	2.6681805E-001
2.56625	2.5172424E-001
2.56775	2.5333929E-001
2.56925	1.6118717E-001
2.57075	1.6684675E-001
2.57225	1.6318655E-001
2.57375	1.2285233E-001
2.57525	9.2069626E-002
2.57675	3.6437035E-002
2.57825	2.5591373E-002
2.57975	-6.6112995E-002
2.58125	-1.0375643E-001
2.58275	-1.8499374E-001
2.58425	-2.3128319E-001
2.58575	-2.3869896E-001
2.58725	-2.1970701E-001
2.58875	-1.7306709E-001
2.59025	-2.1899366E-001
2.59175	-2.1173668E-001
2.59325	-1.6002989E-001
2.59475	-2.2498846E-001
2.59625	-2.6913214E-001
2.59775	-1.6010475E-001
2.59925	-5.2721977E-002
2.60075	6.4692497E-002
2.60225	9.9716663E-002
2.60375	1.8105412E-001
2.60525	1.8602514E-001
2.60675	2.3621750E-001
2.60825	1.8787050E-001
2.60975	1.8124914E-001
2.61125	2.0667028E-001
2.61275	1.2349939E-001
2.61425	7.7073574E-002
2.61575	1.9862652E-002
2.61725	-1.8514156E-002
2.61875	-6.8023682E-002
2.62025	-1.5535116E-001
2.62175	-1.5508509E-001
2.62325	-1.8226671E-001
2.62475	-2.7376080E-001
2.62625	-3.2690191E-001
2.62775	-3.0474091E-001
2.62925	-3.9917660E-001
2.63075	-4.1150856E-001
2.63225	-3.6447859E-001
2.63375	-2.8320789E-001
2.63525	-2.2104454E-001
2.63675	-2.6956034E-001
2.63825	-1.0814285E-001
2.63975	1.0031128E-001
2.64125	2.0064688E-001
2.64275	2.9853058E-001
2.64425	3.2172251E-001
2.64575	3.4863806E-001
2.64725	3.8860512E-001
2.64875	3.0142879E-001
2.65025	2.0057392E-001
2.65175	7.4401379E-002
2.65325	1.5574694E-001
2.65475	1.4178324E-001
2.65625	5.9060574E-002
2.65775	-3.4378529E-002
2.65925	-2.1008015E-002
2.66075	-5.6154728E-002
2.66225	-1.6294861E-001
2.66375	-2.0463228E-001
2.66525	-2.8527117E-001
2.66675	-1.9225025E-001
2.66825	-2.3528576E-001
2.66975	-2.3240376E-001
2.67125	-2.4823761E-001
2.67275	-3.2527447E-001
2.67425	-3.1412363E-001
2.67575	-4.3880701E-001
2.67725	-3.3232594E-001
2.67875	-1.8840647E-001
2.68025	-1.7522573E-001
2.68175	7.6454639E-002
2.68325	1.8619204E-001
2.68475	2.8708506E-001
2.68625	3.5516930E-001
2.68775	3.8106728E-001
2.68925	3.8837004E-001
2.69075	3.4540987E-001
2.69225	3.3645535E-001
2.69375	2.6511383E-001
2.69525	1.9528961E-001
2.69675	1.8293905E-001
2.69825	1.6274261E-001
2.69975	5.4784298E-002
2.70125	-6.5366268E-002
2.70275	-1.3860559E-001
2.70425	-2.1476698E-001
2.70575	-4.4388342E-001
2.70725	-6.5758896E-001
2.70875	-5.7584810E-001
2.71025	-3.5834455E-001
2.71175	-3.3107185E-001
2.71325	-2.6047134E-001
2.71475	-2.2290468E-001
2.71625	-1.8174314E-001
2.71775	-1.0388851E-001
2.71925	-1.7508984E-001
2.72075	6.8506718E-002
2.72225	1.2768412E-001
2.72375	2.2117710E-001
2.72525	3.1084681E-001
2.72675	3.0799294E-001
2.72825	3.8966036E-001
2.72975	3.6452723E-001
2.73125	3.3278894E-001
2.73275	2.9776096E-001
2.73425	2.3233461E-001
2.73575	2.2860956E-001
2.73725	1.3613844E-001
2.73875	5.7011127E-002
2.74025	1.6955853E-002
2.74175	-6.1920166E-002
2.74325	-9.4845295E-002
2.74475	-2.0759344E-001
2.74625	-3.1012297E-001
2.74775	-4.4053888E-001
2.74925	-4.8519325E-001
2.75075	-4.0876818E-001
2.75225	-3.3459759E-001
2.75375	-3.0771017E-001
2.75525	-2.7792501E-001
2.75675	-2.4651861E-001
2.75825	-5.5406094E-002
2.75975	3.6229610E-002
2.76125	3.1701565E-002
2.76275	5.0998688E-002
2.76425	1.9508886E-001
2.76575	2.6144838E-001
2.76725	2.1401739E-001
2.76875	2.4166107E-001
2.77025	3.5663652E-001
2.77175	4.1220427E-001
2.77325	4.2154408E-001
2.77475	3.9615822E-001
2.77625	4.0449810E-001
2.77775	3.6215258E-001
2.77925	2.8652287E-001
2.78075	1.9129419E-001
2.78225	6.2191010E-002
2.78375	5.7672501E-002
2.78525	-5.8670044E-003
2.78675	-1.1768341E-003
2.78825	-9.4799519E-002
2.78975	-5.3722382E-002
2.79125	-6.5184593E-002
2.79275	-1.4266968E-001
2.79425	-2.0042324E-001
2.79575	-1.7805338E-001
2.79725	-4.2052746E-002
2.79875	-5.6468964E-002
2.80025	-4.5027733E-003
2.80175	1.4957952E-001
2.80325	2.4404478E-001
2.80475	2.0402813E-001
2.80625	1.9955206E-001
2.80775	2.6905298E-001
2.80925	3.0640554E-001
2.81075	3.3557320E-001
2.81225	3.1758308E-001
2.81375	2.8477335E-001
2.81525	2.9668427E-001
2.81675	3.4652376E-001
2.81825	2.9628992E-001
2.81975	2.4561357E-001
2.82125	1.7767191E-001
2.82275	1.9193172E-001
2.82425	1.0455227E-001
2.82575	-8.6593628E-002
2.82725	-4.8135757E-002
2.82875	-1.7137527E-001
2.83025	-1.5748692E-001
2.83175	-1.4186096E-001
2.83325	-5.2797794E-002
2.83475	-7.1151733E-002
2.83625	-1.3511276E-001
2.83775	-8.0785275E-002
2.83925	1.4152527E-003
2.84075	3.9190292E-002
2.84225	-2.6657581E-002
2.84375	6.6839218E-002
2.84525	8.7336063E-002
2.84675	1.2757492E-001
2.84825	1.1425209E-001
2.84975	1.8674469E-001
2.85125	2.0960474E-001
2.85275	1.9538021E-001
2.85425	2.3384714E-001
2.85575	1.8995237E-001
2.85725	2.1563625E-001
2.85875	1.0184336E-001
2.86025	7.9311848E-002
2.86175	1.0253906E-001
2.86325	1.6121864E-002
2.86475	-1.7476082E-003
2.86625	-8.0716610E-002
2.86775	-3.5094261E-002
2.86925	-5.2296162E-002
2.87075	-1.5056038E-001
2.87225	-1.3517618E-001
2.87375	-1.2117386E-001
2.87525	-1.0965109E-001
2.87675	-1.4736080E-001
2.87825	-1.4354801E-001
2.87975	-1.9553232E-001
2.88125	-1.4983988E-001
2.88275	-3.4554005E-002
2.88425	4.9297810E-002
2.88575	1.3651609E-001
2.88725	2.5602627E-001
2.88875	3.1554937E-001
2.89025	2.8530407E-001
2.89175	2.0888567E-001
2.89325	2.1345758E-001
2.89475	1.7122173E-001
2.89625	4.6631336E-002
2.89775	-5.7766438E-002
2.89925	4.6954155E-002
2.90075	9.6265316E-002
2.90225	1.0575294E-001
2.90375	9.7399235E-002
2.90525	1.5450764E-001
2.90675	2.1022797E-001
2.90825	1.5031481E-001
2.90975	1.4753866E-001
2.91125	3.3343315E-002
2.91275	1.7092705E-002
2.91425	2.9113770E-002
2.91575	1.2402534E-003
2.91725	2.1805763E-003
2.91875	3.1678200E-002
2.92025	1.3707447E-001
2.92175	1.6933060E-001
2.92325	1.2614632E-001
2.92475	5.3097725E-002
2.92625	5.6795120E-002
2.92775	3.4756660E-002
2.92925	3.9269447E-002
2.93075	4.5091629E-002
2.93225	7.4268341E-002
2.93375	1.0339499E-001
2.93525	1.8273306E-001
2.93675	1.9641209E-001
2.93825	2.1422768E-001
2.93975	2.3621082E-001
2.94125	2.4847126E-001
2.94275	2.7875233E-001
2.94425	2.4101114E-001
2.94575	2.4851847E-001
2.94725	2.5748444E-001
2.94875	2.1101856E-001
2.95025	1.7249250E-001
2.95175	1.2010765E-001
2.95325	1.6372299E-001
2.95475	1.7415285E-001
2.95625	9.2045307E-002
2.95775	1.4352894E-001
2.95925	1.7993116E-001
2.96075	1.5829039E-001
2.96225	8.0519199E-002
2.96375	1.4794445E-001
2.96525	1.3879442E-001
2.96675	2.3427677E-001
2.96825	2.0710373E-001
2.96975	2.2749138E-001
2.97125	3.2925177E-001
2.97275	3.2478285E-001
2.97425	3.2519579E-001
2.97575	2.6710081E-001
2.97725	3.0124521E-001
2.97875	2.9727793E-001
2.98025	2.6384258E-001
2.98175	2.3040724E-001
2.98325	2.5318527E-001
2.98475	2.3771429E-001
2.98625	2.0417547E-001
2.98775	2.1973038E-001
2.98925	1.7441225E-001
2.99075	1.8423128E-001
2.99225	1.6342258E-001
2.99375	1.8330193E-001
2.99525	1.3855743E-001
2.99675	1.3630152E-001
2.99825	1.5013409E-001
2.99975	9.7459793E-002
3.00125	6.4964771E-002
3.00275	8.2016468E-002
3.00425	6.7628384E-002
3.00575	1.3541460E-001
3.00725	5.9670448E-002
3.00875	6.6755772E-002
3.01025	1.9807816E-002
3.01175	5.3121090E-002
3.01325	8.6018085E-002
3.01475	7.5871944E-002
3.01625	1.1629295E-001
3.01775	1.1898661E-001
3.01925	1.4198780E-001
3.02075	1.1493778E-001
3.02225	1.3699818E-001
3.02375	1.1770868E-001
3.02525	1.1663437E-001
3.02675	1.3649797E-001
3.02825	2.3131418E-001
3.02975	2.3916292E-001
3.03125	2.6124096E-001
3.03275	2.3509073E-001
3.03425	2.3694944E-001
3.03575	2.2332382E-001
3.03725	1.3762093E-001
3.03875	2.1787167E-001
3.04025	2.6542234E-001
3.04175	2.5741816E-001
3.04325	2.0875931E-001
3.04475	2.2382069E-001
3.04625	1.7647314E-001
3.04775	8.5683346E-002
3.04925	-4.5185089E-002
3.05075	-1.9252777E-002
3.05225	3.7427902E-002
3.05375	-1.2246132E-002
3.05525	2.1937370E-002
3.05675	8.4514141E-002
3.05825	1.9659185E-001
3.05975	2.1644354E-001
3.06125	2.2460842E-001
3.06275	2.4968433E-001
3.06425	3.1894684E-001
3.06575	2.9109383E-001
3.06725	2.5704575E-001
3.06875	2.9422426E-001
3.07025	2.7717400E-001
3.07175	3.2776308E-001
3.07325	2.5171900E-001
3.07475	3.5525513E-001
3.07625	2.9487514E-001
3.07775	2.6480865E-001
3.07925	2.3389673E-001
3.08075	1.1968899E-001
3.08225	6.2421799E-002
3.08375	6.8055153E-002
3.08525	6.5265656E-002
3.08675	7.5058460E-002
3.08825	8.1440449E-002
3.08975	1.1111879E-001
3.09125	1.1689329E-001
3.09275	7.6315880E-002
3.09425	1.4873409E-001
3.09575	1.4263582E-001
3.09725	1.6819859E-001
3.09875	1.6173983E-001
3.10025	1.7901421E-001
3.10175	2.1931267E-001
3.10325	1.5561152E-001
3.10475	1.6179276E-001
3.10625	1.8442917E-001
3.10775	2.3451853E-001
3.10925	2.4883270E-001
3.11075	2.6301336E-001
3.11225	3.3696604E-001
3.11375	3.5513592E-001
3.11525	4.0965891E-001
3.11675	3.7334013E-001
3.11825	3.1637526E-001
3.11975	3.0794144E-001
3.12125	3.2896805E-001
3.12275	2.8060627E-001
3.12425	1.6764784E-001
3.12575	1.1812830E-001
3.12725	1.5552521E-001
3.12875	8.4043503E-002
3.13025	-1.0303020E-002
3.13175	-5.5827141E-002
3.13325	-2.4390221E-002
3.13475	-1.8147945E-002
3.13625	1.6770363E-003
3.13775	8.5479736E-002
3.13925	1.1196470E-001
3.14075	1.5050840E-001
3.14225	1.7529488E-001
3.14375	2.2856760E-001
3.14525	2.3112106E-001
3.14675	2.0605326E-001
3.14825	2.2598028E-001
3.14975	2.4517727E-001
3.15125	2.5126553E-001
3.15275	2.6998329E-001
3.15425	3.1916761E-001
3.15575	3.8329077E-001
3.15725	3.9162922E-001
3.15875	4.2851162E-001
3.16025	3.6237288E-001
3.16175	3.0399084E-001
3.16325	2.3837709E-001
3.16475	1.9799900E-001
3.16625	1.6120815E-001
3.16775	1.0739326E-001
3.16925	1.0304880E-001
3.17075	9.7681046E-002
3.17225	6.1457634E-002
3.17375	4.5311928E-002
3.17525	8.4217548E-002
3.17675	9.3931675E-002
3.17825	1.3283205E-001
3.17975	1.3721800E-001
3.18125	1.5208149E-001
3.18275	1.4690351E-001
3.18425	1.8417263E-001
3.18575	2.2980833E-001
3.18725	2.2897434E-001
3.18875	2.6288128E-001
3.19025	2.9682589E-001
3.19175	3.5228682E-001
3.19325	3.3417082E-001
3.19475	3.1785250E-001
3.19625	3.5721588E-001
3.19775	3.7843990E-001
3.19925	3.6061907E-001
3.20075	3.1951094E-001
3.20225	2.4959517E-001
3.20375	1.8036890E-001
3.20525	9.7901821E-002
3.20675	2.2520065E-002
3.20825	-3.5486221E-003
3.20975	-3.9943695E-002
3.21125	-5.8784485E-002
3.21275	-6.7389488E-002
3.21425	-7.5175047E-002
3.21575	-7.2463989E-002
3.21725	-7.4218035E-002
3.21875	-7.3145866E-002
3.22025	-7.1170807E-002
3.22175	-8.6633682E-002
3.22325	-7.5012684E-002
3.22475	-6.2345743E-002
3.22625	-6.6665411E-002
3.22775	-6.7295074E-002
3.22925	-6.1729431E-002
3.23075	-4.3295383E-002
3.23225	-5.4149151E-002
3.23375	-6.4946651E-002
3.23525	-5.6639910E-002
3.23675	-5.1392555E-002
3.23825	-4.9579620E-002
3.23975	-5.1815987E-002
3.24125	-4.3378115E-002
3.24275	-3.9117813E-002
3.24425	-3.8305044E-002
3.24575	-4.6888590E-002
3.24725	-4.9615383E-002
3.24875	-5.1998615E-002
3.25025	-5.0441027E-002
3.25175	-3.8646698E-002
3.25325	-4.2766333E-002
3.25475	-2.3021460E-002
3.25625	-1.8894196E-002
3.25775	-1.9153595E-002
3.25925	-1.5045166E-002
3.26075	-2.9184580E-002
3.26225	-1.6484976E-002
3.26375	-3.3004999E-002
3.26525	-2.4397612E-002
3.26675	-1.4734030E-002
3.26825	-1.1218548E-002
3.26975	8.6059570E-003
3.27125	6.5450668E-003
3.27275	5.8770180E-002
3.27425	9.1631413E-002
3.27575	1.4253664E-001
3.27725	1.8390465E-001
3.27875	2.3274088E-001
3.28025	3.2631588E-001
3.28175	3.6168289E-001
3.28325	3.5842848E-001
3.28475	3.8998032E-001
3.28625	3.7975883E-001
3.28775	2.6256990E-001
3.28925	1.1853361E-001
3.29075	-1.8233776E-002
3.29225	-4.0805817E-002
3.29375	-1.7216539E-001
3.29525	-2.1455812E-001
3.29675	-1.5206766E-001
3.29825	-1.7582417E-001
3.29975	-1.1525679E-001
3.30125	-1.4643717E-001
3.30275	-1.0857058E-001
3.30425	-9.5826626E-002
3.30575	-1.5980053E-001
3.30725	-1.2809753E-001
3.30875	-2.2503805E-001
3.31025	-2.9782963E-001
3.31175	-3.3786535E-001
3.31325	-4.1809130E-001
3.31475	-2.7612591E-001
3.31625	-3.6453581E-001
3.31775	-2.7979136E-001
3.31925	-9.8172665E-002
3.32075	-6.1085701E-002
3.32225	6.2624931E-002
3.32375	8.5829735E-002
3.32525	2.7080727E-001
3.32675	3.6280060E-001
3.32825	3.5374260E-001
3.32975	3.8545370E-001
3.33125	3.2613468E-001
3.33275	3.1731892E-001
3.33425	2.7767563E-001
3.33575	1.9633770E-001
3.33725	1.1725664E-001
3.33875	-5.0225258E-003
3.34025	-7.5126648E-002
3.34175	-1.3813066E-001
3.34325	-3.4006023E-001
3.34475	-3.5672903E-001
3.34625	-3.6433077E-001
3.34775	-3.2161427E-001
3.34925	-2.7370024E-001
3.35075	-2.9266262E-001
3.35225	-2.6524925E-001
3.35375	-1.9166517E-001
3.35525	-1.1315107E-001
3.35675	-6.2274456E-002
3.35825	1.1078024E-001
3.35975	1.4440823E-001
3.36125	2.0464897E-001
3.36275	2.6143599E-001
3.36425	2.8303003E-001
3.36575	3.5070372E-001
3.36725	2.8891897E-001
3.36875	3.9646816E-001
3.37025	4.3021059E-001
3.37175	4.5353603E-001
3.37325	4.4371796E-001
3.37475	4.0101910E-001
3.37625	3.4922028E-001
3.37775	2.2716713E-001
3.37925	1.5619612E-001
3.38075	3.9174080E-002
3.38225	-4.3234825E-002
3.38375	-1.2735415E-001
3.38525	-2.1270418E-001
3.38675	-1.2399721E-001
3.38825	-9.0970516E-002
3.38975	-1.4136600E-001
3.39125	-5.0672531E-002
3.39275	-3.9105415E-002
3.39425	-1.9935131E-002
3.39575	-8.1068516E-002
3.39725	-1.0055923E-001
3.39875	-6.4985752E-002
3.40025	-1.5270138E-001
3.40175	-1.1643171E-001
3.40325	-1.6711712E-002
3.40475	1.0604382E-002
3.40625	3.1509876E-002
3.40775	4.6145916E-002
3.40925	1.1345673E-001
3.41075	1.1872387E-001
3.41225	6.3068867E-002
3.41375	6.3164711E-002
3.41525	6.1187744E-002
3.41675	5.6843281E-002
3.41825	-1.7380714E-002
3.41975	-2.8138638E-002
3.42125	-4.2573929E-002
3.42275	-6.0261250E-002
3.42425	9.6017838E-002
3.42575	7.5758934E-002
3.42725	5.6973457E-002
3.42875	4.1484356E-002
3.43025	7.6521873E-002
3.43175	1.1294270E-001
3.43325	-2.4150848E-002
3.43475	-1.6883850E-002
3.43625	9.2680931E-002
3.43775	1.5093231E-001
3.43925	1.7038202E-001
3.44075	1.9056034E-001
3.44225	2.0963860E-001
3.44375	2.9869890E-001
3.44525	2.3923922E-001
3.44675	2.4875355E-001
3.44825	2.1370459E-001
3.44975	1.7183065E-001
3.45125	1.7401123E-001
3.45275	6.5979481E-002
3.45425	6.6462517E-002
3.45575	-3.8766861E-004
3.45725	-6.0462952E-004
3.45875	-1.2035370E-003
3.46025	-2.3703575E-003
3.46175	6.2574863E-002
3.46325	5.9457779E-002
3.46475	5.5037022E-002
3.46625	1.5848923E-001
3.46775	1.5187693E-001
3.46925	1.4502811E-001
3.47075	8.7703705E-002
3.47225	8.3155155E-002
3.47375	8.0981731E-002
3.47525	2.3563385E-002
3.47675	1.3592863E-001
3.47825	1.4124966E-001
3.47975	1.4781284E-001
3.48125	1.5466070E-001
3.48275	1.6095591E-001
3.48425	1.1499453E-001
3.48575	6.0877323E-002
3.48725	6.3508987E-002
3.48875	6.5141678E-002
3.49025	6.6068649E-002
3.49175	2.2145367E-001
3.49325	2.2168446E-001
3.49475	1.7602825E-001
3.49625	1.7606926E-001
3.49775	1.7608452E-001
3.49925	2.2184658E-001
3.50075	6.6946507E-002
3.50225	6.6946983E-002
3.50375	6.6946983E-002
3.50525	6.6946983E-002
3.50675	6.6946983E-002
3.50825	4.7683716E-007
3.50975	4.7683716E-007
3.51125	4.7683716E-007
3.51275	4.7683716E-007
3.51425	4.7683716E-007
3.51575	6.6946983E-002
3.51725	1.2493896E-001
3.51875	1.2493896E-001
3.52025	1.2493896E-001
3.52175	1.7609167E-001
3.52325	1.7609167E-001
3.52475	1.7609167E-001
3.52625	1.2493896E-001
3.52775	1.2493896E-001
3.52925	1.2493896E-001
3.53075	1.2493896E-001
3.53225	1.2493896E-001
3.53375	6.6946983E-002
3.53525	6.6946983E-002
3.53675	6.6946983E-002
3.53825	6.6946983E-002
3.53975	6.6946983E-002
3.54125	1.2493896E-001
3.54275	1.2493896E-001
3.54425	1.2493896E-001
3.54575	1.2493896E-001
3.54725	1.2493896E-001
3.54875	6.6946983E-002
3.55025	4.7683716E-007
3.55175	4.7683716E-007
3.55325	4.7683716E-007
3.55475	4.7683716E-007
3.55625	4.7683716E-007
3.55775	4.7683716E-007
3.55925	1.2493896E-001
3.56075	1.2493896E-001
3.56225	1.2493896E-001
3.56375	1.2493896E-001
3.56525	1.2493896E-001
3.56675	1.2493896E-001
3.56825	4.7683716E-007
3.56975	4.7683716E-007
3.57125	4.7683716E-007
3.57275	4.7683716E-007
3.57425	4.7683716E-007
3.57575	4.7683716E-007
3.57725	6.6946983E-002
3.57875	6.6946983E-002
3.58025	6.6946983E-002
3.58175	6.6946983E-002
3.58325	6.6946983E-002
3.58475	6.6946983E-002
3.58625	4.7683716E-007
3.58775	4.7683716E-007
3.58925	4.7683716E-007
3.59075	4.7683716E-007
3.59225	4.7683716E-007
3.59375	4.7683716E-007
3.59525	4.7683716E-007
3.59675	4.7683716E-007
3.59825	4.7683716E-007
3.59975	4.7683716E-007
3.60125	4.7683716E-007
3.60275	4.7683716E-007
3.60425	4.7683716E-007
3.60575	4.7683716E-007
3.60725	4.7683716E-007
3.60875	6.6946983E-002
3.61025	6.6946983E-002
3.61175	6.6946983E-002
3.61325	6.6946983E-002
3.61475	1.7609167E-001
3.61625	2.6324177E-001
3.61775	2.2184896E-001
3.61925	2.6324177E-001
3.62075	2.6324177E-001
3.62225	2.6324177E-001
3.62375	1.7609167E-001
3.62525	6.6946983E-002
3.62675	1.2493896E-001
3.62825	1.2493896E-001
3.62975	1.7609167E-001
3.63125	1.7609167E-001
3.63275	1.7609167E-001
3.63425	1.7609167E-001
3.63575	1.2493896E-001
3.63725	6.6946983E-002
3.63875	4.7683716E-007
3.64025	6.6946983E-002
3.64175	1.2493896E-001
3.64325	1.2493896E-001
3.64475	1.2493896E-001
3.64625	1.2493896E-001
3.64775	1.2493896E-001
3.64925	1.2493896E-001
3.65075	1.2493896E-001
3.65225	1.2493896E-001
3.65375	1.7609167E-001
3.65525	1.7609167E-001
3.65675	1.7609167E-001
3.65825	1.2493896E-001
3.65975	6.6946983E-002
3.66125	1.7609167E-001
3.66275	1.7609167E-001
3.66425	1.7609167E-001
3.66575	1.7609167E-001
3.66725	1.7609167E-001
3.66875	1.7609167E-001
3.67025	6.6946983E-002
3.67175	4.7683716E-007
3.67325	4.7683716E-007
3.67475	4.7683716E-007
3.67625	4.7683716E-007
3.67775	4.7683716E-007
3.67925	6.6946983E-002
3.68075	6.6946983E-002
3.68225	6.6946983E-002
3.68375	6.6946983E-002
3.68525	1.7609167E-001
3.68675	1.7609167E-001
3.68825	1.2493896E-001
3.68975	1.2493896E-001
3.69125	1.2493896E-001
3.69275	1.2493896E-001
3.69425	6.6946983E-002
3.69575	6.6946983E-002
3.69725	6.6946983E-002
3.69875	6.6946983E-002
3.70025	6.6946983E-002
3.70175	6.6946983E-002
3.70325	1.2493896E-001
3.70475	1.2493896E-001
3.70625	1.2493896E-001
3.70775	1.2493896E-001
3.70925	1.2493896E-001
3.71075	1.2493896E-001
3.71225	4.7683716E-007
3.71375	4.7683716E-007
3.71525	4.7683716E-007
3.71675	4.7683716E-007
3.71825	4.7683716E-007
3.71975	4.7683716E-007
3.72125	4.7683716E-007
3.72275	4.7683716E-007
3.72425	6.6946983E-002
3.72575	6.6946983E-002
3.72725	6.6946983E-002
3.72875	6.6946983E-002
3.73025	6.6946983E-002
3.73175	6.6946983E-002
3.73325	4.7683716E-007
3.73475	4.7683716E-007
3.73625	4.7683716E-007
3.73775	4.7683716E-007
3.73925	4.7683716E-007
3.74075	4.7683716E-007
3.74225	4.7683716E-007
3.74375	4.7683716E-007
3.74525	4.7683716E-007
3.74675	6.6946983E-002
3.74825	6.6946983E-002
3.74975	6.6946983E-002
3.75125	6.6946983E-002
3.75275	6.6946983E-002
3.75425	6.6946983E-002
3.75575	4.7683716E-007
3.75725	6.6946983E-002
3.75875	6.6946983E-002
3.76025	6.6946983E-002
3.76175	6.6946983E-002
3.76325	6.6946983E-002
3.76475	6.6946983E-002
3.76625	4.7683716E-007
3.76775	4.7683716E-007
3.76925	4.7683716E-007
3.77075	4.7683716E-007
3.77225	4.7683716E-007
3.77375	6.6946983E-002
3.77525	6.6946983E-002
3.77675	6.6946983E-002
3.77825	6.6946983E-002
3.77975	6.6946983E-002
3.78125	6.6946983E-002
3.78275	6.6946983E-002
3.78425	1.7609167E-001
3.78575	2.2184896E-001
3.78725	2.6324177E-001
3.78875	2.6324177E-001
3.79025	2.6324177E-001
3.79175	3.3579254E-001
3.79325	2.6324177E-001
3.79475	2.2184896E-001
3.79625	1.7609167E-001
3.79775	1.7609167E-001
3.79925	1.7609167E-001
3.80075	4.7683716E-007
3.80225	4.7683716E-007
3.80375	4.7683716E-007
3.80525	4.7683716E-007
3.80675	4.7683716E-007
3.80825	4.7683716E-007
3.80975	4.7683716E-007
3.81125	4.7683716E-007
3.81275	4.7683716E-007
3.81425	4.7683716E-007
3.81575	6.6946983E-002
3.81725	6.6946983E-002
3.81875	6.6946983E-002
3.82025	6.6946983E-002
3.82175	6.6946983E-002
3.82325	6.6946983E-002
3.82475	4.7683716E-007
3.82625	4.7683716E-007
3.82775	4.7683716E-007
3.82925	4.7683716E-007
3.83075	4.7683716E-007
3.83225	6.6946983E-002
3.83375	1.7609167E-001
3.83525	1.7609167E-001
3.83675	1.7609167E-001
3.83825	1.7609167E-001
3.83975	1.7609167E-001
3.84125	2.2184896E-001
3.84275	1.2493896E-001
3.84425	1.2493896E-001
3.84575	1.2493896E-001
3.84725	1.2493896E-001
3.84875	1.2493896E-001
3.85025	1.2493896E-001
3.85175	1.7609167E-001
3.85325	1.7609167E-001
3.85475	1.7609167E-001
3.85625	1.7609167E-001
3.85775	2.2184896E-001
3.85925	1.2493896E-001
3.86075	6.6946983E-002
3.86225	1.2493896E-001
3.86375	1.7609167E-001
3.86525	1.7609167E-001
3.86675	1.7609167E-001
3.86825	1.7609167E-001
3.86975	1.7609167E-001
3.87125	1.2493896E-001
3.87275	6.6946983E-002
3.87425	6.6946983E-002
3.87575	1.2493896E-001
3.87725	1.7609167E-001
3.87875	1.7609167E-001
3.88025	1.7609167E-001
3.88175	1.7609167E-001
3.88325	2.2184896E-001
3.88475	1.2493896E-001
3.88625	6.6946983E-002
3.88775	6.6946983E-002
3.88925	6.6946983E-002
3.89075	1.7609167E-001
3.89225	1.2493896E-001
3.89375	1.2493896E-001
3.89525	1.2493896E-001
3.89675	1.2493896E-001
3.89825	2.6324177E-001
3.89975	2.6324177E-001
3.90125	2.6324177E-001
3.90275	2.6324177E-001
3.90425	3.0103016E-001
3.90575	3.0103016E-001
3.90725	1.7609167E-001
3.90875	6.6946983E-002
3.91025	6.6946983E-002
3.91175	1.2493896E-001
3.91325	6.6946983E-002
3.91475	6.6946507E-002
3.91625	6.6945553E-002
3.91775	6.6942692E-002
3.91925	2.6322889E-001
3.92075	2.2181320E-001
3.92225	2.2175646E-001
3.92375	2.2162676E-001
3.92525	2.2135782E-001
3.92675	2.6223660E-001
3.92825	6.5044880E-002
3.92975	2.1851635E-001
3.93125	2.1644306E-001
3.93275	2.5511837E-001
3.93425	3.5666132E-001
3.93575	3.5335350E-001
3.93725	3.8039255E-001
3.93875	3.7837219E-001
3.94025	4.0567875E-001
3.94175	3.7837362E-001
3.94325	2.8348684E-001
3.94475	2.4862719E-001
3.94625	2.5194025E-001
3.94775	1.1683416E-001
3.94925	1.1955357E-001
3.95075	1.2162495E-001
3.95225	2.9913950E-001
3.95375	3.0002022E-001
3.95525	3.0049372E-001
3.95675	3.0065870E-001
3.95825	3.0052662E-001
3.95975	3.3472967E-001
3.96125	3.6558914E-001
3.96275	3.6287260E-001
3.96425	3.2561064E-001
3.96575	3.4907150E-001
3.96725	3.3530045E-001
3.96875	3.7334013E-001
3.97025	1.8408251E-001
3.97175	1.8943548E-001
3.97325	1.5282106E-001
3.97475	1.4919901E-001
3.97625	2.0180082E-001
3.97775	1.6735172E-001
3.97925	1.8900728E-001
3.98075	2.1152639E-001
3.98225	2.3680449E-001
3.98375	2.8387308E-001
3.98525	3.1682968E-001
3.98675	3.5550499E-001
3.98825	4.1392517E-001
3.98975	4.7615767E-001
3.99125	5.6428909E-001
3.99275	5.7756090E-001
3.99425	5.6807518E-001
3.99575	5.6716776E-001
3.99725	5.7430935E-001
3.99875	5.0276327E-001
4.00025	4.6015739E-001
4.00175	3.9250994E-001
4.00325	3.4996367E-001
4.00475	2.5352335E-001
4.00625	1.2512541E-001
4.00775	1.6820335E-001
4.00925	1.2260580E-001
4.01075	4.1124344E-002
4.01225	3.5422802E-002
4.01375	-2.5677681E-003
4.01525	1.8496990E-002
4.01675	2.8775215E-002
4.01825	1.8113613E-002
4.01975	2.9263496E-003
4.02125	-5.7281017E-002
4.02275	-5.2960396E-002
4.02425	-7.7604294E-002
4.02575	-7.7067375E-002
4.02725	-1.1518908E-001
4.02875	-7.2636604E-002
4.03025	-9.5462799E-003
4.03175	-3.1371117E-003
4.03325	8.5639954E-004
4.03475	-1.1529922E-002
4.03625	-1.2660980E-002
4.03775	-1.3630867E-002
4.03925	-4.9192429E-002
4.04075	-5.7435989E-002
4.04225	-6.4513683E-002
4.04375	-6.4584255E-002
4.04525	-6.1671734E-002
4.04675	-5.9482574E-002
4.04825	-1.2301922E-002
4.04975	3.7412643E-003
4.05125	3.4959793E-002
4.05275	3.1945705E-002
4.05425	6.5981865E-002
4.05575	4.9408913E-002
4.05725	1.7624378E-002
4.05875	1.8225193E-002
4.06025	4.8532486E-003
4.06175	4.1327953E-002
4.06325	1.3659954E-002
4.06475	3.7429333E-002
4.06625	4.1505814E-002
4.06775	5.8030605E-002
4.06925	4.8196316E-002
4.07075	4.8629761E-002
4.07225	7.1634293E-002
4.07375	9.6594334E-002
4.07525	1.2304640E-001
4.07675	1.1394310E-001
4.07825	1.7642546E-001
4.07975	1.5778303E-001
4.08125	1.6240835E-001
4.08275	2.1056938E-001
4.08425	2.6560211E-001
4.08575	2.9373741E-001
4.08725	2.7464533E-001
4.08875	3.7393808E-001
4.09025	4.2956161E-001
4.09175	3.4214449E-001
4.09325	2.9122877E-001
4.09475	2.4658108E-001
4.09625	1.4726639E-001
4.09775	-2.6788235E-002
4.09925	-6.6697121E-002
4.10075	-1.0668373E-001
4.10225	-1.4355755E-001
4.10375	-3.6720753E-002
4.10525	-2.3498535E-002
4.10675	-5.5465698E-003
4.10825	-4.8962593E-002
4.10975	-1.4605045E-002
4.11125	-6.8745613E-003
4.11275	-1.0524130E-001
4.11425	-1.2807131E-001
4.11575	-2.0773077E-001
4.11725	-1.7289782E-001
4.11875	-2.0139599E-001
4.12025	-1.6159487E-001
4.12175	-1.2305832E-001
4.12325	-8.8358879E-002
4.12475	-5.9485435E-002
4.12625	-3.7392616E-002
4.12775	4.5055389E-002
4.12925	5.5027008E-002
4.13075	6.0914040E-002
4.13225	6.4110279E-002
4.13375	6.5707684E-002
4.13525	6.6442490E-002
4.13675	-1.9550323E-004
4.13825	-8.3446503E-005
4.13975	-5.9604645E-005
4.14125	-8.1539154E-005
4.14275	-1.3542175E-004
4.14425	-2.1839142E-004
4.14575	-3.2663345E-004
4.14725	6.6498280E-002
4.14875	1.2437344E-001
4.15025	1.2428522E-001
4.15175	1.2424517E-001
4.15325	1.2426281E-001
4.15475	1.7548752E-001
4.15625	1.2444305E-001
4.15775	1.2456560E-001
4.15925	1.2468147E-001
4.16075	1.2477589E-001
4.16225	1.2484407E-001
4.16375	1.2488842E-001
4.16525	1.2491417E-001
4.16675	6.6936016E-002
4.16825	6.6942692E-002
4.16975	6.6945553E-002
4.17125	6.6946507E-002
4.17275	4.7683716E-007
4.17425	4.7683716E-007
4.17575	4.7683716E-007
4.17725	4.7683716E-007
4.17875	4.7683716E-007
4.18025	4.7683716E-007
4.18175	4.7683716E-007
4.18325	4.7683716E-007
4.18475	4.7683716E-007
4.18625	4.7683716E-007
4.18775	4.7683716E-007
4.18925	4.7683716E-007
4.19075	4.7683716E-007
4.19225	4.7683716E-007
4.19375	4.7683716E-007
4.19525	4.7683716E-007
4.19675	4.7683716E-007
4.19825	4.7683716E-007
4.19975	4.7683716E-007
4.20125	4.7683716E-007
4.20275	4.7683716E-007
4.20425	4.7683716E-007
4.20575	4.7683716E-007
4.20725	6.6946983E-002
4.20875	6.6946983E-002
4.21025	6.6946983E-002
4.21175	6.6946983E-002
4.21325	6.6946983E-002
4.21475	6.6946983E-002
4.21625	4.7683716E-007
4.21775	4.7683716E-007
4.21925	4.7683716E-007
4.22075	4.7683716E-007
4.22225	4.7683716E-007
4.22375	4.7683716E-007
4.22525	4.7683716E-007
4.22675	4.7683716E-007
4.22825	4.7683716E-007
4.22975	4.7683716E-007
4.23125	4.7683716E-007
4.23275	4.7683716E-007
4.23425	4.7683716E-007
4.23575	4.7683716E-007
4.23725	4.7683716E-007
4.23875	4.7683716E-007
4.24025	4.7683716E-007
4.24175	4.7683716E-007
4.24325	6.6946983E-002
4.24475	6.6946983E-002
4.24625	6.6946983E-002
4.24775	6.6946983E-002
4.24925	1.2493896E-001
4.25075	1.2493896E-001
4.25225	6.6946983E-002
4.25375	6.6946983E-002
4.25525	6.6946983E-002
4.25675	6.6946983E-002
4.25825	4.7683716E-007
4.25975	4.7683716E-007
4.26125	4.7683716E-007
4.26275	4.7683716E-007
4.26425	4.7683716E-007
4.26575	4.7683716E-007
4.26725	4.7683716E-007
4.26875	4.7683716E-007
4.27025	4.7683716E-007
4.27175	4.7683716E-007
4.27325	4.7683716E-007
4.27475	6.6946983E-002
4.27625	6.6946983E-002
4.27775	6.6946983E-002
4.27925	6.6946983E-002
4.28075	6.6946983E-002
4.28225	6.6946983E-002
4.28375	4.7683716E-007
4.28525	4.7683716E-007
4.28675	6.6946983E-002
4.28825	6.6946983E-002
4.28975	6.6946983E-002
4.29125	6.6946983E-002
4.29275	6.6946983E-002
4.29425	6.6946983E-002
4.29575	4.7683716E-007
4.29725	4.7683716E-007
4.29875	4.7683716E-007
4.30025	4.7683716E-007
4.30175	4.7683716E-007
4.30325	4.7683716E-007
4.30475	4.7683716E-007
4.30625	4.7683716E-007
4.30775	4.7683716E-007
4.30925	1.2493896E-001
4.31075	1.2493896E-001
4.31225	1.2493896E-001
4.31375	1.2493896E-001
4.31525	1.2493896E-001
4.31675	1.2493896E-001
4.31825	4.7683716E-007
4.31975	4.7683716E-007
4.32125	4.7683716E-007
4.32275	4.7683716E-007
4.32425	4.7683716E-007
4.32575	4.7683716E-007
4.32725	6.6946983E-002
4.32875	6.6946983E-002
4.33025	6.6946983E-002
4.33175	1.7609167E-001
4.33325	1.7609167E-001
4.33475	1.7609167E-001
4.33625	1.2493896E-001
4.33775	1.7609167E-001
4.33925	2.2184896E-001
4.34075	1.2493896E-001
4.34225	1.2493896E-001
4.34375	1.2493896E-001
4.34525	1.7609167E-001
4.34675	1.2493896E-001
4.34825	6.6946983E-002
4.34975	6.6946983E-002
4.35125	6.6946983E-002
4.35275	6.6946983E-002
4.35425	4.7683716E-007
4.35575	4.7683716E-007
4.35725	4.7683716E-007
4.35875	4.7683716E-007
4.36025	4.7683716E-007
4.36175	4.7683716E-007
4.36325	6.6946983E-002
4.36475	6.6946983E-002
4.36625	6.6946983E-002
4.36775	6.6946983E-002
4.36925	6.6946983E-002
4.37075	6.6946983E-002
4.37225	4.7683716E-007
4.37375	4.7683716E-007
4.37525	4.7683716E-007
4.37675	4.7683716E-007
4.37825	4.7683716E-007
4.37975	4.7683716E-007
4.38125	4.7683716E-007
4.38275	4.7683716E-007
4.38425	4.7683716E-007
4.38575	4.7683716E-007
4.38725	6.6946983E-002
4.38875	6.6946983E-002
4.39025	6.6946983E-002
4.39175	6.6946983E-002
4.39325	6.6946983E-002
4.39475	6.6946983E-002
4.39625	4.7683716E-007
4.39775	4.7683716E-007
4.39925	1.2493896E-001
4.40075	1.2493896E-001
4.40225	1.2493896E-001
4.40375	1.2493896E-001
4.40525	1.7609167E-001
4.40675	1.7609167E-001
4.40825	6.6946983E-002
4.40975	6.6946983E-002
4.41125	6.6946983E-002
4.41275	6.6946983E-002
4.41425	4.7683716E-007
4.41575	4.7683716E-007
4.41725	6.6946983E-002
4.41875	6.6946983E-002
4.42025	6.6946983E-002
4.42175	6.6946983E-002
4.42325	6.6946983E-002
4.42475	6.6946983E-002
4.42625	4.7683716E-007
4.42775	4.7683716E-007
4.42925	4.7683716E-007
4.43075	4.7683716E-007
4.43225	4.7683716E-007
4.43375	4.7683716E-007
4.43525	4.7683716E-007
4.43675	4.7683716E-007
4.43825	4.7683716E-007
4.43975	4.7683716E-007
4.44125	4.7683716E-007
4.44275	4.7683716E-007
4.44425	4.7683716E-007
4.44575	4.7683716E-007
4.44725	4.7683716E-007
4.44875	4.7683716E-007
4.45025	4.7683716E-007
4.45175	4.7683716E-007
4.45325	4.7683716E-007
4.45475	4.7683716E-007
4.45625	4.7683716E-007
4.45775	4.7683716E-007
4.45925	6.6946983E-002
4.46075	1.7609167E-001
4.46225	1.7609167E-001
4.46375	1.7609167E-001
4.46525	1.7609167E-001
4.46675	1.7609167E-001
4.46825	1.2493896E-001
4.46975	6.6946983E-002
4.47125	1.2493896E-001
4.47275	1.2493896E-001
4.47425	1.2493896E-001
4.47575	1.2493896E-001
4.47725	1.2493896E-001
4.47875	6.6946983E-002
4.48025	4.7683716E-007
4.48175	4.7683716E-007
4.48325	4.7683716E-007
4.48475	4.7683716E-007
4.48625	4.7683716E-007
4.48775	6.6946983E-002
4.48925	6.6946983E-002
4.49075	6.6946983E-002
4.49225	6.6946983E-002
4.49375	1.2493896E-001
4.49525	1.2493896E-001
4.49675	6.6946983E-002
4.49825	6.6946983E-002
4.49975	6.6946983E-002
4.50125	6.6946983E-002
4.50275	4.7683716E-007
4.50425	4.7683716E-007
4.50575	4.7683716E-007
4.50725	4.7683716E-007
4.50875	4.7683716E-007
4.51025	4.7683716E-007
4.51175	4.7683716E-007
4.51325	4.7683716E-007
4.51475	4.7683716E-007
4.51625	4.7683716E-007
4.51775	4.7683716E-007
4.51925	4.7683716E-007
4.52075	4.7683716E-007
4.52225	4.7683716E-007
4.52375	4.7683716E-007
4.52525	4.7683716E-007
4.52675	4.7683716E-007
4.52825	4.7683716E-007
4.52975	4.7683716E-007
4.53125	4.7683716E-007
4.53275	4.7683716E-007
4.53425	4.7683716E-007
4.53575	4.7683716E-007
4.53725	4.7683716E-007
4.53875	4.7683716E-007
4.54025	4.7683716E-007
4.54175	4.7683716E-007
4.54325	4.7683716E-007
4.54475	4.7683716E-007
4.54625	4.7683716E-007
4.54775	4.7683716E-007
4.54925	4.7683716E-007
4.55075	4.7683716E-007
4.55225	4.7683716E-007
4.55375	4.7683716E-007
4.55525	4.7683716E-007
4.55675	4.7683716E-007
4.55825	4.7683716E-007
4.55975	4.7683716E-007
4.56125	4.7683716E-007
4.56275	4.7683716E-007
4.56425	4.7683716E-007
4.56575	4.7683716E-007
4.56725	4.7683716E-007
4.56875	4.7683716E-007
4.57025	4.7683716E-007
4.57175	4.7683716E-007
4.57325	6.6946983E-002
4.57475	6.6946983E-002
4.57625	6.6946983E-002
4.57775	1.2493896E-001
4.57925	1.2493896E-001
4.58075	1.2493896E-001
4.58225	6.6946983E-002
4.58375	6.6946983E-002
4.58525	6.6946983E-002
4.58675	4.7683716E-007
4.58825	4.7683716E-007
4.58975	6.6946983E-002
4.59125	6.6946983E-002
4.59275	6.6946983E-002
4.59425	6.6946983E-002
4.59575	6.6946983E-002
4.59725	6.6946983E-002
4.59875	4.7683716E-007
4.60025	4.7683716E-007
4.60175	4.7683716E-007
4.60325	4.7683716E-007
4.60475	4.7683716E-007
4.60625	4.7683716E-007
4.60775	6.6946983E-002
4.60925	6.6946983E-002
4.61075	6.6946983E-002
4.61225	6.6946983E-002
4.61375	6.6946983E-002
4.61525	6.6946983E-002
4.61675	4.7683716E-007
4.61825	4.7683716E-007
4.61975	4.7683716E-007
4.62125	4.7683716E-007
4.62275	6.6946983E-002
4.62425	6.6946983E-002
4.62575	6.6946983E-002
4.62725	6.6946983E-002
4.62875	6.6946983E-002
4.63025	6.6946983E-002
4.63175	4.7683716E-007
4.63325	4.7683716E-007
4.63475	4.7683716E-007
4.63625	4.7683716E-007
4.63775	4.7683716E-007
4.63925	4.7683716E-007
4.64075	6.6946983E-002
4.64225	6.6946983E-002
4.64375	6.6946983E-002
4.64525	6.6946983E-002
4.64675	6.6946983E-002
4.64825	6.6946983E-002
4.64975	4.7683716E-007
4.65125	4.7683716E-007
4.65275	4.7683716E-007
4.65425	4.7683716E-007
4.65575	4.7683716E-007
4.65725	4.7683716E-007
4.65875	4.7683716E-007
4.66025	4.7683716E-007
4.66175	4.7683716E-007
4.66325	4.7683716E-007
4.66475	4.7683716E-007
4.66625	4.7683716E-007
4.66775	4.7683716E-007
4.66925	4.7683716E-007
4.67075	4.7683716E-007
4.67225	4.7683716E-007
4.67375	4.7683716E-007
4.67525	4.7683716E-007
4.67675	4.7683716E-007
4.67825	4.7683716E-007
4.67975	4.7683716E-007
4.68125	4.7683716E-007
4.68275	4.7683716E-007
4.68425	4.7683716E-007
4.68575	4.7683716E-007
4.68725	4.7683716E-007
4.68875	4.7683716E-007
4.69025	4.7683716E-007
4.69175	4.7683716E-007
4.69325	4.7683716E-007
4.69475	6.6946983E-002
4.69625	6.6946983E-002
4.69775	6.6946983E-002
4.69925	6.6946983E-002
4.70075	6.6946983E-002
4.70225	1.2493896E-001
4.70375	6.6946983E-002
4.70525	1.7609167E-001
4.70675	2.2184896E-001
4.70825	2.2184896E-001
4.70975	2.2184896E-001
4.71125	1.7609167E-001
4.71275	1.7609167E-001
4.71425	6.6946983E-002
4.71575	6.6946983E-002
4.71725	6.6946983E-002
4.71875	6.6946983E-002
4.72025	6.6946983E-002
4.72175	6.6946983E-002
4.72325	6.6946983E-002
4.72475	4.7683716E-007
4.72625	4.7683716E-007
4.72775	4.7683716E-007
4.72925	6.6946983E-002
4.73075	1.2493896E-001
4.73225	1.2493896E-001
4.73375	1.2493896E-001
4.73525	1.2493896E-001
4.73675	1.2493896E-001
4.73825	6.6946983E-002
4.73975	4.7683716E-007
4.74125	4.7683716E-007
4.74275	6.6946983E-002
4.74425	6.6946983E-002
4.74575	6.6946983E-002
4.74725	6.6946983E-002
4.74875	6.6946983E-002
4.75025	6.6946983E-002
4.75175	4.7683716E-007
4.75325	4.7683716E-007
4.75475	4.7683716E-007
4.75625	4.7683716E-007
4.75775	4.7683716E-007
4.75925	4.7683716E-007
4.76075	4.7683716E-007
4.76225	4.7683716E-007
4.76375	4.7683716E-007
4.76525	4.7683716E-007
4.76675	4.7683716E-007
4.76825	4.7683716E-007
4.76975	4.7683716E-007
4.77125	4.7683716E-007
4.77275	4.7683716E-007
4.77425	4.7683716E-007
4.77575	4.7683716E-007
4.77725	4.7683716E-007
4.77875	6.6946983E-002
4.78025	1.2493896E-001
4.78175	1.2493896E-001
4.78325	1.2493896E-001
4.78475	1.2493896E-001
4.78625	1.2493896E-001
4.78775	6.6946983E-002
4.78925	4.7683716E-007
4.79075	4.7683716E-007
4.79225	4.7683716E-007
4.79375	4.7683716E-007
4.79525	1.2493896E-001
4.79675	1.2493896E-001
4.79825	1.2493896E-001
4.79975	2.2184896E-001
4.80125	2.2184801E-001
4.80275	2.6323843E-001
4.80425	2.6322937E-001
4.80575	2.6320028E-001
4.80725	2.6311398E-001
4.80875	1.7572880E-001
4.81025	1.7513561E-001
4.81175	2.6090145E-001
4.81325	1.7076921E-001
4.81475	1.6483545E-001
4.81625	1.5395880E-001
4.81775	2.2279263E-001
4.81925	2.3233080E-001
4.82075	6.7550182E-002
4.82225	1.6077518E-002
4.82375	1.1447430E-001
4.82525	1.3662243E-001
4.82675	6.5370083E-002
4.82825	6.8627834E-002
4.82975	1.3565063E-001
4.83125	1.3224983E-001
4.83275	2.5379181E-002
4.83425	-1.5184402E-002
4.83575	-2.2547245E-002
4.83725	-4.2278767E-002
4.83875	-7.1687222E-002
4.84025	-6.1428070E-002
4.84175	-5.1855087E-002
4.84325	-4.2241573E-002
4.84475	-4.9789906E-002
4.84625	-8.1217766E-002
4.84775	-1.0919189E-001
4.84925	-1.3380003E-001
4.85075	-1.1732578E-001
4.85225	-1.3456202E-001
4.85375	-1.2112570E-001
4.85525	-1.2236977E-001
4.85675	-1.2914991E-001
4.85825	-1.1458588E-001
4.85975	-1.1446619E-001
4.86125	-1.1102438E-001
4.86275	-1.1375284E-001
4.86425	-8.4401608E-002
4.86575	-5.1511288E-002
4.86725	-8.3416939E-002
4.86875	-3.1329155E-002
4.87025	-3.8176060E-002
4.87175	-5.7870865E-002
4.87325	-3.9776802E-002
4.87475	-6.4411640E-002
4.87625	4.9630165E-002
4.87775	1.5206337E-002
4.87925	6.1276913E-002
4.88075	9.1557980E-002
4.88225	1.2138796E-001
4.88375	1.4810085E-001
4.88525	7.7714920E-002
4.88675	2.9740810E-002
4.88825	8.7237358E-002
4.88975	1.3364172E-001
4.89125	1.2226677E-001
4.89275	1.4556217E-001
4.89425	1.0884571E-001
4.89575	2.1396160E-001
4.89725	1.7249632E-001
4.89875	1.7456770E-001
4.90025	1.7549133E-001
4.90175	1.7587233E-001
4.90325	1.7601728E-001
4.90475	6.6923618E-002
4.90625	6.6940308E-002
4.90775	6.6945076E-002
4.90925	0.0000000E+000
4.91075	4.7683716E-007
4.91225	4.7683716E-007
4.91375	4.7683716E-007
4.91525	4.7683716E-007
4.91675	4.7683716E-007
4.91825	4.7683716E-007
4.91975	4.7683716E-007
4.92125	4.7683716E-007
4.92275	4.7683716E-007
4.92425	4.7683716E-007
4.92575	4.7683716E-007
4.92725	4.7683716E-007
4.92875	4.7683716E-007
4.93025	4.7683716E-007
4.93175	4.7683716E-007
4.93325	4.7683716E-007
4.93475	4.7683716E-007
4.93625	4.7683716E-007
4.93775	4.7683716E-007
4.93925	4.7683716E-007
4.94075	4.7683716E-007
4.94225	4.7683716E-007
4.94375	4.7683716E-007
4.94525	4.7683716E-007
4.94675	4.7683716E-007
4.94825	4.7683716E-007
4.94975	4.7683716E-007
4.95125	4.7683716E-007
4.95275	4.7683716E-007
4.95425	4.7683716E-007
4.95575	4.7683716E-007
4.95725	4.7683716E-007
4.95875	4.7683716E-007
4.96025	4.7683716E-007
4.96175	4.7683716E-007
4.96325	4.7683716E-007
4.96475	4.7683716E-007
4.96625	4.7683716E-007
4.96775	4.7683716E-007
4.96925	4.7683716E-007
4.97075	4.7683716E-007
4.97225	4.7683716E-007
4.97375	4.7683716E-007
4.97525	4.7683716E-007
4.97675	4.7683716E-007
4.97825	4.7683716E-007
4.97975	4.7683716E-007
4.98125	4.7683716E-007
4.98275	6.6946983E-002
4.98425	6.6946983E-002
4.98575	6.6946983E-002
4.98725	6.6946983E-002
4.98875	6.6946983E-002
4.99025	6.6946983E-002
4.99175	4.7683716E-007
4.99325	4.7683716E-007
4.99475	4.7683716E-007
4.99625	4.7683716E-007
4.99775	4.7683716E-007
4.99925	4.7683716E-007
5.00075	4.7683716E-007
5.00225	4.7683716E-007
5.00375	4.7683716E-007
5.00525	4.7683716E-007
5.00675	4.7683716E-007
5.00825	4.7683716E-007
5.00975	4.7683716E-007
5.01125	4.7683716E-007
5.01275	4.7683716E-007
5.01425	4.7683716E-007
5.01575	6.6946983E-002
5.01725	6.6946983E-002
5.01875	6.6946983E-002
5.02025	6.6946983E-002
5.02175	1.2493896E-001
5.02325	1.2493896E-001
5.02475	6.6946983E-002
5.02625	6.6946983E-002
5.02775	6.6946983E-002
5.02925	6.6946983E-002
5.03075	4.7683716E-007
5.03225	4.7683716E-007
5.03375	4.7683716E-007
5.03525	4.7683716E-007
5.03675	4.7683716E-007
5.03825	4.7683716E-007
5.03975	4.7683716E-007
5.04125	6.6946983E-002
5.04275	6.6946983E-002
5.04425	6.6946983E-002
5.04575	6.6946983E-002
5.04725	6.6946983E-002
5.04875	6.6946983E-002
5.05025	4.7683716E-007
5.05175	4.7683716E-007
5.05325	4.7683716E-007
5.05475	4.7683716E-007
5.05625	4.7683716E-007
5.05775	4.7683716E-007
5.05925	4.7683716E-007
5.06075	4.7683716E-007
5.06225	4.7683716E-007
5.06375	4.7683716E-007
5.06525	4.7683716E-007
5.06675	4.7683716E-007
5.06825	4.7683716E-007
5.06975	4.7683716E-007
5.07125	4.7683716E-007
5.07275	4.7683716E-007
5.07425	4.7683716E-007
5.07575	4.7683716E-007
5.07725	4.7683716E-007
5.07875	4.7683716E-007
5.08025	4.7683716E-007
5.08175	4.7683716E-007
5.08325	4.7683716E-007
5.08475	4.7683716E-007
5.08625	4.7683716E-007
5.08775	4.7683716E-007
5.08925	4.7683716E-007
5.09075	4.7683716E-007
5.09225	4.7683716E-007
5.09375	4.7683716E-007
5.09525	4.7683716E-007
5.09675	4.7683716E-007
5.09825	4.7683716E-007
5.09975	4.7683716E-007
5.10125	4.7683716E-007
5.10275	4.7683716E-007
5.10425	4.7683716E-007
5.10575	4.7683716E-007
5.10725	4.7683716E-007
5.10875	4.7683716E-007
5.11025	4.7683716E-007
5.11175	4.7683716E-007
5.11325	4.7683716E-007
5.11475	4.7683716E-007
5.11625	4.7683716E-007
5.11775	4.7683716E-007
5.11925	4.7683716E-007
5.12075	4.7683716E-007
5.12225	4.7683716E-007
5.12375	4.7683716E-007
5.12525	4.7683716E-007
5.12675	4.7683716E-007
5.12825	4.7683716E-007
5.12975	4.7683716E-007
5.13125	4.7683716E-007
5.13275	4.7683716E-007
5.13425	4.7683716E-007
5.13575	4.7683716E-007
5.13725	4.7683716E-007
5.13875	4.7683716E-007
5.14025	4.7683716E-007
5.14175	4.7683716E-007
5.14325	4.7683716E-007
5.14475	4.7683716E-007
5.14625	4.7683716E-007
5.14775	4.7683716E-007
5.14925	4.7683716E-007
5.15075	4.7683716E-007
5.15225	4.7683716E-007
5.15375	4.7683716E-007
5.15525	4.7683716E-007
5.15675	4.7683716E-007
5.15825	4.7683716E-007
5.15975	4.7683716E-007
5.16125	4.7683716E-007
5.16275	4.7683716E-007
5.16425	4.7683716E-007
5.16575	4.7683716E-007
5.16725	4.7683716E-007
5.16875	4.7683716E-007
5.17025	4.7683716E-007
5.17175	4.7683716E-007
5.17325	4.7683716E-007
5.17475	4.7683716E-007
5.17625	4.7683716E-007
5.17775	4.7683716E-007
5.17925	4.7683716E-007
5.18075	4.7683716E-007
5.18225	4.7683716E-007
5.18375	4.7683716E-007
5.18525	4.7683716E-007
5.18675	4.7683716E-007
5.18825	4.7683716E-007
5.18975	4.7683716E-007
5.19125	4.7683716E-007
5.19275	4.7683716E-007
5.19425	4.7683716E-007
5.19575	4.7683716E-007
5.19725	4.7683716E-007
5.19875	4.7683716E-007
5.20025	4.7683716E-007
5.20175	4.7683716E-007
5.20325	4.7683716E-007
5.20475	6.6946983E-002
5.20625	6.6946983E-002
5.20775	6.6946983E-002
5.20925	6.6946983E-002
5.21075	6.6946983E-002
5.21225	6.6946983E-002
5.21375	4.7683716E-007
5.21525	4.7683716E-007
5.21675	4.7683716E-007
5.21825	4.7683716E-007
5.21975	4.7683716E-007
5.22125	4.7683716E-007
5.22275	4.7683716E-007
5.22425	4.7683716E-007
5.22575	4.7683716E-007
5.22725	4.7683716E-007
5.22875	4.7683716E-007
5.23025	4.7683716E-007
5.23175	4.7683716E-007
5.23325	6.6946983E-002
5.23475	6.6946983E-002
5.23625	6.6946983E-002
5.23775	6.6946983E-002
5.23925	1.2493896E-001
5.24075	1.2493896E-001
5.24225	6.6946983E-002
5.24375	6.6946983E-002
5.24525	6.6946983E-002
5.24675	6.6946983E-002
5.24825	4.7683716E-007
5.24975	4.7683716E-007
5.25125	4.7683716E-007
5.25275	4.7683716E-007
5.25425	4.7683716E-007
5.25575	4.7683716E-007
5.25725	4.7683716E-007
5.25875	4.7683716E-007
5.26025	4.7683716E-007
5.26175	4.7683716E-007
5.26325	4.7683716E-007
5.26475	4.7683716E-007
5.26625	4.7683716E-007
5.26775	4.7683716E-007
5.26925	4.7683716E-007
5.27075	4.7683716E-007
5.27225	4.7683716E-007
5.27375	4.7683716E-007
5.27525	4.7683716E-007
5.27675	4.7683716E-007
5.27825	4.7683716E-007
5.27975	4.7683716E-007
5.28125	4.7683716E-007
5.28275	4.7683716E-007
5.28425	4.7683716E-007
5.28575	4.7683716E-007
5.28725	4.7683716E-007
5.28875	4.7683716E-007
5.29025	4.7683716E-007
5.29175	4.7683716E-007
5.29325	4.7683716E-007
5.29475	4.7683716E-007
5.29625	4.7683716E-007
5.29775	4.7683716E-007
5.29925	4.7683716E-007
5.30075	4.7683716E-007
5.30225	4.7683716E-007
5.30375	4.7683716E-007
5.30525	6.6946983E-002
5.30675	6.6946983E-002
5.30825	6.6946983E-002
5.30975	6.6946983E-002
5.31125	6.6946983E-002
5.31275	6.6946983E-002
5.31425	4.7683716E-007
5.31575	4.7683716E-007
5.31725	4.7683716E-007
5.31875	4.7683716E-007
5.32025	4.7683716E-007
5.32175	4.7683716E-007
5.32325	4.7683716E-007
5.32475	4.7683716E-007
5.32625	4.7683716E-007
5.32775	4.7683716E-007
5.32925	4.7683716E-007
5.33075	4.7683716E-007
5.33225	4.7683716E-007
5.33375	4.7683716E-007
5.33525	4.7683716E-007
5.33675	4.7683716E-007
5.33825	4.7683716E-007
5.33975	4.7683716E-007
5.34125	4.7683716E-007
5.34275	4.7683716E-007
5.34425	4.7683716E-007
5.34575	4.7683716E-007
5.34725	4.7683716E-007
5.34875	4.7683716E-007
5.35025	4.7683716E-007
5.35175	4.7683716E-007
5.35325	4.7683716E-007
5.35475	4.7683716E-007
5.35625	4.7683716E-007
5.35775	4.7683716E-007
5.35925	4.7683716E-007
5.36075	4.7683716E-007
5.36225	6.6946983E-002
5.36375	6.6946983E-002
5.36525	6.6946983E-002
5.36675	6.6946983E-002
5.36825	1.7609167E-001
5.36975	1.7609167E-001
5.37125	1.2493896E-001
5.37275	1.2493896E-001
5.37425	1.2493896E-001
5.37575	1.2493896E-001
5.37725	4.7683716E-007
5.37875	4.7683716E-007
5.38025	4.7683716E-007
5.38175	4.7683716E-007
5.38325	4.7683716E-007
5.38475	4.7683716E-007
5.38625	4.7683716E-007
5.38775	4.7683716E-007
5.38925	4.7683716E-007
5.39075	4.7683716E-007
5.39225	4.7683716E-007
5.39375	4.7683716E-007
5.39525	4.7683716E-007
5.39675	4.7683716E-007
5.39825	4.7683716E-007
5.39975	4.7683716E-007
5.40125	4.7683716E-007
5.40275	4.7683716E-007
5.40425	4.7683716E-007
5.40575	4.7683716E-007
5.40725	4.7683716E-007
5.40875	4.7683716E-007
5.41025	4.7683716E-007
5.41175	4.7683716E-007
5.41325	4.7683716E-007
5.41475	4.7683716E-007
5.41625	4.7683716E-007
5.41775	4.7683716E-007
5.41925	4.7683716E-007
5.42075	4.7683716E-007
5.42225	4.7683716E-007
5.42375	4.7683716E-007
5.42525	4.7683716E-007
5.42675	4.7683716E-007
5.42825	4.7683716E-007
5.42975	4.7683716E-007
5.43125	4.7683716E-007
5.43275	4.7683716E-007
5.43425	6.6946983E-002
5.43575	6.6946983E-002
5.43725	6.6946983E-002
5.43875	6.6946983E-002
5.44025	6.6946983E-002
5.44175	6.6946983E-002
5.44325	4.7683716E-007
5.44475	4.7683716E-007
5.44625	4.7683716E-007
5.44775	4.7683716E-007
5.44925	4.7683716E-007
5.45075	6.6946983E-002
5.45225	6.6946983E-002
5.45375	6.6946983E-002
5.45525	6.6946983E-002
5.45675	6.6946983E-002
5.45825	6.6946983E-002
5.45975	4.7683716E-007
5.46125	4.7683716E-007
5.46275	4.7683716E-007
5.46425	4.7683716E-007
5.46575	4.7683716E-007
5.46725	4.7683716E-007
5.46875	4.7683716E-007
5.47025	4.7683716E-007
5.47175	4.7683716E-007
5.47325	4.7683716E-007
5.47475	4.7683716E-007
5.47625	4.7683716E-007
5.47775	4.7683716E-007
5.47925	4.7683716E-007
5.48075	4.7683716E-007
5.48225	4.7683716E-007
5.48375	4.7683716E-007
5.48525	4.7683716E-007
5.48675	4.7683716E-007
5.48825	4.7683716E-007
5.48975	4.7683716E-007
5.49125	4.7683716E-007
5.49275	4.7683716E-007
5.49425	4.7683716E-007
5.49575	4.7683716E-007
5.49725	4.7683716E-007
5.49875	4.7683716E-007
5.50025	6.6946507E-002
5.50175	6.6946507E-002
5.50325	6.6946507E-002
5.50475	1.2493849E-001
5.50625	1.2493849E-001
5.50775	1.2493849E-001
5.50925	6.6946507E-002
5.51075	6.6946507E-002
5.51225	1.2493849E-001
5.51375	6.6946507E-002
5.51525	6.6946507E-002
5.51675	6.6946507E-002
5.51825	1.2493849E-001
5.51975	1.2493849E-001
5.52125	6.6946507E-002
5.52275	1.2493849E-001
5.52425	1.2493849E-001
5.52575	1.2493849E-001
5.52725	6.6946507E-002
5.52875	6.6946507E-002
5.53025	1.2493849E-001
5.53175	6.6946507E-002
5.53325	6.6946507E-002
5.53475	6.6946507E-002
5.53625	6.6946507E-002
5.53775	6.6946507E-002
5.53925	0.0000000E+000
5.54075	0.0000000E+000
5.54225	0.0000000E+000
5.54375	0.0000000E+000
5.54525	0.0000000E+000
5.54675	0.0000000E+000
5.54825	0.0000000E+000
5.54975	0.0000000E+000
5.55125	0.0000000E+000
5.55275	0.0000000E+000
5.55425	0.0000000E+000
5.55575	0.0000000E+000
5.55725	0.0000000E+000
5.55875	0.0000000E+000
5.56025	6.6946507E-002
5.56175	6.6946507E-002
5.56325	6.6946507E-002
5.56475	6.6946507E-002
5.56625	6.6946507E-002
5.56775	6.6946507E-002
5.56925	0.0000000E+000
5.57075	0.0000000E+000
5.57225	0.0000000E+000
5.57375	0.0000000E+000
5.57525	0.0000000E+000
5.57675	6.6946507E-002
5.57825	6.6946507E-002
5.57975	6.6946507E-002
5.58125	6.6946507E-002
5.58275	6.6946507E-002
5.58425	6.6946507E-002
5.58575	0.0000000E+000
5.58725	0.0000000E+000
5.58875	0.0000000E+000
5.59025	0.0000000E+000
5.59175	0.0000000E+000
5.59325	1.2493849E-001
5.59475	1.2493849E-001
5.59625	1.2493849E-001
5.59775	1.2493849E-001
5.59925	1.2493849E-001
