theta_deg	R
0.20825	8.1933349E-001
0.20975	8.1829494E-001
0.21125	8.1618345E-001
0.21275	8.1378645E-001
0.21425	8.1243348E-001
0.21575	8.0971891E-001
0.21725	8.0682999E-001
0.21875	8.0527186E-001
0.22025	8.0211693E-001
0.22175	7.9882735E-001
0.22325	7.9706311E-001
0.22475	7.9355991E-001
0.22625	7.8989941E-001
0.22775	7.8612024E-001
0.22925	7.8408331E-001
0.23075	7.8007138E-001
0.23225	7.7588934E-001
0.23375	7.7155721E-001
0.23525	7.6928073E-001
0.23675	7.6469266E-001
0.23825	7.5994569E-001
0.23975	7.5501436E-001
0.24125	7.4984097E-001
0.24275	7.4451387E-001
0.24425	7.4173117E-001
0.24575	7.3602837E-001
0.24725	7.3013288E-001
0.24875	7.2397327E-001
0.25025	7.1751708E-001
0.25175	7.1083266E-001
0.25325	7.0376813E-001
0.25475	6.9640619E-001
0.25625	6.8872833E-001
0.25775	6.8062830E-001
0.25925	6.7209154E-001
0.26075	6.6313380E-001
0.26225	6.5372586E-001
0.26375	6.4378816E-001
0.26525	6.3325256E-001
0.26675	6.2217671E-001
0.26825	6.1046773E-001
0.26975	5.9808058E-001
0.27125	5.8503503E-001
0.27275	5.7124907E-001
0.27425	5.5676740E-001
0.27575	5.4154831E-001
0.27725	5.2557939E-001
0.27875	5.0053781E-001
0.28025	4.8315826E-001
0.28175	4.6538755E-001
0.28325	4.4740939E-001
0.28475	4.2933440E-001
0.28625	4.1145688E-001
0.28775	3.8519251E-001
0.28925	3.6833036E-001
0.29075	3.5209385E-001
0.29225	3.3660454E-001
0.29375	3.2191876E-001
0.29525	3.0143648E-001
0.29675	2.8873348E-001
0.29825	2.7672136E-001
0.29975	2.5983855E-001
0.30125	2.4927260E-001
0.30275	2.3925844E-001
0.30425	2.2531715E-001
0.30575	2.1681373E-001
0.30725	2.0896837E-001
0.30875	2.0588137E-001
0.31025	1.9753812E-001
0.31175	1.8971483E-001
0.31325	1.8233156E-001
0.31475	1.7531443E-001
0.31625	1.6860466E-001
0.31775	1.6216473E-001
0.31925	1.5598169E-001
0.32075	1.5006573E-001
0.32225	1.4444362E-001
0.32375	1.3914779E-001
0.32525	1.3420284E-001
0.32675	1.2961422E-001
0.32825	1.2536094E-001
0.32975	1.2139561E-001
0.33125	1.1765141E-001
0.33275	1.1405443E-001
0.33425	1.1053734E-001
0.33575	1.0705167E-001
0.33725	1.0357567E-001
0.33875	1.0011666E-001
0.34025	9.6707702E-002
0.34175	9.3400240E-002
0.34325	9.0253748E-002
0.34475	8.7324388E-002
0.34625	8.4654137E-002
0.34775	8.2262389E-002
0.34925	8.0141038E-002
0.35075	7.8254506E-002
0.35225	7.6544397E-002
0.35375	7.4937947E-002
0.35525	7.3358953E-002
0.35675	7.1738735E-002
0.35825	7.0025936E-002
0.35975	6.8193421E-002
0.36125	6.6241592E-002
0.36275	6.4197674E-002
0.36425	6.2111247E-002
0.36575	6.0046580E-002
0.36725	5.8072764E-002
0.36875	5.6253705E-002
0.37025	5.4639243E-002
0.37175	5.3258739E-002
0.37325	5.2117724E-002
0.37475	5.1197529E-002
0.37625	5.0457738E-002
0.37775	4.9841009E-002
0.37925	4.9279954E-002
0.38075	4.8705067E-002
0.38225	4.8053097E-002
0.38375	4.7274549E-002
0.38525	4.6339408E-002
0.38675	4.5240525E-002
0.38825	4.3993972E-002
0.38975	4.2636789E-002
0.39125	4.1222259E-002
0.39275	3.9813388E-002
0.39425	3.8475420E-002
0.39575	3.7268370E-002
0.39725	3.6240082E-002
0.39875	3.5420898E-002
0.40025	3.4820225E-002
0.40175	3.4425482E-002
0.40325	3.4203593E-002
0.40475	3.4104738E-002
0.40625	3.4068026E-002
0.40775	3.4028199E-002
0.40925	3.3922769E-002
0.41075	3.3698618E-002
0.41225	3.3317428E-002
0.41375	3.2759305E-002
0.41525	3.2024454E-002
0.41675	3.1132562E-002
0.41825	3.0120451E-002
0.41975	2.9038051E-002
0.42125	2.7943419E-002
0.42275	2.6896998E-002
0.42425	2.5955597E-002
0.42575	2.5166729E-002
0.42725	2.4563774E-002
0.42875	2.4162626E-002
0.43025	2.3960229E-002
0.43175	2.3935048E-002
0.43325	2.4049394E-002
0.43475	2.4253335E-002
0.43625	2.4489693E-002
0.43775	2.4699632E-002
0.43925	2.4828294E-002
0.44075	2.4829917E-002
0.44225	2.4671901E-002
0.44375	2.4337480E-002
0.44525	2.3826895E-002
0.44675	2.3157045E-002
0.44825	2.2359742E-002
0.44975	2.1478750E-002
0.45125	2.0565918E-002
0.45275	1.9676469E-002
0.45425	1.8863995E-002
0.45575	1.8175531E-002
0.45725	1.7647270E-002
0.45875	1.7301323E-002
0.46025	1.7143920E-002
0.46175	1.7165035E-002
0.46325	1.7339541E-002
0.46475	1.7629540E-002
0.46625	1.7987778E-002
0.46775	1.8361829E-002
0.46925	1.8698672E-002
0.47075	1.8949250E-002
0.47225	1.9072702E-002
0.47375	1.9039726E-002
0.47525	1.8834947E-002
0.47675	1.8458102E-002
0.47825	1.7923951E-002
0.47975	1.7260984E-002
0.48125	1.6508866E-002
0.48275	1.5714925E-002
0.48425	1.4929887E-002
0.48575	1.4203468E-002
0.48725	1.3580223E-002
0.48875	1.3096027E-002
0.49025	1.2775453E-002
0.49175	1.2630044E-002
0.49325	1.2657551E-002
0.49475	1.2842103E-002
0.49625	1.3155418E-002
0.49775	1.3558965E-002
0.49925	1.4007097E-002
0.50075	1.4450867E-002
0.50225	1.4842166E-002
0.50375	1.5137721E-002
0.50525	1.5302533E-002
0.50675	1.5312538E-002
0.50825	1.5156294E-002
0.50975	1.4835775E-002
0.51125	1.4366130E-002
0.51275	1.3774486E-002
0.51425	1.3097770E-002
0.51575	1.2379735E-002
0.51725	1.1667385E-002
0.51875	1.1007172E-002
0.52025	1.0441262E-002
0.52175	1.0004271E-002
0.52325	9.7206533E-003
0.52475	9.6029481E-003
0.52625	9.6510435E-003
0.52775	9.8523982E-003
0.52925	1.0183194E-002
0.53075	1.0610299E-002
0.53225	1.1093862E-002
0.53375	1.1590307E-002
0.53525	1.2055536E-002
0.53675	1.2448140E-002
0.53825	1.2732336E-002
0.53975	1.2880526E-002
0.54125	1.2875217E-002
0.54275	1.2710243E-002
0.54425	1.2391200E-002
0.54575	1.1935075E-002
0.54725	1.1369109E-002
0.54875	1.0728898E-002
0.55025	1.0055863E-002
0.55175	9.3941279E-003
0.55325	8.7871654E-003
0.55475	8.2745040E-003
0.55625	7.8887362E-003
0.55775	7.6531391E-003
0.55925	7.5800293E-003
0.56075	7.6699150E-003
0.56225	7.9115182E-003
0.56375	8.2826512E-003
0.56525	8.7518822E-003
0.56675	9.2808604E-003
0.56825	9.8271109E-003
0.56975	1.0347068E-002
0.57125	1.0799162E-002
0.57275	1.1146741E-002
0.57425	1.1360673E-002
0.57575	1.1421404E-002
0.57725	1.1320403E-002
0.57875	1.1060788E-002
0.58025	1.0657129E-002
0.58175	1.0134405E-002
0.58325	9.5262220E-003
0.58475	8.8723879E-003
0.58625	8.2160877E-003
0.58775	7.6007973E-003
0.58925	7.0672492E-003
0.59075	6.6505424E-003
0.59225	6.3776877E-003
0.59375	6.2656798E-003
0.59525	6.3202907E-003
0.59675	6.5356791E-003
0.59825	6.8948208E-003
0.59975	7.3707607E-003
0.60125	7.9285158E-003
0.60275	8.5275033E-003
0.60425	9.1242930E-003
0.60575	9.6755717E-003
0.60725	1.0141083E-002
0.60875	1.0486407E-002
0.61025	1.0685317E-002
0.61175	1.0721606E-002
0.61325	1.0590176E-002
0.61475	1.0297423E-002
0.61625	9.8608127E-003
0.61775	9.3077943E-003
0.61925	8.6739557E-003
0.62075	8.0006775E-003
0.62225	7.3324000E-003
0.62375	6.7136427E-003
0.62525	6.1860839E-003
0.62675	5.7857195E-003
0.62825	5.5403314E-003
0.62975	5.4673981E-003
0.63125	5.5726548E-003
0.63275	5.8495374E-003
0.63425	6.2795798E-003
0.63575	6.8338220E-003
0.63725	7.4750120E-003
0.63875	8.1603331E-003
0.64025	8.8443113E-003
0.64175	9.4816796E-003
0.64325	1.0030063E-002
0.64475	1.0452499E-002
0.64625	1.0719749E-002
0.64775	1.0812323E-002
0.64925	1.0722015E-002
0.65075	1.0452752E-002
0.65225	1.0020547E-002
0.65375	9.4525926E-003
0.65525	8.7855384E-003
0.65675	8.0631180E-003
0.65825	7.3333406E-003
0.65975	6.6453991E-003
0.66125	6.0464810E-003
0.66275	5.5786744E-003
0.66425	5.2761333E-003
0.66575	5.1627164E-003
0.66725	5.2502677E-003
0.66875	5.5376729E-003
0.67025	6.0107340E-003
0.67175	6.6428636E-003
0.67325	7.3965816E-003
0.67475	8.2257735E-003
0.67625	9.0786265E-003
0.67775	9.9011101E-003
0.67925	1.0640635E-002
0.68075	1.1249617E-002
0.68225	1.1688579E-002
0.68375	1.1928646E-002
0.68525	1.1953390E-002
0.68675	1.1759961E-002
0.68825	1.1359560E-002
0.68975	1.0777054E-002
0.69125	1.0049776E-002
0.69275	9.2254048E-003
0.69425	8.3591314E-003
0.69575	7.5102118E-003
0.69725	6.7381985E-003
0.69875	6.0990755E-003
0.70025	5.6415522E-003
0.70175	5.4037948E-003
0.70325	5.4107644E-003
0.70475	5.6724162E-003
0.70625	6.1827931E-003
0.70775	6.9201011E-003
0.70925	7.8477236E-003
0.71075	8.9161405E-003
0.71225	1.0065719E-002
0.71375	1.1230236E-002
0.71525	1.2341009E-002
0.71675	1.3331289E-002
0.71825	1.4140629E-002
0.71975	1.4718862E-002
0.72125	1.5029442E-002
0.72275	1.5052013E-002
0.72425	1.4784082E-002
0.72575	1.4241731E-002
0.72725	1.3459258E-002
0.72875	1.2487711E-002
0.73025	1.1392289E-002
0.73175	1.0248742E-002
0.73325	9.1390051E-003
0.73475	8.1462953E-003
0.73625	7.3499898E-003
0.73775	6.8204515E-003
0.73925	6.6141305E-003
0.74075	6.7692832E-003
0.74225	7.3027266E-003
0.74375	8.2079656E-003
0.74525	9.4548594E-003
0.74675	1.0990861E-002
0.74825	1.2743629E-002
0.74975	1.4624891E-002
0.75125	1.6535360E-002
0.75275	1.8370530E-002
0.75425	2.0026984E-002
0.75575	2.1409007E-002
0.75725	2.2434801E-002
0.75875	2.3041999E-002
0.76025	2.3192115E-002
0.76175	2.2873852E-002
0.76325	2.2105142E-002
0.76475	2.0933945E-002
0.76625	1.9437801E-002
0.76775	1.7721655E-002
0.76925	1.5913861E-002
0.77075	1.4160044E-002
0.77225	1.2614985E-002
0.77375	1.1432919E-002
0.77525	1.0756938E-002
0.77675	1.0708419E-002
0.77825	1.1377250E-002
0.77975	1.2813747E-002
0.78125	1.5022873E-002
0.78275	1.7961286E-002
0.78425	2.1537561E-002
0.78575	2.5615560E-002
0.78725	3.0020852E-002
0.78875	3.4549586E-002
0.79025	3.8979460E-002
0.79175	4.3081775E-002
0.79325	4.6634562E-002
0.79475	4.9435843E-002
0.79625	5.1317375E-002
0.79775	5.2158270E-002
0.79925	5.1898412E-002
0.80075	5.0550945E-002
0.80225	4.8213333E-002
0.80375	4.5075968E-002
0.80525	4.1427970E-002
0.80675	3.7658636E-002
0.80825	3.4253191E-002
0.80975	3.1780042E-002
0.81125	3.0867122E-002
0.81275	3.2165695E-002
0.81425	3.6302622E-002
0.81575	4.3824870E-002
0.81725	5.5143274E-002
0.81875	7.0483647E-002
0.82025	8.9853175E-002
0.82175	1.1302709E-001
0.82325	1.3955770E-001
0.82475	1.6880392E-001
0.82625	1.9997726E-001
0.82775	2.3220047E-001
0.82925	2.6457235E-001
0.83075	2.9623237E-001
0.83225	3.2641670E-001
0.83375	3.5449889E-001
0.83525	3.8001105E-001
0.83675	4.0264475E-001
0.83825	4.2223689E-001
0.83975	4.3874723E-001
0.84125	4.5223039E-001
0.84275	4.6280879E-001
0.84425	4.7064731E-001
0.84575	4.7593242E-001
0.84725	4.7885597E-001
0.84875	4.7960451E-001
0.85025	4.7835153E-001
0.85175	4.7525442E-001
0.85325	4.7045261E-001
0.85475	4.6406817E-001
0.85625	4.5620686E-001
0.85775	4.4695926E-001
0.85925	4.3640241E-001
0.86075	4.2460132E-001
0.86225	4.1161093E-001
0.86375	3.9747968E-001
0.86525	3.8225323E-001
0.86675	3.6597967E-001
0.86825	3.4871328E-001
0.86975	3.3051801E-001
0.87125	3.1147113E-001
0.87275	2.9166609E-001
0.87425	2.7121693E-001
0.87575	2.5026226E-001
0.87725	2.2896935E-001
0.87875	2.0753686E-001
0.88025	1.8619402E-001
0.88175	1.6519788E-001
0.88325	1.4482586E-001
0.88475	1.2536602E-001
0.88625	1.0710393E-001
0.88775	9.0307154E-002
0.88925	7.5208560E-002
0.89075	6.1989766E-002
0.89225	5.0768048E-002
0.89375	4.1587673E-002
0.89525	3.4417007E-002
0.89675	2.9150812E-002
0.89825	2.5617573E-002
0.89975	2.3591062E-002
0.90125	2.2805346E-002
0.90275	2.2972044E-002
0.90425	2.3798125E-002
0.90575	2.5002493E-002
0.90725	2.6329972E-002
0.90875	2.7562024E-002
0.91025	2.8523894E-002
0.91175	2.9088134E-002
0.91325	2.9174931E-002
0.91475	2.8749645E-002
0.91625	2.7818117E-002
0.91775	2.6420621E-002
0.91925	2.4625041E-002
0.92075	2.2519866E-002
0.92225	2.0207224E-002
0.92375	1.7795935E-002
0.92525	1.5394681E-002
0.92675	1.3105406E-002
0.92825	1.1017374E-002
0.92975	9.2024691E-003
0.93125	7.7121085E-003
0.93275	6.5759830E-003
0.93425	5.8023669E-003
0.93575	5.3796670E-003
0.93725	5.2788351E-003
0.93875	5.4563624E-003
0.94025	5.8577056E-003
0.94175	6.4209723E-003
0.94325	7.0807696E-003
0.94475	7.7720270E-003
0.94625	8.4335962E-003
0.94775	9.0114279E-003
0.94925	9.4611384E-003
0.95075	9.7497702E-003
0.95225	9.8568005E-003
0.95375	9.7742761E-003
0.95525	9.5063187E-003
0.95675	9.0679266E-003
0.95825	8.4833577E-003
0.95975	7.7841091E-003
0.96125	7.0066806E-003
0.96275	6.1902697E-003
0.96425	5.3744558E-003
0.96575	4.5969822E-003
0.96725	3.8917155E-003
0.96875	3.2868737E-003
0.97025	2.8036383E-003
0.97175	2.4552618E-003
0.97325	2.2467121E-003
0.97475	2.1748731E-003
0.97625	2.2292151E-003
0.97775	2.3928599E-003
0.97925	2.6439093E-003
0.98075	2.9569550E-003
0.98225	3.3046775E-003
0.98375	3.6594539E-003
0.98525	3.9948872E-003
0.98675	4.2872243E-003
0.98825	4.5165545E-003
0.98975	4.6677636E-003
0.99125	4.7311611E-003
0.99275	4.7027813E-003
0.99425	4.5843101E-003
0.99575	4.3826937E-003
0.99725	4.1094548E-003
0.99875	3.7797855E-003
1.00025	3.4114886E-003
1.00175	3.0238305E-003
1.00325	2.6363807E-003
1.00475	2.2678892E-003
1.00625	1.9352753E-003
1.00775	1.6527608E-003
1.00925	1.4311916E-003
1.01075	1.2775771E-003
1.01225	1.1948574E-003
1.01375	1.1819114E-003
1.01525	1.2337887E-003
1.01675	1.3421436E-003
1.01825	1.4958336E-003
1.01975	1.6816451E-003
1.02125	1.8851048E-003
1.02275	2.0913514E-003
1.02425	2.2860137E-003
1.02575	2.4560380E-003
1.02725	2.5903992E-003
1.02875	2.6806509E-003
1.03025	2.7212808E-003
1.03175	2.7098821E-003
1.03325	2.6471526E-003
1.03475	2.5367334E-003
1.03625	2.3849048E-003
1.03775	2.2001346E-003
1.03925	1.9925232E-003
1.04075	1.7731526E-003
1.04225	1.5534067E-003
1.04375	1.3442966E-003
1.04525	1.1558353E-003
1.04675	9.9650829E-004
1.04825	8.7285216E-004
1.04975	7.8916742E-004
1.05125	7.4737321E-004
1.05275	7.4699579E-004
1.05425	7.8528671E-004
1.05575	8.5744908E-004
1.05725	9.5696171E-004
1.05875	1.0759851E-003
1.06025	1.2058390E-003
1.06175	1.3375283E-003
1.06325	1.4622845E-003
1.06475	1.5720786E-003
1.06625	1.6600618E-003
1.06775	1.7208998E-003
1.06925	1.7510022E-003
1.07075	1.7486403E-003
1.07225	1.7139759E-003
1.07375	1.6489967E-003
1.07525	1.5573640E-003
1.07675	1.4441625E-003
1.07825	1.3155761E-003
1.07975	1.1785011E-003
1.08125	1.0401306E-003
1.08275	9.0753578E-004
1.08425	7.8727124E-004
1.08575	6.8501750E-004
1.08725	6.0528034E-004
1.08875	5.5116514E-004
1.09025	5.2423606E-004
1.09175	5.2446930E-004
1.09325	5.5029977E-004
1.09475	5.9875567E-004
1.09625	6.6566985E-004
1.09775	7.4595725E-004
1.09925	8.3393627E-004
1.10075	9.2367514E-004
1.10225	1.0093370E-003
1.10375	1.0855017E-003
1.10525	1.1474522E-003
1.10675	1.1914119E-003
1.10825	1.2147309E-003
1.10975	1.2160077E-003
1.11125	1.1951453E-003
1.11275	1.1533350E-003
1.11425	1.0929611E-003
1.11575	1.0174341E-003
1.11725	9.3096425E-004
1.11875	8.3828793E-004
1.12025	7.4437453E-004
1.12175	6.5413001E-004
1.12325	5.7212153E-004
1.12475	5.0232897E-004
1.12625	4.4793868E-004
1.12775	4.1118517E-004
1.12925	3.9324944E-004
1.13075	3.9421875E-004
1.13225	4.1310673E-004
1.13375	4.4793446E-004
1.13525	4.9586507E-004
1.13675	5.5338541E-004
1.13825	6.1652373E-004
1.13975	6.8109133E-004
1.14125	7.4293115E-004
1.14275	7.9815707E-004
1.14425	8.4337062E-004
1.14575	8.7584264E-004
1.14725	8.9364848E-004
1.14875	8.9575292E-004
1.15025	8.8204030E-004
1.15175	8.5329422E-004
1.15325	8.1113359E-004
1.15475	7.5790752E-004
1.15625	6.9655775E-004
1.15775	6.3044613E-004
1.15925	5.6315516E-004
1.16075	4.9826998E-004
1.16225	4.3916004E-004
1.16375	3.8877863E-004
1.16525	3.4949635E-004
1.16675	3.2298197E-004
1.16825	3.1013315E-004
1.16975	3.1105426E-004
1.17125	3.2507814E-004
1.17275	3.5082406E-004
1.17425	3.8628970E-004
1.17575	4.2897210E-004
1.17725	4.7601250E-004
1.17875	5.2436010E-004
1.18025	5.7094562E-004
1.18175	6.1285694E-004
1.18325	6.4750790E-004
1.18475	6.7278557E-004
1.18625	6.8716914E-004
1.18775	6.8980764E-004
1.18925	6.8055204E-004
1.19075	6.5994577E-004
1.19225	6.2917540E-004
1.19375	5.8998959E-004
1.19525	5.4458948E-004
1.19675	4.9549411E-004
1.19825	4.4538896E-004
1.19975	3.9696376E-004
1.20125	3.5275624E-004
1.20275	3.1500994E-004
1.20425	2.8555412E-004
1.20575	2.6571105E-004
1.20725	2.5623079E-004
1.20875	2.5725795E-004
1.21025	2.6833217E-004
1.21175	2.8842344E-004
1.21325	3.1600229E-004
1.21475	3.4913802E-004
1.21625	3.8561967E-004
1.21775	4.2309042E-004
1.21925	4.5918662E-004
1.22075	4.9167324E-004
1.22225	5.1856798E-004
1.22375	5.3824898E-004
1.22525	5.4953870E-004
1.22675	5.5176299E-004
1.22825	5.4478185E-004
1.22975	5.2899000E-004
1.23125	5.0528586E-004
1.23275	4.7501281E-004
1.23425	4.3987489E-004
1.23575	4.0182995E-004
1.23725	3.6297087E-004
1.23875	3.2540099E-004
1.24025	2.9111188E-004
1.24175	2.6187065E-004
1.24325	2.3912356E-004
1.24475	2.2392039E-004
1.24625	2.1686213E-004
1.24775	2.1807507E-004
1.24925	2.2721075E-004
1.25075	2.4347285E-004
1.25225	2.6567004E-004
1.25375	2.9229157E-004
1.25525	3.2160018E-004
1.25675	3.5173670E-004
1.25825	3.8082831E-004
1.25975	4.0709393E-004
1.26125	4.2894264E-004
1.26275	4.4506029E-004
1.26425	4.5448070E-004
1.26575	4.5663680E-004
1.26725	4.5138932E-004
1.26875	4.3902965E-004
1.27025	4.2025687E-004
1.27175	3.9613270E-004
1.27325	3.6801540E-004
1.27475	3.3747748E-004
1.27625	3.0621281E-004
1.27775	2.7593540E-004
1.27925	2.4827782E-004
1.28075	2.2469542E-004
1.28225	2.0638375E-004
1.28375	1.9421479E-004
1.28525	1.8869566E-004
1.28675	1.8994826E-004
1.28825	1.9771045E-004
1.28975	2.1135605E-004
1.29125	2.2993230E-004
1.29275	2.5221461E-004
1.29425	2.7677644E-004
1.29575	3.0207276E-004
1.29725	3.2653118E-004
1.29875	3.4864631E-004
1.30025	3.6706968E-004
1.30175	3.8068797E-004
1.30325	3.8868602E-004
1.30475	3.9058912E-004
1.30625	3.8628478E-004
1.30775	3.7602257E-004
1.30925	3.6039218E-004
1.31075	3.4028379E-004
1.31225	3.1683268E-004
1.31375	2.9135059E-004
1.31525	2.6525059E-004
1.31675	2.3996715E-004
1.31825	2.1687662E-004
1.31975	1.9722059E-004
1.32125	1.8203568E-004
1.32275	1.7209339E-004
1.32425	1.6785516E-004
1.32575	1.6944467E-004
1.32725	1.7664242E-004
1.32875	1.8890199E-004
1.33025	2.0538768E-004
1.33175	2.2502910E-004
1.33325	2.4658802E-004
1.33475	2.6873249E-004
1.33625	2.9011266E-004
1.33775	3.0943647E-004
1.33925	3.2554156E-004
1.34075	3.3746049E-004
1.34225	3.4447573E-004
1.34375	3.4615942E-004
1.34525	3.4239719E-004
1.34675	3.3339227E-004
1.34825	3.1965112E-004
1.34975	3.0195253E-004
1.35125	2.8130133E-004
1.35275	2.5886882E-004
1.35425	2.3592405E-004
1.35575	2.1375860E-004
1.35725	1.9360999E-004
1.35875	1.7658943E-004
1.36025	1.6361853E-004
1.36175	1.5537773E-004
1.36325	1.5226917E-004
1.36475	1.5439595E-004
1.36625	1.6155750E-004
1.36775	1.7326309E-004
1.36925	1.8876146E-004
1.37075	2.0708676E-004
1.37225	2.2711615E-004
1.37375	2.4763640E-004
1.37525	2.6741464E-004
1.37675	2.8526929E-004
1.37825	3.0013750E-004
1.37975	3.1113412E-004
1.38125	3.1760192E-004
1.38275	3.1914722E-004
1.38425	3.1566227E-004
1.38575	3.0733104E-004
1.38725	2.9461816E-004
1.38875	2.7824234E-004
1.39025	2.5913387E-004
1.39175	2.3837991E-004
1.39325	2.1716089E-004
1.39475	1.9668110E-004
1.39625	1.7809882E-004
1.39775	1.6246052E-004
1.39925	1.5064055E-004
1.40075	1.4329278E-004
1.40225	1.4081362E-004
1.40375	1.4332103E-004
1.40525	1.5064827E-004
1.40675	1.6235370E-004
1.40825	1.7774467E-004
1.40975	1.9591535E-004
1.41125	2.1579640E-004
1.41275	2.3621623E-004
1.41425	2.5596953E-004
1.41575	2.7388963E-004
1.41725	2.8891751E-004
1.41875	3.0016378E-004
1.42025	3.0695877E-004
1.42175	3.0888990E-004
1.42325	3.0582515E-004
1.42475	2.9792139E-004
1.42625	2.8561830E-004
1.42775	2.6961396E-004
1.42925	2.5082598E-004
1.43075	2.3033850E-004
1.43225	2.0933818E-004
1.43375	1.8904482E-004
1.43525	1.7064009E-004
1.43675	1.5519861E-004
1.43825	1.4362669E-004
1.43975	1.3661024E-004
1.44125	1.3457629E-004
1.44275	1.3766957E-004
1.44425	1.4574455E-004
1.44575	1.5837391E-004
1.44725	1.7487191E-004
1.44875	1.9433050E-004
1.45025	2.1566729E-004
1.45175	2.3768283E-004
1.45325	2.5912607E-004
1.45475	2.7876542E-004
1.45625	2.9546118E-004
1.45775	3.0823526E-004
1.45925	3.1633201E-004
1.46075	3.1926399E-004
1.46225	3.1684194E-004
1.46375	3.0918638E-004
1.46525	2.9672109E-004
1.46675	2.8015106E-004
1.46825	2.6042407E-004
1.46975	2.3867949E-004
1.47125	2.1618526E-004
1.47275	1.9426734E-004
1.47425	1.7423523E-004
1.47575	1.5730839E-004
1.47725	1.4454663E-004
1.47875	1.3678806E-004
1.48025	1.3459807E-004
1.48175	1.3823254E-004
1.48325	1.4761747E-004
1.48475	1.6234878E-004
1.48625	1.8171112E-004
1.48775	2.0471614E-004
1.48925	2.3015591E-004
1.49075	2.5666930E-004
1.49225	2.8281583E-004
1.49375	3.0715490E-004
1.49525	3.2832657E-004
1.49675	3.4512946E-004
1.49825	3.5659329E-004
1.49975	3.6203818E-004
1.50125	3.6111946E-004
1.50275	3.5385275E-004
1.50425	3.4061985E-004
1.50575	3.2215446E-004
1.50725	2.9950807E-004
1.50875	2.7399888E-004
1.51025	2.4714271E-004
1.51175	2.2057176E-004
1.51325	1.9594282E-004
1.51475	1.7484368E-004
1.51625	1.5870105E-004
1.51775	1.4869706E-004
1.51925	1.4569913E-004
1.52075	1.5020497E-004
1.52225	1.6230684E-004
1.52375	1.8167726E-004
1.52525	2.0757635E-004
1.52675	2.3888254E-004
1.52825	2.7414397E-004
1.52975	3.1164961E-004
1.53125	3.4951628E-004
1.53275	3.8578859E-004
1.53425	4.1854664E-004
1.53575	4.4601515E-004
1.53725	4.6666735E-004
1.53875	4.7931721E-004
1.54025	4.8319524E-004
1.54175	4.7800565E-004
1.54325	4.6396200E-004
1.54475	4.4179818E-004
1.54625	4.1275253E-004
1.54775	3.7852212E-004
1.54925	3.4118662E-004
1.55075	3.0310455E-004
1.55225	2.6678952E-004
1.55375	2.3477523E-004
1.55525	2.0947881E-004
1.55675	1.9307030E-004
1.55825	1.8735159E-004
1.55975	1.9364925E-004
1.56125	2.1272393E-004
1.56275	2.4470163E-004
1.56425	2.8903311E-004
1.56575	3.4448787E-004
1.56725	4.0918394E-004
1.56875	4.8065567E-004
1.57025	5.5595458E-004
1.57175	6.3177862E-004
1.57325	7.0462498E-004
1.57475	7.7096338E-004
1.57625	8.2742301E-004
1.57775	8.7098486E-004
1.57925	8.9917704E-004
1.58075	9.1025227E-004
1.58225	9.0334454E-004
1.58375	8.7859051E-004
1.58525	8.3721074E-004
1.58675	7.8154670E-004
1.58825	7.1505015E-004
1.58975	6.4222125E-004
1.59125	5.6850165E-004
1.59275	5.0012703E-004
1.59425	4.4394581E-004
1.59575	4.0720979E-004
1.59725	3.9733792E-004
1.59875	4.2165685E-004
1.60025	4.8712341E-004
1.60175	6.0004211E-004
1.60325	7.6579023E-004
1.60475	9.8856410E-004
1.60625	1.2711596E-003
1.60775	1.6147976E-003
1.60925	2.0190014E-003
1.61075	2.4815318E-003
1.61225	2.9983714E-003
1.61375	3.5637547E-003
1.61525	4.1702460E-003
1.61675	4.8088683E-003
1.61825	5.4693096E-003
1.61975	6.1402027E-003
1.62125	6.8094917E-003
1.62275	7.4648219E-003
1.62425	8.0939196E-003
1.62575	8.6849397E-003
1.62725	9.2267236E-003
1.62875	9.7090378E-003
1.63025	1.0122767E-002
1.63175	1.0460132E-002
1.63325	1.0714877E-002
1.63475	1.0882452E-002
1.63625	1.0960149E-002
1.63775	1.0947141E-002
1.63925	1.0844490E-002
1.64075	1.0655073E-002
1.64225	1.0383458E-002
1.64375	1.0035729E-002
1.64525	9.6193142E-003
1.64675	9.1427770E-003
1.64825	8.6155832E-003
1.64975	8.0478415E-003
1.65125	7.4500390E-003
1.65275	6.8327468E-003
1.65425	6.2063546E-003
1.65575	5.5808215E-003
1.65725	4.9654762E-003
1.65875	4.3688365E-003
1.66025	3.7984797E-003
1.66175	3.2609100E-003
1.66325	2.7614781E-003
1.66475	2.3042974E-003
1.66625	1.8922203E-003
1.66775	1.5268432E-003
1.66925	1.2085731E-003
1.67075	9.3671936E-004
1.67225	7.0962537E-004
1.67375	5.2480964E-004
1.67525	3.7911703E-004
1.67675	2.6886800E-004
1.67825	1.9000466E-004
1.67975	1.3823203E-004
1.68125	1.0915516E-004
1.68275	9.8411991E-005
1.68425	1.0179623E-004
1.68575	1.1536568E-004
1.68725	1.3553092E-004
1.68875	1.5912246E-004
1.69025	1.8343602E-004
1.69175	2.0625684E-004
1.69325	2.2586509E-004
1.69475	2.4102317E-004
1.69625	2.5094824E-004
1.69775	2.5527115E-004
1.69925	2.5398599E-004
1.70075	2.4739248E-004
1.70225	2.3603468E-004
1.70375	2.2063944E-004
1.70525	2.0205675E-004
1.70675	1.8120473E-004
1.70825	1.5902075E-004
1.70975	1.3641850E-004
1.71125	1.1425093E-004
1.71275	9.3278453E-005
1.71425	7.4142932E-005
1.71575	5.7347377E-005
1.71725	4.3244854E-005
1.71875	3.2035903E-005
1.72025	2.3776023E-005
1.72175	1.8390574E-005
1.72325	1.5694519E-005
1.72475	1.5413902E-005
1.72625	1.7206938E-005
1.72775	2.0683961E-005
1.72925	2.5426329E-005
1.73075	3.1004773E-005
1.73225	3.6997029E-005
1.73375	4.3004260E-005
1.73525	4.8665355E-005
1.73675	5.3668558E-005
1.73825	5.7760200E-005
1.73975	6.0750583E-005
1.74125	6.2516723E-005
1.74275	6.3002350E-005
1.74425	6.2215113E-005
1.74575	6.0221399E-005
1.74725	5.7139132E-005
1.74875	5.3129163E-005
1.75025	4.8385482E-005
1.75175	4.3124739E-005
1.75325	3.7575370E-005
1.75475	3.1966887E-005
1.75625	2.6519558E-005
1.75775	2.1434897E-005
1.75925	1.6887092E-005
1.76075	1.3015937E-005
1.76225	9.9219487E-006
1.76375	7.6645647E-006
1.76525	6.2636141E-006
1.76675	5.7032771E-006
1.76825	5.9370245E-006
1.76975	6.8918730E-006
1.77125	8.4714420E-006
1.77275	1.0558420E-005
1.77425	1.3017760E-005
1.77575	1.5701655E-005
1.77725	1.8456400E-005
1.77875	2.1130367E-005
1.78025	2.3581966E-005
1.78175	2.5686537E-005
1.78325	2.7341739E-005
1.78475	2.8471268E-005
1.78625	2.9027025E-005
1.78775	2.8989918E-005
1.78925	2.8369457E-005
1.79075	2.7202159E-005
1.79225	2.5549067E-005
1.79375	2.3492274E-005
1.79525	2.1130705E-005
1.79675	1.8575263E-005
1.79825	1.5943460E-005
1.79975	1.3353640E-005
1.80125	1.0918916E-005
1.80275	8.7411263E-006
1.80425	6.9054527E-006
1.80575	5.4764482E-006
1.80725	4.4961607E-006
1.80875	3.9843153E-006
1.81025	3.9398833E-006
1.81175	4.3429295E-006
1.81325	5.1559564E-006
1.81475	6.3247976E-006
1.81625	7.7798004E-006
1.81775	9.4382085E-006
1.81925	1.1208076E-005
1.82075	1.2993421E-005
1.82225	1.4699731E-005
1.82375	1.6239066E-005
1.82525	1.7534328E-005
1.82675	1.8522644E-005
1.82825	1.9157891E-005
1.82975	1.9412555E-005
1.83125	1.9278710E-005
1.83275	1.8768089E-005
1.83425	1.7911019E-005
1.83575	1.6754397E-005
1.83725	1.5358759E-005
1.83875	1.3794765E-005
1.84025	1.2139315E-005
1.84175	1.0471636E-005
1.84325	8.8694514E-006
1.84475	7.4054560E-006
1.84625	6.1441328E-006
1.84775	5.1389702E-006
1.84925	4.4301182E-006
1.85075	4.0426153E-006
1.85225	3.9852912E-006
1.85375	4.2505235E-006
1.85525	4.8148754E-006
1.85675	5.6406229E-006
1.85825	6.6779949E-006
1.85975	7.8680087E-006
1.86125	9.1456568E-006
1.86275	1.0443290E-005
1.86425	1.1694057E-005
1.86575	1.2835122E-005
1.86725	1.3810642E-005
1.86875	1.4574292E-005
1.87025	1.5091297E-005
1.87175	1.5339885E-005
1.87325	1.5312104E-005
1.87475	1.5013922E-005
1.87625	1.4464628E-005
1.87775	1.3695536E-005
1.87925	1.2748120E-005
1.88075	1.1671653E-005
1.88225	1.0520579E-005
1.88375	9.3517383E-006
1.88525	8.2215565E-006
1.88675	7.1833183E-006
1.88825	6.2846116E-006
1.88975	5.5650976E-006
1.89125	5.0547005E-006
1.89275	4.7723438E-006
1.89425	4.7252893E-006
1.89575	4.9091136E-006
1.89725	5.3082454E-006
1.89875	5.8970463E-006
1.90025	6.6412999E-006
1.90175	7.5000521E-006
1.90325	8.4277126E-006
1.90475	9.3763319E-006
1.90625	1.0297975E-005
1.90775	1.1147067E-005
1.90925	1.1882624E-005
1.91075	1.2470172E-005
1.91225	1.2883324E-005
1.91375	1.3104855E-005
1.91525	1.3127292E-005
1.91675	1.2953013E-005
1.91825	1.2593862E-005
1.91975	1.2070344E-005
1.92125	1.1410434E-005
1.92275	1.0648079E-005
1.92425	9.8214341E-006
1.92575	8.9709210E-006
1.92725	8.1372318E-006
1.92875	7.3593505E-006
1.93025	6.6727548E-006
1.93175	6.1077881E-006
1.93325	5.6883587E-006
1.93475	5.4309503E-006
1.93625	5.3440067E-006
1.93775	5.4277198E-006
1.93925	5.6742197E-006
1.94075	6.0681468E-006
1.94225	6.5875815E-006
1.94375	7.2052294E-006
1.94525	7.8897947E-006
1.94675	8.6074670E-006
1.94825	9.3234439E-006
1.94975	1.0003500E-005
1.95125	1.0615532E-005
1.95275	1.1131032E-005
1.95425	1.1526421E-005
1.95575	1.1784134E-005
1.95725	1.1893373E-005
1.95875	1.1850496E-005
1.96025	1.1659037E-005
1.96175	1.1329415E-005
1.96325	1.0878297E-005
1.96475	1.0327782E-005
1.96625	9.7043412E-006
1.96775	9.0376216E-006
1.96925	8.3590767E-006
1.97075	7.7005016E-006
1.97225	7.0924953E-006
1.97375	6.5629788E-006
1.97525	6.1358605E-006
1.97675	5.8299479E-006
1.97825	5.6581634E-006
1.97975	5.6270715E-006
1.98125	5.7367029E-006
1.98275	5.9806534E-006
1.98425	6.3464149E-006
1.98575	6.8159666E-006
1.98725	7.3665797E-006
1.98875	7.9718520E-006
1.99025	8.6029113E-006
1.99175	9.2297605E-006
1.99325	9.8226546E-006
1.99475	1.0353479E-005
1.99625	1.0797046E-005
1.99775	1.1132229E-005
1.99925	1.1342979E-005
2.00075	1.1419049E-005
2.00225	1.1356493E-005
2.00375	1.1157875E-005
2.00525	1.0832174E-005
2.00675	1.0394381E-005
2.00825	9.8648434E-006
2.00975	9.2683031E-006
2.01125	8.6327600E-006
2.01275	7.9881383E-006
2.01425	7.3648912E-006
2.01575	6.7925835E-006
2.01725	6.2985268E-006
2.01875	5.9065073E-006
2.02025	5.6356648E-006
2.02175	5.4995598E-006
2.02325	5.5054929E-006
2.02475	5.6541116E-006
2.02625	5.9393110E-006
2.02775	6.3484558E-006
2.02925	6.8628792E-006
2.03075	7.4586651E-006
2.03225	8.1076942E-006
2.03375	8.7789085E-006
2.03525	9.4397647E-006
2.03675	1.0057834E-005
2.03825	1.0602400E-005
2.03975	1.1046022E-005
2.04125	1.1365929E-005
2.04275	1.1545184E-005
2.04425	1.1573561E-005
2.04575	1.1448102E-005
2.04725	1.1173365E-005
2.04875	1.0761286E-005
2.05025	1.0230735E-005
2.05175	9.6066806E-006
2.05325	8.9190762E-006
2.05475	8.2014176E-006
2.05625	7.4891291E-006
2.05775	6.8178338E-006
2.05925	6.2215749E-006
2.06075	5.7311076E-006
2.06225	5.3723243E-006
2.06375	5.1649158E-006
2.06525	5.1213392E-006
2.06675	5.2461078E-006
2.06825	5.5354676E-006
2.06975	5.9774311E-006
2.07125	6.5522026E-006
2.07275	7.2329713E-006
2.07425	7.9870924E-006
2.07575	8.7776179E-006
2.07725	9.5651249E-006
2.07875	1.0309723E-005
2.08025	1.0973155E-005
2.08175	1.1520822E-005
2.08325	1.1923630E-005
2.08475	1.2159574E-005
2.08625	1.2214942E-005
2.08775	1.2085133E-005
2.08925	1.1774950E-005
2.09075	1.1298450E-005
2.09225	1.0678290E-005
2.09375	9.9446033E-006
2.09525	9.1335633E-006
2.09675	8.2856341E-006
2.09825	7.4436534E-006
2.09975	6.6507960E-006
2.10125	5.9484983E-006
2.10275	5.3743779E-006
2.10425	4.9602631E-006
2.10575	4.7304375E-006
2.10725	4.7002154E-006
2.10875	4.8749584E-006
2.11025	5.2496007E-006
2.11175	5.8087003E-006
2.11325	6.5270497E-006
2.11475	7.3707793E-006
2.11625	8.2989645E-006
2.11775	9.2656319E-006
2.11925	1.0222088E-005
2.12075	1.1119429E-005
2.12225	1.1911079E-005
2.12375	1.2555268E-005
2.12525	1.3017266E-005
2.12675	1.3271315E-005
2.12825	1.3302118E-005
2.12975	1.3105793E-005
2.13125	1.2690230E-005
2.13275	1.2074837E-005
2.13425	1.1289666E-005
2.13575	1.0374008E-005
2.13725	9.3745048E-006
2.13875	8.3428631E-006
2.14025	7.3332953E-006
2.14175	6.3997527E-006
2.14325	5.5931173E-006
2.14475	4.9584874E-006
2.14625	4.5327233E-006
2.14775	4.3423920E-006
2.14925	4.4022372E-006
2.15075	4.7142416E-006
2.15225	5.2673472E-006
2.15375	6.0378329E-006
2.15525	6.9903731E-006
2.15675	8.0797117E-006
2.15825	9.2528817E-006
2.15975	1.0451841E-005
2.16125	1.1616402E-005
2.16275	1.2687256E-005
2.16425	1.3609041E-005
2.16575	1.4333204E-005
2.16725	1.4820642E-005
2.16875	1.5043868E-005
2.17025	1.4988686E-005
2.17175	1.4655150E-005
2.17325	1.4057873E-005
2.17475	1.3225524E-005
2.17625	1.2199628E-005
2.17775	1.1032627E-005
2.17925	9.7853690E-006
2.18075	8.5240299E-006
2.18225	7.3167153E-006
2.18375	6.2298554E-006
2.18525	5.3246899E-006
2.18675	4.6539549E-006
2.18825	4.2590209E-006
2.18975	4.1675676E-006
2.19125	4.3919681E-006
2.19275	4.9284213E-006
2.19425	5.7569418E-006
2.19575	6.8421496E-006
2.19725	8.1348162E-006
2.19875	9.5741161E-006
2.20025	1.1090469E-005
2.20175	1.2608967E-005
2.20325	1.4053185E-005
2.20475	1.5349260E-005
2.20625	1.6429913E-005
2.20775	1.7238133E-005
2.20925	1.7730286E-005
2.21075	1.7878547E-005
2.21225	1.7672523E-005
2.21375	1.7120090E-005
2.21525	1.6247312E-005
2.21675	1.5097485E-005
2.21825	1.3729205E-005
2.21975	1.2213597E-005
2.22125	1.0630803E-005
2.22275	9.0659842E-006
2.22425	7.6050533E-006
2.22575	6.3303683E-006
2.22725	5.3165154E-006
2.22875	4.6263731E-006
2.23025	4.3076084E-006
2.23175	4.3898194E-006
2.23325	4.8825314E-006
2.23475	5.7741686E-006
2.23625	7.0321389E-006
2.23775	8.6040145E-006
2.23925	1.0419804E-005
2.24075	1.2395273E-005
2.24225	1.4436113E-005
2.24375	1.6442766E-005
2.24525	1.8315546E-005
2.24675	1.9959847E-005
2.24825	2.1291040E-005
2.24975	2.2239046E-005
2.25125	2.2752216E-005
2.25275	2.2800397E-005
2.25425	2.2377009E-005
2.25575	2.1499885E-005
2.25725	2.0210977E-005
2.25875	1.8574799E-005
2.26025	1.6675735E-005
2.26175	1.4614317E-005
2.26325	1.2502452E-005
2.26475	1.0457911E-005
2.26625	8.5982265E-006
2.26775	7.0343658E-006
2.26925	5.8646610E-006
2.27075	5.1694028E-006
2.27225	5.0064223E-006
2.27375	5.4079096E-006
2.27525	6.3784732E-006
2.27675	7.8944058E-006
2.27825	9.9041090E-006
2.27975	1.2329731E-005
2.28125	1.5070041E-005
2.28275	1.8004625E-005
2.28425	2.0999281E-005
2.28575	2.3912529E-005
2.28725	2.6602695E-005
2.28875	2.8935363E-005
2.29025	3.0790645E-005
2.29175	3.2069900E-005
2.29325	3.2701548E-005
2.29475	3.2645716E-005
2.29625	3.1897409E-005
2.29775	3.0488060E-005
2.29925	2.8485185E-005
2.30075	2.5990217E-005
2.30225	2.3134431E-005
2.30375	2.0073205E-005
2.30525	1.6978744E-005
2.30675	1.4031715E-005
2.30825	1.1412163E-005
2.30975	9.2902965E-006
2.31125	7.8176326E-006
2.31275	7.1189502E-006
2.31425	7.2853541E-006
2.31575	8.3686182E-006
2.31725	1.0377032E-005
2.31875	1.3272981E-005
2.32025	1.6972641E-005
2.32175	2.1347923E-005
2.32325	2.6230942E-005
2.32475	3.1420703E-005
2.32625	3.6691970E-005
2.32775	4.1805924E-005
2.32925	4.6522087E-005
2.33075	5.0610801E-005
2.33225	5.3865508E-005
2.33375	5.6114106E-005
2.33525	5.7229034E-005
2.33675	5.7135552E-005
2.33825	5.5818393E-005
2.33975	5.3326021E-005
2.34125	4.9772178E-005
2.34275	4.5334367E-005
2.34425	4.0248749E-005
2.34575	3.4801717E-005
2.34725	2.9318257E-005
2.34875	2.4147925E-005
2.35025	1.9648756E-005
2.35175	1.6170152E-005
2.35325	1.4035241E-005
2.35475	1.3523852E-005
2.35625	1.4856454E-005
2.35775	1.8179928E-005
2.35925	2.3555609E-005
2.36075	3.0950112E-005
2.36225	4.0229632E-005
2.36375	5.1158520E-005
2.36525	6.3403117E-005
2.36675	7.6541408E-005
2.36825	9.0078451E-005
2.36975	1.0346687E-004
2.37125	1.1613102E-004
2.37275	1.2749342E-004
2.37425	1.3700282E-004
2.37575	1.4416315E-004
2.37725	1.4856287E-004
2.37875	1.4990399E-004
2.38025	1.4802898E-004
2.38175	1.4294461E-004
2.38325	1.3484177E-004
2.38475	1.2410914E-004
2.38625	1.1134142E-004
2.38775	9.7340031E-005
2.38925	8.3105777E-005
2.39075	6.9823218E-005
2.39225	5.8837046E-005
2.39375	5.1620165E-005
2.39525	4.9735176E-005
2.39675	5.4789045E-005
2.39825	6.8382520E-005
2.39975	9.2055488E-005
2.40125	1.2723052E-004
2.40275	1.7515811E-004
2.40425	2.3686640E-004
2.40575	3.1311772E-004
2.40725	4.0437197E-004
2.40875	5.1075593E-004
2.41025	6.3203747E-004
2.41175	7.6760445E-004
2.41325	9.1645180E-004
2.41475	1.0771775E-003
2.41625	1.2479905E-003
2.41775	1.4267345E-003
2.41925	1.6109239E-003
2.42075	1.7977984E-003
2.42225	1.9843960E-003
2.42375	2.1676270E-003
2.42525	2.3443683E-003
2.42675	2.5115411E-003
2.42825	2.6661828E-003
2.42975	2.8055145E-003
2.43125	2.9269902E-003
2.43275	3.0283586E-003
2.43425	3.1077056E-003
2.43575	3.1635093E-003
2.43725	3.1946793E-003
2.43875	3.2005967E-003
2.44025	3.1811318E-003
2.44175	3.1366565E-003
2.44325	3.0680357E-003
2.44475	2.9766073E-003
2.44625	2.8641364E-003
2.44775	2.7327733E-003
2.44925	2.5849966E-003
2.45075	2.4235439E-003
2.45225	2.2513501E-003
2.45375	2.0714630E-003
2.45525	1.8869726E-003
2.45675	1.7009272E-003
2.45825	1.5162615E-003
2.45975	1.3357353E-003
2.46125	1.1618866E-003
2.46275	9.9698722E-004
2.46425	8.4300514E-004
2.46575	7.0156070E-004
2.46725	5.7388941E-004
2.46875	4.6081215E-004
2.47025	3.6272765E-004
2.47175	2.7962861E-004
2.47325	2.1113925E-004
2.47475	1.5656746E-004
2.47625	1.1496039E-004
2.47775	8.5157524E-005
2.47925	6.5837834E-005
2.48075	5.5563312E-005
2.48225	5.2822026E-005
2.48375	5.6072244E-005
2.48525	6.3788000E-005
2.48675	7.4503747E-005
2.48825	8.6855762E-005
2.48975	9.9618737E-005
2.49125	1.1173493E-004
2.49275	1.2233584E-004
2.49425	1.3075466E-004
2.49575	1.3652931E-004
2.49725	1.3939732E-004
2.49875	1.3928241E-004
2.50025	1.3627554E-004
2.50175	1.3061179E-004
2.50325	1.2264329E-004
2.50475	1.1281091E-004
2.50625	1.0161503E-004
2.50775	8.9586531E-005
2.50925	7.7258686E-005
2.51075	6.5141649E-005
2.51225	5.3699430E-005
2.51375	4.3331649E-005
2.51525	3.4359648E-005
2.51675	2.7017724E-005
2.51825	2.1449056E-005
2.51975	1.7705748E-005
2.52125	1.5752696E-005
2.52275	1.5474814E-005
2.52425	1.6687400E-005
2.52575	1.9149089E-005
2.52725	2.2576927E-005
2.52875	2.6662703E-005
2.53025	3.1089516E-005
2.53175	3.5547793E-005
2.53325	3.9749815E-005
2.53475	4.3442156E-005
2.53625	4.6415636E-005
2.53775	4.8512618E-005
2.53925	4.9631399E-005
2.54075	4.9727591E-005
2.54225	4.8812930E-005
2.54375	4.6951194E-005
2.54525	4.4252138E-005
2.54675	4.0863357E-005
2.54825	3.6960719E-005
2.54975	3.2737866E-005
2.55125	2.8395239E-005
2.55275	2.4129404E-005
2.55425	2.0123243E-005
2.55575	1.6537624E-005
2.55725	1.3504706E-005
2.55875	1.1123051E-005
2.56025	9.4545458E-006
2.56175	8.5230567E-006
2.56325	8.3149098E-006
2.56475	8.7811686E-006
2.56625	9.8416049E-006
2.56775	1.1390151E-005
2.56925	1.3301457E-005
2.57075	1.5438169E-005
2.57225	1.7658453E-005
2.57375	1.9823397E-005
2.57525	2.1803946E-005
2.57675	2.3487049E-005
2.57825	2.4780735E-005
2.57975	2.5617896E-005
2.58125	2.5958581E-005
2.58275	2.5790865E-005
2.58425	2.5130170E-005
2.58575	2.4017216E-005
2.58725	2.2514800E-005
2.58875	2.0703459E-005
2.59025	1.8676492E-005
2.59175	1.6534530E-005
2.59325	1.4380144E-005
2.59475	1.2312665E-005
2.59625	1.0423456E-005
2.59775	8.7916642E-006
2.59925	7.4806667E-006
2.60075	6.5352524E-006
2.60225	5.9798203E-006
2.60375	5.8176824E-006
2.60525	6.0315901E-006
2.60675	6.5853915E-006
2.60825	7.4266804E-006
2.60975	8.4902322E-006
2.61125	9.7019583E-006
2.61275	1.0983163E-005
2.61425	1.2254820E-005
2.61575	1.3441710E-005
2.61725	1.4476149E-005
2.61875	1.5301188E-005
2.62025	1.5873122E-005
2.62175	1.6163238E-005
2.62325	1.6158743E-005
2.62475	1.5862888E-005
2.62625	1.5294198E-005
2.62775	1.4485028E-005
2.62925	1.3479333E-005
2.63075	1.2329987E-005
2.63225	1.1095694E-005
2.63375	9.8377541E-006
2.63525	8.6168047E-006
2.63675	7.4897052E-006
2.63825	6.5066802E-006
2.63975	5.7088387E-006
2.64125	5.1262718E-006
2.64275	4.7767812E-006
2.64425	4.6653345E-006
2.64575	4.7842373E-006
2.64725	5.1139541E-006
2.64875	5.6245385E-006
2.65025	6.2775553E-006
2.65175	7.0283913E-006
2.65325	7.8288294E-006
2.65475	8.6297423E-006
2.65625	9.3837416E-006
2.65775	1.0047638E-005
2.65925	1.0584590E-005
2.66075	1.0965805E-005
2.66225	1.1171779E-005
2.66375	1.1192984E-005
2.66525	1.1030009E-005
2.66675	1.0693219E-005
2.66825	1.0201911E-005
2.66975	9.5830464E-006
2.67125	8.8696415E-006
2.67275	8.0988339E-006
2.67425	7.3098026E-006
2.67575	6.5415888E-006
2.67725	5.8309924E-006
2.67875	5.2106561E-006
2.68025	4.7074309E-006
2.68175	4.3411101E-006
2.68325	4.1235776E-006
2.68475	4.0584187E-006
2.68625	4.1409808E-006
2.68775	4.3588761E-006
2.68925	4.6929058E-006
2.69075	5.1183024E-006
2.69225	5.6062449E-006
2.69375	6.1255378E-006
2.69525	6.6443513E-006
2.69675	7.1319209E-006
2.69825	7.5601424E-006
2.69975	7.9049678E-006
2.70125	8.1475673E-006
2.70275	8.2752040E-006
2.70425	8.2817587E-006
2.70575	8.1679154E-006
2.70725	7.9409283E-006
2.70875	7.6140423E-006
2.71025	7.2055882E-006
2.71175	6.7377996E-006
2.71325	6.2354693E-006
2.71475	5.7245193E-006
2.71625	5.2305568E-006
2.71775	4.7775052E-006
2.71925	4.3863511E-006
2.72075	4.0741193E-006
2.72225	3.8530579E-006
2.72375	3.7301368E-006
2.72525	3.7068237E-006
2.72675	3.7791888E-006
2.72825	3.9382753E-006
2.72975	4.1707390E-006
2.73125	4.4596791E-006
2.73275	4.7856415E-006
2.73425	5.1277239E-006
2.73575	5.4647430E-006
2.73725	5.7764128E-006
2.73875	6.0444463E-006
2.74025	6.2535187E-006
2.74175	6.3920370E-006
2.74325	6.4526835E-006
2.74475	6.4326828E-006
2.74625	6.3338389E-006
2.74775	6.1623164E-006
2.74925	5.9281874E-006
2.75075	5.6447761E-006
2.75225	5.3278059E-006
2.75375	4.9944256E-006
2.75525	4.6621631E-006
2.75675	4.3479008E-006
2.75825	4.0669470E-006
2.75975	3.8322573E-006
2.76125	3.6538249E-006
2.76275	3.5382614E-006
2.76425	3.4885434E-006
2.76575	3.5039509E-006
2.76725	3.5801904E-006
2.76875	3.7097052E-006
2.77025	3.8821672E-006
2.77175	4.0851301E-006
2.77325	4.3047867E-006
2.77475	4.5268025E-006
2.77625	4.7371518E-006
2.77775	4.9229116E-006
2.77925	5.0729645E-006
2.78075	5.1785864E-006
2.78225	5.2338723E-006
2.78375	5.2359856E-006
2.78525	5.1852280E-006
2.78675	5.0849280E-006
2.78825	4.9411624E-006
2.78975	4.7623398E-006
2.79125	4.5586626E-006
2.79275	4.3414962E-006
2.79425	4.1226922E-006
2.79575	3.9138858E-006
2.79725	3.7258196E-006
2.79875	3.5677415E-006
2.80025	3.4469081E-006
2.80175	3.3682122E-006
2.80325	3.3339538E-006
2.80475	3.3437786E-006
2.80625	3.3947567E-006
2.80775	3.4816228E-006
2.80925	3.5971402E-006
2.81075	3.7325826E-006
2.81225	3.8782846E-006
2.81375	4.0242403E-006
2.81525	4.1606986E-006
2.81675	4.2787337E-006
2.81825	4.3707582E-006
2.81975	4.4309322E-006
2.82125	4.4554804E-006
2.82275	4.4428666E-006
2.82425	4.3938476E-006
2.82575	4.3113623E-006
2.82725	4.2003462E-006
2.82875	4.0673699E-006
2.83025	3.9202355E-006
2.83175	3.7674781E-006
2.83325	3.6178333E-006
2.83475	3.4797065E-006
2.83625	3.3606580E-006
2.83775	3.2669523E-006
2.83925	3.2031942E-006
2.84075	3.1720722E-006
2.84225	3.1742263E-006
2.84375	3.2082403E-006
2.84525	3.2707567E-006
2.84675	3.3567019E-006
2.84825	3.4596187E-006
2.84975	3.5720730E-006
2.85125	3.6861195E-006
2.85275	3.7937962E-006
2.85425	3.8876083E-006
2.85575	3.9609836E-006
2.85725	4.0086752E-006
2.85875	4.0270661E-006
2.86025	4.0144027E-006
2.86175	3.9709039E-006
2.86325	3.8987387E-006
2.86475	3.8018977E-006
2.86625	3.6859356E-006
2.86775	3.5576149E-006
2.86925	3.4244842E-006
2.87075	3.2943951E-006
2.87225	3.1750203E-006
2.87375	3.0733788E-006
2.87525	2.9954169E-006
2.87675	2.9456439E-006
2.87825	2.9268681E-006
2.87975	2.9400176E-006
2.88125	2.9840805E-006
2.88275	3.0561559E-006
2.88425	3.1516090E-006
2.88575	3.2643377E-006
2.88725	3.3871240E-006
2.88875	3.5120531E-006
2.89025	3.6309846E-006
2.89175	3.7360460E-006
2.89325	3.8201224E-006
2.89475	3.8773032E-006
2.89625	3.9032607E-006
2.89775	3.8955286E-006
2.89925	3.8536659E-006
2.90075	3.7793041E-006
2.90225	3.6760605E-006
2.90375	3.5493549E-006
2.90525	3.4061084E-006
2.90675	3.2543530E-006
2.90825	3.1027680E-006
2.90975	2.9601777E-006
2.91125	2.8350219E-006
2.91275	2.7348526E-006
2.91425	2.6658724E-006
2.91575	2.6325408E-006
2.91725	2.6372884E-006
2.91875	2.6803407E-006
2.92025	2.7596784E-006
2.92175	2.8711247E-006
2.92325	3.0085585E-006
2.92475	3.1642462E-006
2.92625	3.3292558E-006
2.92775	3.4939533E-006
2.92925	3.6485412E-006
2.93075	3.7836248E-006
2.93225	3.8907606E-006
2.93375	3.9629740E-006
2.93525	3.9951992E-006
2.93675	3.9846077E-006
2.93825	3.9308156E-006
2.93975	3.8359494E-006
2.94125	3.7045577E-006
2.94275	3.5433841E-006
2.94425	3.3610195E-006
2.94575	3.1674363E-006
2.94725	2.9734451E-006
2.94875	2.7900935E-006
2.95025	2.6280416E-006
2.95175	2.4969531E-006
2.95325	2.4049289E-006
2.95475	2.3580255E-006
2.95625	2.3598789E-006
2.95775	2.4114474E-006
2.95925	2.5109061E-006
2.96075	2.6536854E-006
2.96225	2.8326763E-006
2.96375	3.0385906E-006
2.96525	3.2604526E-006
2.96675	3.4861978E-006
2.96825	3.7033356E-006
2.96975	3.8996368E-006
2.97125	4.0638142E-006
2.97275	4.1861585E-006
2.97425	4.2591050E-006
2.97575	4.2777010E-006
2.97725	4.2399411E-006
2.97875	4.1469525E-006
2.98025	4.0029868E-006
2.98175	3.8152443E-006
2.98325	3.5935163E-006
2.98475	3.3496733E-006
2.98625	3.0970377E-006
2.98775	2.8496843E-006
2.98925	2.6216867E-006
2.99075	2.4263579E-006
2.99225	2.2755009E-006
2.99375	2.1787257E-006
2.99525	2.1428611E-006
2.99675	2.1715200E-006
2.99825	2.2648308E-006
2.99975	2.4193748E-006
3.00125	2.6283030E-006
3.00275	2.8816542E-006
3.00425	3.1668408E-006
3.00575	3.4692830E-006
3.00725	3.7731734E-006
3.00875	4.0623181E-006
3.01025	4.3210157E-006
3.01175	4.5349329E-006
3.01325	4.6919131E-006
3.01475	4.7827016E-006
3.01625	4.8015022E-006
3.01775	4.7463641E-006
3.01925	4.6193527E-006
3.02075	4.4264966E-006
3.02225	4.1775270E-006
3.02375	3.8854118E-006
3.02525	3.5657552E-006
3.02675	3.2360199E-006
3.02825	2.9146513E-006
3.02975	2.6201089E-006
3.03125	2.3698462E-006
3.03275	2.1793314E-006
3.03425	2.0611390E-006
3.03575	2.0241962E-006
3.03725	2.0732157E-006
3.03875	2.2083507E-006
3.04025	2.4250887E-006
3.04175	2.7144088E-006
3.04325	3.0631932E-006
3.04475	3.4548607E-006
3.04625	3.8702156E-006
3.04775	4.2884226E-006
3.04925	4.6880773E-006
3.05075	5.0483195E-006
3.05225	5.3499302E-006
3.05375	5.5763935E-006
3.05525	5.7148363E-006
3.05675	5.7568263E-006
3.05825	5.6989520E-006
3.05975	5.5431719E-006
3.06125	5.2968544E-006
3.06275	4.9725513E-006
3.06425	4.5874494E-006
3.06575	4.1625422E-006
3.06725	3.7215357E-006
3.06875	3.2895416E-006
3.07025	2.8916579E-006
3.07175	2.5515510E-006
3.07325	2.2901907E-006
3.07475	2.1248170E-006
3.07625	2.0681780E-006
3.07775	2.1279609E-006
3.07925	2.3063446E-006
3.08075	2.5996358E-006
3.08225	2.9980683E-006
3.08375	3.4858949E-006
3.08525	4.0419077E-006
3.08675	4.6404107E-006
3.08825	5.2525857E-006
3.08975	5.8480791E-006
3.09125	6.3966891E-006
3.09275	6.8700006E-006
3.09425	7.2429075E-006
3.09575	7.4950053E-006
3.09725	7.6117612E-006
3.09875	7.5854550E-006
3.10025	7.4158352E-006
3.10175	7.1104059E-006
3.10325	6.6843418E-006
3.10475	6.1599762E-006
3.10625	5.5658625E-006
3.10775	4.9353939E-006
3.10925	4.3050504E-006
3.11075	3.7123225E-006
3.11225	3.1935660E-006
3.11375	2.7819922E-006
3.11525	2.5060599E-006
3.11675	2.3883242E-006
3.11825	2.4446317E-006
3.11975	2.6834168E-006
3.12125	3.1049306E-006
3.12275	3.7004593E-006
3.12425	4.4518151E-006
3.12575	5.3314388E-006
3.12725	6.3033135E-006
3.12875	7.3246965E-006
3.13025	8.3484056E-006
3.13175	9.3254512E-006
3.13325	1.0207679E-005
3.13475	1.0950361E-005
3.13625	1.1514559E-005
3.13775	1.1869277E-005
3.13925	1.1993307E-005
3.14075	1.1876731E-005
3.14225	1.1522030E-005
3.14375	1.0944661E-005
3.14525	1.0173054E-005
3.14675	9.2478840E-006
3.14825	8.2205879E-006
3.14975	7.1510940E-006
3.15125	6.1049427E-006
3.15275	5.1499756E-006
3.15425	4.3529421E-006
3.15575	3.7763054E-006
3.15725	3.4753550E-006
3.15875	3.4956461E-006
3.16025	3.8705830E-006
3.16175	4.6190444E-006
3.16325	5.7431885E-006
3.16475	7.2267208E-006
3.16625	9.0340927E-006
3.16775	1.1110925E-005
3.16925	1.3385732E-005
3.17075	1.5772803E-005
3.17225	1.8175911E-005
3.17375	2.0492535E-005
3.17525	2.2618480E-005
3.17675	2.4452740E-005
3.17825	2.5902500E-005
3.17975	2.6888398E-005
3.18125	2.7349603E-005
3.18275	2.7248770E-005
3.18425	2.6576350E-005
3.18575	2.5354018E-005
3.18725	2.3636983E-005
3.18875	2.1514958E-005
3.19025	1.9111758E-005
3.19175	1.6583679E-005
3.19325	1.4116618E-005
3.19475	1.1922200E-005
3.19625	1.0232731E-005
3.19775	9.2950568E-006
3.19925	9.3633153E-006
3.20075	1.0690679E-005
3.20225	1.3520512E-005
3.20375	1.8077428E-005
3.20525	2.4558720E-005
3.20675	3.3126678E-005
3.20825	4.3901960E-005
3.20975	5.6957964E-005
3.21125	7.2316281E-005
3.21275	8.9943016E-005
3.21425	1.0974605E-004
3.21575	1.3157367E-004
3.21725	1.5521450E-004
3.21875	1.8039941E-004
3.22025	2.0680552E-004
3.22175	2.3406224E-004
3.22325	2.6175933E-004
3.22475	2.8945727E-004
3.22625	3.1669851E-004
3.22775	3.4302045E-004
3.22925	3.6796715E-004
3.23075	3.9110132E-004
3.23225	4.1201361E-004
3.23375	4.3033127E-004
3.23525	4.4572528E-004
3.23675	4.5791714E-004
3.23825	4.6668595E-004
3.23975	4.7187431E-004
3.24125	4.7339406E-004
3.24275	4.7122955E-004
3.24425	4.6543870E-004
3.24575	4.5615024E-004
3.24725	4.4355859E-004
3.24875	4.2791650E-004
3.25025	4.0952512E-004
3.25175	3.8872566E-004
3.25325	3.6589077E-004
3.25475	3.4141829E-004
3.25625	3.1572359E-004
3.25775	2.8923256E-004
3.25925	2.6237182E-004
3.26075	2.3555927E-004
3.26225	2.0919205E-004
3.26375	1.8363724E-004
3.26525	1.5922275E-004
3.26675	1.3623084E-004
3.26825	1.1489354E-004
3.26975	9.5390373E-005
3.27125	7.7848286E-005
3.27275	6.2343279E-005
3.27425	4.8903152E-005
3.27575	3.7510639E-005
3.27725	2.8106100E-005
3.27875	2.0590351E-005
3.28025	1.4828312E-005
3.28175	1.0654508E-005
3.28325	7.8808998E-006
3.28475	6.3063189E-006
3.28625	5.7258239E-006
3.28775	5.9383315E-006
3.28925	6.7516253E-006
3.29075	7.9852043E-006
3.29225	9.4721036E-006
3.29375	1.1060873E-005
3.29525	1.2618059E-005
3.29675	1.4030930E-005
3.29825	1.5209756E-005
3.29975	1.6089034E-005
3.30125	1.6627462E-005
3.30275	1.6806693E-005
3.30425	1.6629210E-005
3.30575	1.6115575E-005
3.30725	1.5301388E-005
3.30875	1.4234154E-005
3.31025	1.2970219E-005
3.31175	1.1571844E-005
3.31325	1.0104306E-005
3.31475	8.6329037E-006
3.31625	7.2195985E-006
3.31775	5.9192671E-006
3.31925	4.7758103E-006
3.32075	3.8189100E-006
3.32225	3.0624681E-006
3.32375	2.5055585E-006
3.32525	2.1359549E-006
3.32675	1.9352378E-006
3.32825	1.8837047E-006
3.32975	1.9633696E-006
3.33125	2.1582234E-006
3.33275	2.4522299E-006
3.33425	2.8265383E-006
3.33575	3.2575447E-006
3.33725	3.7168397E-006
3.33875	4.1730450E-006
3.34025	4.5947741E-006
3.34175	4.9536698E-006
3.34325	5.2267701E-006
3.34475	5.3978642E-006
3.34625	5.4579682E-006
3.34775	5.4051889E-006
3.34925	5.2442938E-006
3.35075	4.9861346E-006
3.35225	4.6470077E-006
3.35375	4.2478382E-006
3.35525	3.8130227E-006
3.35675	3.3687425E-006
3.35825	2.9406631E-006
3.35975	2.5512356E-006
3.36125	2.2171175E-006
3.36275	1.9474292E-006
3.36425	1.7434614E-006
3.36575	1.6000091E-006
3.36725	1.5079671E-006
3.36875	1.4573935E-006
3.37025	1.4401425E-006
3.37175	1.4513904E-006
3.37325	1.4897726E-006
3.37475	1.5562422E-006
3.37625	1.6520887E-006
3.37775	1.7767570E-006
3.37925	1.9261486E-006
3.38075	2.0919476E-006
3.38225	2.2621498E-006
3.38375	2.4226067E-006
3.38525	2.5590659E-006
3.38675	2.6591442E-006
3.38825	2.7138256E-006
3.38975	2.7183503E-006
3.39125	2.6725452E-006
3.39275	2.5807467E-006
3.39425	2.4513597E-006
3.39575	2.2960257E-006
3.39725	2.1283236E-006
3.39875	1.9620443E-006
3.40025	1.8092866E-006
3.40175	1.6788103E-006
3.40325	1.5751082E-006
3.40475	1.4984471E-006
3.40625	1.4458018E-006
3.40775	1.4122943E-006
3.40925	1.3926516E-006
3.41075	1.3823043E-006
3.41225	1.3779877E-006
3.41375	1.3779096E-006
3.41525	1.3816494E-006
3.41675	1.3899052E-006
3.41825	1.4041232E-006
3.41975	1.4259799E-006
3.42125	1.4567038E-006
3.42275	1.4963199E-006
3.42425	1.5430400E-006
3.42575	1.5930417E-006
3.42725	1.6408277E-006
3.42875	1.6801596E-006
3.43025	1.7053458E-006
3.43175	1.7125283E-006
3.43325	1.7005854E-006
3.43475	1.6713986E-006
3.43625	1.6293988E-006
3.43775	1.5805315E-006
3.43925	1.5309414E-006
3.44075	1.4857530E-006
3.44225	1.4482765E-006
3.44375	1.4197969E-006
3.44525	1.3998973E-006
3.44675	1.3870903E-006
3.44825	1.3794928E-006
3.44975	1.3753374E-006
3.45125	1.3732422E-006
3.45275	1.3722685E-006
3.45425	1.3718515E-006
3.45575	1.3716871E-006
3.45725	1.3716273E-006
3.45875	1.3716074E-006
3.46025	1.3716012E-006
3.46175	1.3715994E-006
3.46325	1.3715990E-006
3.46475	1.3715988E-006
3.46625	1.3715988E-006
3.46775	1.3715988E-006
3.46925	1.3715988E-006
3.47075	1.3715988E-006
3.47225	1.3715988E-006
3.47375	1.3715988E-006
3.47525	1.3715988E-006
3.47675	1.3715988E-006
3.47825	1.3715988E-006
3.47975	1.3715988E-006
3.48125	1.3715988E-006
3.48275	1.3715988E-006
3.48425	1.3715988E-006
3.48575	1.3715988E-006
3.48725	1.3715988E-006
3.48875	1.3715988E-006
3.49025	1.3715988E-006
3.49175	1.3715988E-006
3.49325	1.3715988E-006
3.49475	1.3715988E-006
3.49625	1.3715988E-006
3.49775	1.3715988E-006
3.49925	1.3715988E-006
3.50075	1.3715988E-006
3.50225	1.3715988E-006
3.50375	1.3715988E-006
3.50525	1.3715988E-006
3.50675	1.3715988E-006
3.50825	1.3715988E-006
3.50975	1.3715988E-006
3.51125	1.3715988E-006
3.51275	1.3715988E-006
3.51425	1.3715988E-006
3.51575	1.3715988E-006
3.51725	1.3715988E-006
3.51875	1.3715988E-006
3.52025	1.3715988E-006
3.52175	1.3715988E-006
3.52325	1.3715988E-006
3.52475	1.3715988E-006
3.52625	1.3715988E-006
3.52775	1.3715988E-006
3.52925	1.3715988E-006
3.53075	1.3715988E-006
3.53225	1.3715988E-006
3.53375	1.3715988E-006
3.53525	1.3715988E-006
3.53675	1.3715988E-006
3.53825	1.3715988E-006
3.53975	1.3715988E-006
3.54125	1.3715988E-006
3.54275	1.3715988E-006
3.54425	1.3715988E-006
3.54575	1.3715988E-006
3.54725	1.3715988E-006
3.54875	1.3715988E-006
3.55025	1.3715988E-006
3.55175	1.3715988E-006
3.55325	1.3715988E-006
3.55475	1.3715988E-006
3.55625	1.3715988E-006
3.55775	1.3715988E-006
3.55925	1.3715988E-006
3.56075	1.3715988E-006
3.56225	1.3715988E-006
3.56375	1.3715988E-006
3.56525	1.3715988E-006
3.56675	1.3715988E-006
3.56825	1.3715988E-006
3.56975	1.3715988E-006
3.57125	1.3715988E-006
3.57275	1.3715988E-006
3.57425	1.3715988E-006
3.57575	1.3715988E-006
3.57725	1.3715988E-006
3.57875	1.3715988E-006
3.58025	1.3715988E-006
3.58175	1.3715988E-006
3.58325	1.3715988E-006
3.58475	1.3715988E-006
3.58625	1.3715988E-006
3.58775	1.3715988E-006
3.58925	1.3715988E-006
3.59075	1.3715988E-006
3.59225	1.3715988E-006
3.59375	1.3715988E-006
3.59525	1.3715988E-006
3.59675	1.3715988E-006
3.59825	1.3715988E-006
3.59975	1.3715988E-006
3.60125	1.3715988E-006
3.60275	1.3715988E-006
3.60425	1.3715988E-006
3.60575	1.3715988E-006
3.60725	1.3715988E-006
3.60875	1.3715988E-006
3.61025	1.3715988E-006
3.61175	1.3715988E-006
3.61325	1.3715988E-006
3.61475	1.3715988E-006
3.61625	1.3715988E-006
3.61775	1.3715988E-006
3.61925	1.3715988E-006
3.62075	1.3715988E-006
3.62225	1.3715988E-006
3.62375	1.3715988E-006
3.62525	1.3715988E-006
3.62675	1.3715988E-006
3.62825	1.3715988E-006
3.62975	1.3715988E-006
3.63125	1.3715988E-006
3.63275	1.3715988E-006
3.63425	1.3715988E-006
3.63575	1.3715988E-006
3.63725	1.3715988E-006
3.63875	1.3715988E-006
3.64025	1.3715988E-006
3.64175	1.3715988E-006
3.64325	1.3715988E-006
3.64475	1.3715988E-006
3.64625	1.3715988E-006
3.64775	1.3715988E-006
3.64925	1.3715988E-006
3.65075	1.3715988E-006
3.65225	1.3715988E-006
3.65375	1.3715988E-006
3.65525	1.3715988E-006
3.65675	1.3715988E-006
3.65825	1.3715988E-006
3.65975	1.3715988E-006
3.66125	1.3715988E-006
3.66275	1.3715988E-006
3.66425	1.3715988E-006
3.66575	1.3715988E-006
3.66725	1.3715988E-006
3.66875	1.3715988E-006
3.67025	1.3715988E-006
3.67175	1.3715988E-006
3.67325	1.3715988E-006
3.67475	1.3715988E-006
3.67625	1.3715988E-006
3.67775	1.3715988E-006
3.67925	1.3715988E-006
3.68075	1.3715988E-006
3.68225	1.3715988E-006
3.68375	1.3715988E-006
3.68525	1.3715988E-006
3.68675	1.3715988E-006
3.68825	1.3715988E-006
3.68975	1.3715988E-006
3.69125	1.3715988E-006
3.69275	1.3715988E-006
3.69425	1.3715988E-006
3.69575	1.3715988E-006
3.69725	1.3715988E-006
3.69875	1.3715988E-006
3.70025	1.3715988E-006
3.70175	1.3715988E-006
3.70325	1.3715988E-006
3.70475	1.3715988E-006
3.70625	1.3715988E-006
3.70775	1.3715988E-006
3.70925	1.3715988E-006
3.71075	1.3715988E-006
3.71225	1.3715988E-006
3.71375	1.3715988E-006
3.71525	1.3715988E-006
3.71675	1.3715988E-006
3.71825	1.3715988E-006
3.71975	1.3715988E-006
3.72125	1.3715988E-006
3.72275	1.3715988E-006
3.72425	1.3715988E-006
3.72575	1.3715988E-006
3.72725	1.3715988E-006
3.72875	1.3715988E-006
3.73025	1.3715988E-006
3.73175	1.3715988E-006
3.73325	1.3715988E-006
3.73475	1.3715988E-006
3.73625	1.3715988E-006
3.73775	1.3715988E-006
3.73925	1.3715988E-006
3.74075	1.3715988E-006
3.74225	1.3715988E-006
3.74375	1.3715988E-006
3.74525	1.3715988E-006
3.74675	1.3715988E-006
3.74825	1.3715988E-006
3.74975	1.3715988E-006
3.75125	1.3715988E-006
3.75275	1.3715988E-006
3.75425	1.3715988E-006
3.75575	1.3715988E-006
3.75725	1.3715988E-006
3.75875	1.3715988E-006
3.76025	1.3715988E-006
3.76175	1.3715988E-006
3.76325	1.3715988E-006
3.76475	1.3715988E-006
3.76625	1.3715988E-006
3.76775	1.3715988E-006
3.76925	1.3715988E-006
3.77075	1.3715988E-006
3.77225	1.3715988E-006
3.77375	1.3715988E-006
3.77525	1.3715988E-006
3.77675	1.3715988E-006
3.77825	1.3715988E-006
3.77975	1.3715988E-006
3.78125	1.3715988E-006
3.78275	1.3715988E-006
3.78425	1.3715988E-006
3.78575	1.3715988E-006
3.78725	1.3715988E-006
3.78875	1.3715988E-006
3.79025	1.3715988E-006
3.79175	1.3715988E-006
3.79325	1.3715988E-006
3.79475	1.3715988E-006
3.79625	1.3715988E-006
3.79775	1.3715988E-006
3.79925	1.3715988E-006
3.80075	1.3715988E-006
3.80225	1.3715988E-006
3.80375	1.3715988E-006
3.80525	1.3715988E-006
3.80675	1.3715988E-006
3.80825	1.3715988E-006
3.80975	1.3715988E-006
3.81125	1.3715988E-006
3.81275	1.3715988E-006
3.81425	1.3715988E-006
3.81575	1.3715988E-006
3.81725	1.3715988E-006
3.81875	1.3715988E-006
3.82025	1.3715988E-006
3.82175	1.3715988E-006
3.82325	1.3715988E-006
3.82475	1.3715988E-006
3.82625	1.3715988E-006
3.82775	1.3715988E-006
3.82925	1.3715988E-006
3.83075	1.3715988E-006
3.83225	1.3715988E-006
3.83375	1.3715988E-006
3.83525	1.3715988E-006
3.83675	1.3715988E-006
3.83825	1.3715988E-006
3.83975	1.3715988E-006
3.84125	1.3715988E-006
3.84275	1.3715988E-006
3.84425	1.3715988E-006
3.84575	1.3715988E-006
3.84725	1.3715988E-006
3.84875	1.3715988E-006
3.85025	1.3715988E-006
3.85175	1.3715988E-006
3.85325	1.3715988E-006
3.85475	1.3715988E-006
3.85625	1.3715988E-006
3.85775	1.3715988E-006
3.85925	1.3715988E-006
3.86075	1.3715988E-006
3.86225	1.3715988E-006
3.86375	1.3715988E-006
3.86525	1.3715988E-006
3.86675	1.3715988E-006
3.86825	1.3715988E-006
3.86975	1.3715988E-006
3.87125	1.3715988E-006
3.87275	1.3715988E-006
3.87425	1.3715988E-006
3.87575	1.3715988E-006
3.87725	1.3715988E-006
3.87875	1.3715988E-006
3.88025	1.3715988E-006
3.88175	1.3715988E-006
3.88325	1.3715988E-006
3.88475	1.3715988E-006
3.88625	1.3715988E-006
3.88775	1.3715988E-006
3.88925	1.3715988E-006
3.89075	1.3715988E-006
3.89225	1.3715988E-006
3.89375	1.3715988E-006
3.89525	1.3715988E-006
3.89675	1.3715988E-006
3.89825	1.3715988E-006
3.89975	1.3715988E-006
3.90125	1.3715988E-006
3.90275	1.3715988E-006
3.90425	1.3715988E-006
3.90575	1.3715988E-006
3.90725	1.3715988E-006
3.90875	1.3715988E-006
3.91025	1.3715988E-006
3.91175	1.3715988E-006
3.91325	1.3715988E-006
3.91475	1.3715988E-006
3.91625	1.3715992E-006
3.91775	1.3716000E-006
3.91925	1.3716032E-006
3.92075	1.3716129E-006
3.92225	1.3716407E-006
3.92375	1.3717140E-006
3.92525	1.3718914E-006
3.92675	1.3722849E-006
3.92825	1.3730845E-006
3.92975	1.3745720E-006
3.93125	1.3770978E-006
3.93275	1.3810037E-006
3.93425	1.3864785E-006
3.93575	1.3933832E-006
3.93725	1.4011206E-006
3.93875	1.4086396E-006
3.94025	1.4146342E-006
3.94175	1.4179035E-006
3.94325	1.4177388E-006
3.94475	1.4141735E-006
3.94625	1.4079726E-006
3.94775	1.4003656E-006
3.94925	1.3926531E-006
3.95075	1.3858549E-006
3.95225	1.3805286E-006
3.95375	1.3767802E-006
3.95525	1.3744137E-006
3.95675	1.3731275E-006
3.95825	1.3726985E-006
3.95975	1.3731493E-006
3.96125	1.3749267E-006
3.96275	1.3791399E-006
3.96425	1.3878548E-006
3.96575	1.4043784E-006
3.96725	1.4333677E-006
3.96875	1.4805664E-006
3.97025	1.5520023E-006
3.97175	1.6526764E-006
3.97325	1.7850012E-006
3.97475	1.9474569E-006
3.97625	2.1339395E-006
3.97775	2.3340679E-006
3.97925	2.5343741E-006
3.98075	2.7200235E-006
3.98225	2.8765960E-006
3.98375	2.9915898E-006
3.98525	3.0555234E-006
3.98675	3.0626970E-006
3.98825	3.0117317E-006
3.98975	2.9059383E-006
3.99125	2.7534013E-006
3.99275	2.5665740E-006
3.99425	2.3611751E-006
3.99575	2.1544242E-006
3.99725	1.9629922E-006
3.99875	1.8013587E-006
4.00025	1.6813611E-006
4.00175	1.6133872E-006
4.00325	1.6090282E-006
4.00475	1.6843063E-006
4.00625	1.8621542E-006
4.00775	2.1729491E-006
4.00925	2.6525322E-006
4.01075	3.3381391E-006
4.01225	4.2634301E-006
4.01375	5.4541597E-006
4.01525	6.9255889E-006
4.01675	8.6819700E-006
4.01825	1.0717600E-005
4.01975	1.3018589E-005
4.02125	1.5564410E-005
4.02275	1.8328948E-005
4.02425	2.1280926E-005
4.02575	2.4384139E-005
4.02725	2.7597715E-005
4.02875	3.0876756E-005
4.03025	3.4173172E-005
4.03175	3.7436788E-005
4.03325	4.0616520E-005
4.03475	4.3661508E-005
4.03625	4.6522066E-005
4.03775	4.9150665E-005
4.03925	5.1502837E-005
4.04075	5.3538108E-005
4.04225	5.5220917E-005
4.04375	5.6521545E-005
4.04525	5.7416884E-005
4.04675	5.7891124E-005
4.04825	5.7936217E-005
4.04975	5.7551988E-005
4.05125	5.6746183E-005
4.05275	5.5534074E-005
4.05425	5.3938042E-005
4.05575	5.1986899E-005
4.05725	4.9715225E-005
4.05875	4.7162641E-005
4.06025	4.4373013E-005
4.06175	4.1393585E-005
4.06325	3.8273964E-005
4.06475	3.5064724E-005
4.06625	3.1816118E-005
4.06775	2.8576766E-005
4.06925	2.5392632E-005
4.07075	2.2306258E-005
4.07225	1.9356321E-005
4.07375	1.6577262E-005
4.07525	1.3999123E-005
4.07675	1.1647323E-005
4.07825	9.5424084E-006
4.07975	7.6994493E-006
4.08125	6.1270007E-006
4.08275	4.8255797E-006
4.08425	3.7862178E-006
4.08575	2.9898106E-006
4.08725	2.4080427E-006
4.08875	2.0062073E-006
4.09025	1.7474399E-006
4.09175	1.5972728E-006
4.09325	1.5272039E-006
4.09475	1.5163438E-006
4.09625	1.5508804E-006
4.09775	1.6218620E-006
4.09925	1.7222729E-006
4.10075	1.8444600E-006
4.10225	1.9786992E-006
4.10375	2.1131677E-006
4.10525	2.2350796E-006
4.10675	2.3323930E-006
4.10825	2.3954726E-006
4.10975	2.4182787E-006
4.11125	2.3989464E-006
4.11275	2.3398168E-006
4.11425	2.2470317E-006
4.11575	2.1297672E-006
4.11725	1.9991039E-006
4.11875	1.8665758E-006
4.12025	1.7425789E-006
4.12175	1.6349562E-006
4.12325	1.5481265E-006
4.12475	1.4829914E-006
4.12625	1.4375875E-006
4.12775	1.4082049E-006
4.12925	1.3905712E-006
4.13075	1.3807675E-006
4.13225	1.3757229E-006
4.13375	1.3733228E-006
4.13525	1.3722677E-006
4.13675	1.3718394E-006
4.13825	1.3716790E-006
4.13975	1.3716235E-006
4.14125	1.3716059E-006
4.14275	1.3716007E-006
4.14425	1.3715993E-006
4.14575	1.3715990E-006
4.14725	1.3715988E-006
4.14875	1.3715988E-006
4.15025	1.3715988E-006
4.15175	1.3715988E-006
4.15325	1.3715988E-006
4.15475	1.3715988E-006
4.15625	1.3715988E-006
4.15775	1.3715988E-006
4.15925	1.3715988E-006
4.16075	1.3715988E-006
4.16225	1.3715988E-006
4.16375	1.3715988E-006
4.16525	1.3715988E-006
4.16675	1.3715988E-006
4.16825	1.3715988E-006
4.16975	1.3715988E-006
4.17125	1.3715988E-006
4.17275	1.3715988E-006
4.17425	1.3715988E-006
4.17575	1.3715988E-006
4.17725	1.3715988E-006
4.17875	1.3715988E-006
4.18025	1.3715988E-006
4.18175	1.3715988E-006
4.18325	1.3715988E-006
4.18475	1.3715988E-006
4.18625	1.3715988E-006
4.18775	1.3715988E-006
4.18925	1.3715988E-006
4.19075	1.3715988E-006
4.19225	1.3715988E-006
4.19375	1.3715988E-006
4.19525	1.3715988E-006
4.19675	1.3715988E-006
4.19825	1.3715988E-006
4.19975	1.3715988E-006
4.20125	1.3715988E-006
4.20275	1.3715988E-006
4.20425	1.3715988E-006
4.20575	1.3715988E-006
4.20725	1.3715988E-006
4.20875	1.3715988E-006
4.21025	1.3715988E-006
4.21175	1.3715988E-006
4.21325	1.3715988E-006
4.21475	1.3715988E-006
4.21625	1.3715988E-006
4.21775	1.3715988E-006
4.21925	1.3715988E-006
4.22075	1.3715988E-006
4.22225	1.3715988E-006
4.22375	1.3715988E-006
4.22525	1.3715988E-006
4.22675	1.3715988E-006
4.22825	1.3715988E-006
4.22975	1.3715988E-006
4.23125	1.3715988E-006
4.23275	1.3715988E-006
4.23425	1.3715988E-006
4.23575	1.3715988E-006
4.23725	1.3715988E-006
4.23875	1.3715988E-006
4.24025	1.3715988E-006
4.24175	1.3715988E-006
4.24325	1.3715988E-006
4.24475	1.3715988E-006
4.24625	1.3715988E-006
4.24775	1.3715988E-006
4.24925	1.3715988E-006
4.25075	1.3715988E-006
4.25225	1.3715988E-006
4.25375	1.3715988E-006
4.25525	1.3715988E-006
4.25675	1.3715988E-006
4.25825	1.3715988E-006
4.25975	1.3715988E-006
4.26125	1.3715988E-006
4.26275	1.3715988E-006
4.26425	1.3715988E-006
4.26575	1.3715988E-006
4.26725	1.3715988E-006
4.26875	1.3715988E-006
4.27025	1.3715988E-006
4.27175	1.3715988E-006
4.27325	1.3715988E-006
4.27475	1.3715988E-006
4.27625	1.3715988E-006
4.27775	1.3715988E-006
4.27925	1.3715988E-006
4.28075	1.3715988E-006
4.28225	1.3715988E-006
4.28375	1.3715988E-006
4.28525	1.3715988E-006
4.28675	1.3715988E-006
4.28825	1.3715988E-006
4.28975	1.3715988E-006
4.29125	1.3715988E-006
4.29275	1.3715988E-006
4.29425	1.3715988E-006
4.29575	1.3715988E-006
4.29725	1.3715988E-006
4.29875	1.3715988E-006
4.30025	1.3715988E-006
4.30175	1.3715988E-006
4.30325	1.3715988E-006
4.30475	1.3715988E-006
4.30625	1.3715988E-006
4.30775	1.3715988E-006
4.30925	1.3715988E-006
4.31075	1.3715988E-006
4.31225	1.3715988E-006
4.31375	1.3715988E-006
4.31525	1.3715988E-006
4.31675	1.3715988E-006
4.31825	1.3715988E-006
4.31975	1.3715988E-006
4.32125	1.3715988E-006
4.32275	1.3715988E-006
4.32425	1.3715988E-006
4.32575	1.3715988E-006
4.32725	1.3715988E-006
4.32875	1.3715988E-006
4.33025	1.3715988E-006
4.33175	1.3715988E-006
4.33325	1.3715988E-006
4.33475	1.3715988E-006
4.33625	1.3715988E-006
4.33775	1.3715988E-006
4.33925	1.3715988E-006
4.34075	1.3715988E-006
4.34225	1.3715988E-006
4.34375	1.3715988E-006
4.34525	1.3715988E-006
4.34675	1.3715988E-006
4.34825	1.3715988E-006
4.34975	1.3715988E-006
4.35125	1.3715988E-006
4.35275	1.3715988E-006
4.35425	1.3715988E-006
4.35575	1.3715988E-006
4.35725	1.3715988E-006
4.35875	1.3715988E-006
4.36025	1.3715988E-006
4.36175	1.3715988E-006
4.36325	1.3715988E-006
4.36475	1.3715988E-006
4.36625	1.3715988E-006
4.36775	1.3715988E-006
4.36925	1.3715988E-006
4.37075	1.3715988E-006
4.37225	1.3715988E-006
4.37375	1.3715988E-006
4.37525	1.3715988E-006
4.37675	1.3715988E-006
4.37825	1.3715988E-006
4.37975	1.3715988E-006
4.38125	1.3715988E-006
4.38275	1.3715988E-006
4.38425	1.3715988E-006
4.38575	1.3715988E-006
4.38725	1.3715988E-006
4.38875	1.3715988E-006
4.39025	1.3715988E-006
4.39175	1.3715988E-006
4.39325	1.3715988E-006
4.39475	1.3715988E-006
4.39625	1.3715988E-006
4.39775	1.3715988E-006
4.39925	1.3715988E-006
4.40075	1.3715988E-006
4.40225	1.3715988E-006
4.40375	1.3715988E-006
4.40525	1.3715988E-006
4.40675	1.3715988E-006
4.40825	1.3715988E-006
4.40975	1.3715988E-006
4.41125	1.3715988E-006
4.41275	1.3715988E-006
4.41425	1.3715988E-006
4.41575	1.3715988E-006
4.41725	1.3715988E-006
4.41875	1.3715988E-006
4.42025	1.3715988E-006
4.42175	1.3715988E-006
4.42325	1.3715988E-006
4.42475	1.3715988E-006
4.42625	1.3715988E-006
4.42775	1.3715988E-006
4.42925	1.3715988E-006
4.43075	1.3715988E-006
4.43225	1.3715988E-006
4.43375	1.3715988E-006
4.43525	1.3715988E-006
4.43675	1.3715988E-006
4.43825	1.3715988E-006
4.43975	1.3715988E-006
4.44125	1.3715988E-006
4.44275	1.3715988E-006
4.44425	1.3715988E-006
4.44575	1.3715988E-006
4.44725	1.3715988E-006
4.44875	1.3715988E-006
4.45025	1.3715988E-006
4.45175	1.3715988E-006
4.45325	1.3715988E-006
4.45475	1.3715988E-006
4.45625	1.3715988E-006
4.45775	1.3715988E-006
4.45925	1.3715988E-006
4.46075	1.3715988E-006
4.46225	1.3715988E-006
4.46375	1.3715988E-006
4.46525	1.3715988E-006
4.46675	1.3715988E-006
4.46825	1.3715988E-006
4.46975	1.3715988E-006
4.47125	1.3715988E-006
4.47275	1.3715988E-006
4.47425	1.3715988E-006
4.47575	1.3715988E-006
4.47725	1.3715988E-006
4.47875	1.3715988E-006
4.48025	1.3715988E-006
4.48175	1.3715988E-006
4.48325	1.3715988E-006
4.48475	1.3715988E-006
4.48625	1.3715988E-006
4.48775	1.3715988E-006
4.48925	1.3715988E-006
4.49075	1.3715988E-006
4.49225	1.3715988E-006
4.49375	1.3715988E-006
4.49525	1.3715988E-006
4.49675	1.3715988E-006
4.49825	1.3715988E-006
4.49975	1.3715988E-006
4.50125	1.3715988E-006
4.50275	1.3715988E-006
4.50425	1.3715988E-006
4.50575	1.3715988E-006
4.50725	1.3715988E-006
4.50875	1.3715988E-006
4.51025	1.3715988E-006
4.51175	1.3715988E-006
4.51325	1.3715988E-006
4.51475	1.3715988E-006
4.51625	1.3715988E-006
4.51775	1.3715988E-006
4.51925	1.3715988E-006
4.52075	1.3715988E-006
4.52225	1.3715988E-006
4.52375	1.3715988E-006
4.52525	1.3715988E-006
4.52675	1.3715988E-006
4.52825	1.3715988E-006
4.52975	1.3715988E-006
4.53125	1.3715988E-006
4.53275	1.3715988E-006
4.53425	1.3715988E-006
4.53575	1.3715988E-006
4.53725	1.3715988E-006
4.53875	1.3715988E-006
4.54025	1.3715988E-006
4.54175	1.3715988E-006
4.54325	1.3715988E-006
4.54475	1.3715988E-006
4.54625	1.3715988E-006
4.54775	1.3715988E-006
4.54925	1.3715988E-006
4.55075	1.3715988E-006
4.55225	1.3715988E-006
4.55375	1.3715988E-006
4.55525	1.3715988E-006
4.55675	1.3715988E-006
4.55825	1.3715988E-006
4.55975	1.3715988E-006
4.56125	1.3715988E-006
4.56275	1.3715988E-006
4.56425	1.3715988E-006
4.56575	1.3715988E-006
4.56725	1.3715988E-006
4.56875	1.3715988E-006
4.57025	1.3715988E-006
4.57175	1.3715988E-006
4.57325	1.3715988E-006
4.57475	1.3715988E-006
4.57625	1.3715988E-006
4.57775	1.3715988E-006
4.57925	1.3715988E-006
4.58075	1.3715988E-006
4.58225	1.3715988E-006
4.58375	1.3715988E-006
4.58525	1.3715988E-006
4.58675	1.3715988E-006
4.58825	1.3715988E-006
4.58975	1.3715988E-006
4.59125	1.3715988E-006
4.59275	1.3715988E-006
4.59425	1.3715988E-006
4.59575	1.3715988E-006
4.59725	1.3715988E-006
4.59875	1.3715988E-006
4.60025	1.3715988E-006
4.60175	1.3715988E-006
4.60325	1.3715988E-006
4.60475	1.3715988E-006
4.60625	1.3715988E-006
4.60775	1.3715988E-006
4.60925	1.3715988E-006
4.61075	1.3715988E-006
4.61225	1.3715988E-006
4.61375	1.3715988E-006
4.61525	1.3715988E-006
4.61675	1.3715988E-006
4.61825	1.3715988E-006
4.61975	1.3715988E-006
4.62125	1.3715988E-006
4.62275	1.3715988E-006
4.62425	1.3715988E-006
4.62575	1.3715988E-006
4.62725	1.3715988E-006
4.62875	1.3715988E-006
4.63025	1.3715988E-006
4.63175	1.3715988E-006
4.63325	1.3715988E-006
4.63475	1.3715988E-006
4.63625	1.3715988E-006
4.63775	1.3715988E-006
4.63925	1.3715988E-006
4.64075	1.3715988E-006
4.64225	1.3715988E-006
4.64375	1.3715988E-006
4.64525	1.3715988E-006
4.64675	1.3715988E-006
4.64825	1.3715988E-006
4.64975	1.3715988E-006
4.65125	1.3715988E-006
4.65275	1.3715988E-006
4.65425	1.3715988E-006
4.65575	1.3715988E-006
4.65725	1.3715988E-006
4.65875	1.3715988E-006
4.66025	1.3715988E-006
4.66175	1.3715988E-006
4.66325	1.3715988E-006
4.66475	1.3715988E-006
4.66625	1.3715988E-006
4.66775	1.3715988E-006
4.66925	1.3715988E-006
4.67075	1.3715988E-006
4.67225	1.3715988E-006
4.67375	1.3715988E-006
4.67525	1.3715988E-006
4.67675	1.3715988E-006
4.67825	1.3715988E-006
4.67975	1.3715988E-006
4.68125	1.3715988E-006
4.68275	1.3715988E-006
4.68425	1.3715988E-006
4.68575	1.3715988E-006
4.68725	1.3715988E-006
4.68875	1.3715988E-006
4.69025	1.3715988E-006
4.69175	1.3715988E-006
4.69325	1.3715988E-006
4.69475	1.3715988E-006
4.69625	1.3715988E-006
4.69775	1.3715988E-006
4.69925	1.3715988E-006
4.70075	1.3715988E-006
4.70225	1.3715988E-006
4.70375	1.3715988E-006
4.70525	1.3715988E-006
4.70675	1.3715988E-006
4.70825	1.3715988E-006
4.70975	1.3715988E-006
4.71125	1.3715988E-006
4.71275	1.3715988E-006
4.71425	1.3715988E-006
4.71575	1.3715988E-006
4.71725	1.3715988E-006
4.71875	1.3715988E-006
4.72025	1.3715988E-006
4.72175	1.3715988E-006
4.72325	1.3715988E-006
4.72475	1.3715988E-006
4.72625	1.3715988E-006
4.72775	1.3715988E-006
4.72925	1.3715988E-006
4.73075	1.3715988E-006
4.73225	1.3715988E-006
4.73375	1.3715988E-006
4.73525	1.3715988E-006
4.73675	1.3715988E-006
4.73825	1.3715988E-006
4.73975	1.3715988E-006
4.74125	1.3715988E-006
4.74275	1.3715988E-006
4.74425	1.3715988E-006
4.74575	1.3715988E-006
4.74725	1.3715988E-006
4.74875	1.3715988E-006
4.75025	1.3715988E-006
4.75175	1.3715988E-006
4.75325	1.3715988E-006
4.75475	1.3715988E-006
4.75625	1.3715988E-006
4.75775	1.3715988E-006
4.75925	1.3715988E-006
4.76075	1.3715988E-006
4.76225	1.3715988E-006
4.76375	1.3715988E-006
4.76525	1.3715988E-006
4.76675	1.3715988E-006
4.76825	1.3715988E-006
4.76975	1.3715988E-006
4.77125	1.3715988E-006
4.77275	1.3715988E-006
4.77425	1.3715988E-006
4.77575	1.3715988E-006
4.77725	1.3715988E-006
4.77875	1.3715988E-006
4.78025	1.3715988E-006
4.78175	1.3715988E-006
4.78325	1.3715988E-006
4.78475	1.3715988E-006
4.78625	1.3715988E-006
4.78775	1.3715988E-006
4.78925	1.3715988E-006
4.79075	1.3715988E-006
4.79225	1.3715988E-006
4.79375	1.3715988E-006
4.79525	1.3715988E-006
4.79675	1.3715988E-006
4.79825	1.3715990E-006
4.79975	1.3715994E-006
4.80125	1.3716013E-006
4.80275	1.3716088E-006
4.80425	1.3716352E-006
4.80575	1.3717192E-006
4.80725	1.3719693E-006
4.80875	1.3726554E-006
4.81025	1.3743951E-006
4.81175	1.3784776E-006
4.81325	1.3873537E-006
4.81475	1.4052624E-006
4.81625	1.4388551E-006
4.81775	1.4975644E-006
4.81925	1.5934127E-006
4.82075	1.7400392E-006
4.82225	1.9509816E-006
4.82375	2.2375648E-006
4.82525	2.6069972E-006
4.82675	3.0612348E-006
4.82825	3.5969133E-006
4.82975	4.2062170E-006
4.83125	4.8782576E-006
4.83275	5.6004574E-006
4.83425	6.3595739E-006
4.83575	7.1422533E-006
4.83725	7.9352267E-006
4.83875	8.7253247E-006
4.84025	9.4994693E-006
4.84175	1.0244749E-005
4.84325	1.0948586E-005
4.84475	1.1598947E-005
4.84625	1.2184621E-005
4.84775	1.2695465E-005
4.84925	1.3122620E-005
4.85075	1.3458704E-005
4.85225	1.3697944E-005
4.85375	1.3836306E-005
4.85525	1.3871542E-005
4.85675	1.3803285E-005
4.85825	1.3633019E-005
4.85975	1.3364079E-005
4.86125	1.3001553E-005
4.86275	1.2552185E-005
4.86425	1.2024165E-005
4.86575	1.1426954E-005
4.86725	1.0771029E-005
4.86875	1.0067640E-005
4.87025	9.3285571E-006
4.87175	8.5658357E-006
4.87325	7.7916084E-006
4.87475	7.0179663E-006
4.87625	6.2569034E-006
4.87775	5.5203595E-006
4.87925	4.8202714E-006
4.88075	4.1684843E-006
4.88225	3.5763603E-006
4.88375	3.0539468E-006
4.88525	2.6087496E-006
4.88675	2.2443999E-006
4.88825	1.9596846E-006
4.88975	1.7484059E-006
4.89125	1.6002577E-006
4.89275	1.5025269E-006
4.89425	1.4421006E-006
4.89575	1.4071948E-006
4.89725	1.3884064E-006
4.89875	1.3790038E-006
4.90025	1.3746370E-006
4.90175	1.3727578E-006
4.90325	1.3720093E-006
4.90475	1.3717336E-006
4.90625	1.3716398E-006
4.90775	1.3716103E-006
4.90925	1.3716018E-006
4.91075	1.3715995E-006
4.91225	1.3715990E-006
4.91375	1.3715988E-006
4.91525	1.3715988E-006
4.91675	1.3715988E-006
4.91825	1.3715988E-006
4.91975	1.3715988E-006
4.92125	1.3715988E-006
4.92275	1.3715988E-006
4.92425	1.3715988E-006
4.92575	1.3715988E-006
4.92725	1.3715988E-006
4.92875	1.3715988E-006
4.93025	1.3715988E-006
4.93175	1.3715988E-006
4.93325	1.3715988E-006
4.93475	1.3715988E-006
4.93625	1.3715988E-006
4.93775	1.3715988E-006
4.93925	1.3715988E-006
4.94075	1.3715988E-006
4.94225	1.3715988E-006
4.94375	1.3715988E-006
4.94525	1.3715988E-006
4.94675	1.3715988E-006
4.94825	1.3715988E-006
4.94975	1.3715988E-006
4.95125	1.3715988E-006
4.95275	1.3715988E-006
4.95425	1.3715988E-006
4.95575	1.3715988E-006
4.95725	1.3715988E-006
4.95875	1.3715988E-006
4.96025	1.3715988E-006
4.96175	1.3715988E-006
4.96325	1.3715988E-006
4.96475	1.3715988E-006
4.96625	1.3715988E-006
4.96775	1.3715988E-006
4.96925	1.3715988E-006
4.97075	1.3715988E-006
4.97225	1.3715988E-006
4.97375	1.3715988E-006
4.97525	1.3715988E-006
4.97675	1.3715988E-006
4.97825	1.3715988E-006
4.97975	1.3715988E-006
4.98125	1.3715988E-006
4.98275	1.3715988E-006
4.98425	1.3715988E-006
4.98575	1.3715988E-006
4.98725	1.3715988E-006
4.98875	1.3715988E-006
4.99025	1.3715988E-006
4.99175	1.3715988E-006
4.99325	1.3715988E-006
4.99475	1.3715988E-006
4.99625	1.3715988E-006
4.99775	1.3715988E-006
4.99925	1.3715988E-006
5.00075	1.3715988E-006
5.00225	1.3715988E-006
5.00375	1.3715988E-006
5.00525	1.3715988E-006
5.00675	1.3715988E-006
5.00825	1.3715988E-006
5.00975	1.3715988E-006
5.01125	1.3715988E-006
5.01275	1.3715988E-006
5.01425	1.3715988E-006
5.01575	1.3715988E-006
5.01725	1.3715988E-006
5.01875	1.3715988E-006
5.02025	1.3715988E-006
5.02175	1.3715988E-006
5.02325	1.3715988E-006
5.02475	1.3715988E-006
5.02625	1.3715988E-006
5.02775	1.3715988E-006
5.02925	1.3715988E-006
5.03075	1.3715988E-006
5.03225	1.3715988E-006
5.03375	1.3715988E-006
5.03525	1.3715988E-006
5.03675	1.3715988E-006
5.03825	1.3715988E-006
5.03975	1.3715988E-006
5.04125	1.3715988E-006
5.04275	1.3715988E-006
5.04425	1.3715988E-006
5.04575	1.3715988E-006
5.04725	1.3715988E-006
5.04875	1.3715988E-006
5.05025	1.3715988E-006
5.05175	1.3715988E-006
5.05325	1.3715988E-006
5.05475	1.3715988E-006
5.05625	1.3715988E-006
5.05775	1.3715988E-006
5.05925	1.3715988E-006
5.06075	1.3715988E-006
5.06225	1.3715988E-006
5.06375	1.3715988E-006
5.06525	1.3715988E-006
5.06675	1.3715988E-006
5.06825	1.3715988E-006
5.06975	1.3715988E-006
5.07125	1.3715988E-006
5.07275	1.3715988E-006
5.07425	1.3715988E-006
5.07575	1.3715988E-006
5.07725	1.3715988E-006
5.07875	1.3715988E-006
5.08025	1.3715988E-006
5.08175	1.3715988E-006
5.08325	1.3715988E-006
5.08475	1.3715988E-006
5.08625	1.3715988E-006
5.08775	1.3715988E-006
5.08925	1.3715988E-006
5.09075	1.3715988E-006
5.09225	1.3715988E-006
5.09375	1.3715988E-006
5.09525	1.3715988E-006
5.09675	1.3715988E-006
5.09825	1.3715988E-006
5.09975	1.3715988E-006
5.10125	1.3715988E-006
5.10275	1.3715988E-006
5.10425	1.3715988E-006
5.10575	1.3715988E-006
5.10725	1.3715988E-006
5.10875	1.3715988E-006
5.11025	1.3715988E-006
5.11175	1.3715988E-006
5.11325	1.3715988E-006
5.11475	1.3715988E-006
5.11625	1.3715988E-006
5.11775	1.3715988E-006
5.11925	1.3715988E-006
5.12075	1.3715988E-006
5.12225	1.3715988E-006
5.12375	1.3715988E-006
5.12525	1.3715988E-006
5.12675	1.3715988E-006
5.12825	1.3715988E-006
5.12975	1.3715988E-006
5.13125	1.3715988E-006
5.13275	1.3715988E-006
5.13425	1.3715988E-006
5.13575	1.3715988E-006
5.13725	1.3715988E-006
5.13875	1.3715988E-006
5.14025	1.3715988E-006
5.14175	1.3715988E-006
5.14325	1.3715988E-006
5.14475	1.3715988E-006
5.14625	1.3715988E-006
5.14775	1.3715988E-006
5.14925	1.3715988E-006
5.15075	1.3715988E-006
5.15225	1.3715988E-006
5.15375	1.3715988E-006
5.15525	1.3715988E-006
5.15675	1.3715988E-006
5.15825	1.3715988E-006
5.15975	1.3715988E-006
5.16125	1.3715988E-006
5.16275	1.3715988E-006
5.16425	1.3715988E-006
5.16575	1.3715988E-006
5.16725	1.3715988E-006
5.16875	1.3715988E-006
5.17025	1.3715988E-006
5.17175	1.3715988E-006
5.17325	1.3715988E-006
5.17475	1.3715988E-006
5.17625	1.3715988E-006
5.17775	1.3715988E-006
5.17925	1.3715988E-006
5.18075	1.3715988E-006
5.18225	1.3715988E-006
5.18375	1.3715988E-006
5.18525	1.3715988E-006
5.18675	1.3715988E-006
5.18825	1.3715988E-006
5.18975	1.3715988E-006
5.19125	1.3715988E-006
5.19275	1.3715988E-006
5.19425	1.3715988E-006
5.19575	1.3715988E-006
5.19725	1.3715988E-006
5.19875	1.3715988E-006
5.20025	1.3715988E-006
5.20175	1.3715988E-006
5.20325	1.3715988E-006
5.20475	1.3715988E-006
5.20625	1.3715988E-006
5.20775	1.3715988E-006
5.20925	1.3715988E-006
5.21075	1.3715988E-006
5.21225	1.3715988E-006
5.21375	1.3715988E-006
5.21525	1.3715988E-006
5.21675	1.3715988E-006
5.21825	1.3715988E-006
5.21975	1.3715988E-006
5.22125	1.3715988E-006
5.22275	1.3715988E-006
5.22425	1.3715988E-006
5.22575	1.3715988E-006
5.22725	1.3715988E-006
5.22875	1.3715988E-006
5.23025	1.3715988E-006
5.23175	1.3715988E-006
5.23325	1.3715988E-006
5.23475	1.3715988E-006
5.23625	1.3715988E-006
5.23775	1.3715988E-006
5.23925	1.3715988E-006
5.24075	1.3715988E-006
5.24225	1.3715988E-006
5.24375	1.3715988E-006
5.24525	1.3715988E-006
5.24675	1.3715988E-006
5.24825	1.3715988E-006
5.24975	1.3715988E-006
5.25125	1.3715988E-006
5.25275	1.3715988E-006
5.25425	1.3715988E-006
5.25575	1.3715988E-006
5.25725	1.3715988E-006
5.25875	1.3715988E-006
5.26025	1.3715988E-006
5.26175	1.3715988E-006
5.26325	1.3715988E-006
5.26475	1.3715988E-006
5.26625	1.3715988E-006
5.26775	1.3715988E-006
5.26925	1.3715988E-006
5.27075	1.3715988E-006
5.27225	1.3715988E-006
5.27375	1.3715988E-006
5.27525	1.3715988E-006
5.27675	1.3715988E-006
5.27825	1.3715988E-006
5.27975	1.3715988E-006
5.28125	1.3715988E-006
5.28275	1.3715988E-006
5.28425	1.3715988E-006
5.28575	1.3715988E-006
5.28725	1.3715988E-006
5.28875	1.3715988E-006
5.29025	1.3715988E-006
5.29175	1.3715988E-006
5.29325	1.3715988E-006
5.29475	1.3715988E-006
5.29625	1.3715988E-006
5.29775	1.3715988E-006
5.29925	1.3715988E-006
5.30075	1.3715988E-006
5.30225	1.3715988E-006
5.30375	1.3715988E-006
5.30525	1.3715988E-006
5.30675	1.3715988E-006
5.30825	1.3715988E-006
5.30975	1.3715988E-006
5.31125	1.3715988E-006
5.31275	1.3715988E-006
5.31425	1.3715988E-006
5.31575	1.3715988E-006
5.31725	1.3715988E-006
5.31875	1.3715988E-006
5.32025	1.3715988E-006
5.32175	1.3715988E-006
5.32325	1.3715988E-006
5.32475	1.3715988E-006
5.32625	1.3715988E-006
5.32775	1.3715988E-006
5.32925	1.3715988E-006
5.33075	1.3715988E-006
5.33225	1.3715988E-006
5.33375	1.3715988E-006
5.33525	1.3715988E-006
5.33675	1.3715988E-006
5.33825	1.3715988E-006
5.33975	1.3715988E-006
5.34125	1.3715988E-006
5.34275	1.3715988E-006
5.34425	1.3715988E-006
5.34575	1.3715988E-006
5.34725	1.3715988E-006
5.34875	1.3715988E-006
5.35025	1.3715988E-006
5.35175	1.3715988E-006
5.35325	1.3715988E-006
5.35475	1.3715988E-006
5.35625	1.3715988E-006
5.35775	1.3715988E-006
5.35925	1.3715988E-006
5.36075	1.3715988E-006
5.36225	1.3715988E-006
5.36375	1.3715988E-006
5.36525	1.3715988E-006
5.36675	1.3715988E-006
5.36825	1.3715988E-006
5.36975	1.3715988E-006
5.37125	1.3715988E-006
5.37275	1.3715988E-006
5.37425	1.3715988E-006
5.37575	1.3715988E-006
5.37725	1.3715988E-006
5.37875	1.3715988E-006
5.38025	1.3715988E-006
5.38175	1.3715988E-006
5.38325	1.3715988E-006
5.38475	1.3715988E-006
5.38625	1.3715988E-006
5.38775	1.3715988E-006
5.38925	1.3715988E-006
5.39075	1.3715988E-006
5.39225	1.3715988E-006
5.39375	1.3715988E-006
5.39525	1.3715988E-006
5.39675	1.3715988E-006
5.39825	1.3715988E-006
5.39975	1.3715988E-006
5.40125	1.3715988E-006
5.40275	1.3715988E-006
5.40425	1.3715988E-006
5.40575	1.3715988E-006
5.40725	1.3715988E-006
5.40875	1.3715988E-006
5.41025	1.3715988E-006
5.41175	1.3715988E-006
5.41325	1.3715988E-006
5.41475	1.3715988E-006
5.41625	1.3715988E-006
5.41775	1.3715988E-006
5.41925	1.3715988E-006
5.42075	1.3715988E-006
5.42225	1.3715988E-006
5.42375	1.3715988E-006
5.42525	1.3715988E-006
5.42675	1.3715988E-006
5.42825	1.3715988E-006
5.42975	1.3715988E-006
5.43125	1.3715988E-006
5.43275	1.3715988E-006
5.43425	1.3715988E-006
5.43575	1.3715988E-006
5.43725	1.3715988E-006
5.43875	1.3715988E-006
5.44025	1.3715988E-006
5.44175	1.3715988E-006
5.44325	1.3715988E-006
5.44475	1.3715988E-006
5.44625	1.3715988E-006
5.44775	1.3715988E-006
5.44925	1.3715988E-006
5.45075	1.3715988E-006
5.45225	1.3715988E-006
5.45375	1.3715988E-006
5.45525	1.3715988E-006
5.45675	1.3715988E-006
5.45825	1.3715988E-006
5.45975	1.3715988E-006
5.46125	1.3715988E-006
5.46275	1.3715988E-006
5.46425	1.3715988E-006
5.46575	1.3715988E-006
5.46725	1.3715988E-006
5.46875	1.3715988E-006
5.47025	1.3715988E-006
5.47175	1.3715988E-006
5.47325	1.3715988E-006
5.47475	1.3715988E-006
5.47625	1.3715988E-006
5.47775	1.3715988E-006
5.47925	1.3715988E-006
5.48075	1.3715988E-006
5.48225	1.3715988E-006
5.48375	1.3715988E-006
5.48525	1.3715988E-006
5.48675	1.3715988E-006
5.48825	1.3715988E-006
5.48975	1.3715988E-006
5.49125	1.3715988E-006
5.49275	1.3715988E-006
5.49425	1.3715988E-006
5.49575	1.3715988E-006
5.49725	1.3715988E-006
5.49875	1.3715988E-006
5.50025	1.3716000E-006
5.50175	1.3716000E-006
5.50325	1.3716000E-006
5.50475	1.3716000E-006
5.50625	1.3716000E-006
5.50775	1.3716000E-006
5.50925	1.3716000E-006
5.51075	1.3716000E-006
5.51225	1.3716000E-006
5.51375	1.3716000E-006
5.51525	1.3716000E-006
5.51675	1.3716000E-006
5.51825	1.3716000E-006
5.51975	1.3716000E-006
5.52125	1.3716000E-006
5.52275	1.3716000E-006
5.52425	1.3716000E-006
5.52575	1.3716000E-006
5.52725	1.3716000E-006
5.52875	1.3716000E-006
5.53025	1.3716000E-006
5.53175	1.3716000E-006
5.53325	1.3716000E-006
5.53475	1.3716000E-006
5.53625	1.3716000E-006
5.53775	1.3716000E-006
5.53925	1.3716000E-006
5.54075	1.3716000E-006
5.54225	1.3716000E-006
5.54375	1.3716000E-006
5.54525	1.3716000E-006
5.54675	1.3716000E-006
5.54825	1.3716000E-006
5.54975	1.3716000E-006
5.55125	1.3716000E-006
5.55275	1.3716000E-006
5.55425	1.3716000E-006
5.55575	1.3716000E-006
5.55725	1.3716000E-006
5.55875	1.3716000E-006
5.56025	1.3716000E-006
5.56175	1.3716000E-006
5.56325	1.3716000E-006
5.56475	1.3716000E-006
5.56625	1.3716000E-006
5.56775	1.3716000E-006
5.56925	1.3716000E-006
5.57075	1.3716000E-006
5.57225	1.3716000E-006
5.57375	1.3716000E-006
5.57525	1.3716000E-006
5.57675	1.3716000E-006
5.57825	1.3716000E-006
5.57975	1.3716000E-006
5.58125	1.3716000E-006
5.58275	1.3716000E-006
5.58425	1.3716000E-006
5.58575	1.3716000E-006
5.58725	1.3716000E-006
5.58875	1.3716000E-006
5.59025	1.3716000E-006
5.59175	1.3716000E-006
5.59325	1.3716000E-006
5.59475	1.3716000E-006
5.59625	1.3716000E-006
5.59775	1.3716000E-006
5.59925	1.3716000E-006
