theta_deg	I
0.20825	8.3128947E-001
0.20975	8.3208472E-001
0.21125	8.3207339E-001
0.21275	8.3191586E-001
0.21425	8.3125520E-001
0.21575	8.3118600E-001
0.21725	8.3150214E-001
0.21875	8.3182073E-001
0.22025	8.3168316E-001
0.22175	8.3006763E-001
0.22325	8.2773572E-001
0.22475	8.2474285E-001
0.22625	8.2144982E-001
0.22775	8.1901735E-001
0.22925	8.1674737E-001
0.23075	8.1565052E-001
0.23225	8.1438547E-001
0.23375	8.1292468E-001
0.23525	8.1109291E-001
0.23675	8.0810672E-001
0.23825	8.0548471E-001
0.23975	8.0209380E-001
0.24125	7.9923111E-001
0.24275	7.9674077E-001
0.24425	7.9352570E-001
0.24575	7.9001117E-001
0.24725	7.8515273E-001
0.24875	7.8004855E-001
0.25025	7.7391338E-001
0.25175	7.6733869E-001
0.25325	7.6140124E-001
0.25475	7.5535542E-001
0.25625	7.4983746E-001
0.25775	7.4403381E-001
0.25925	7.3797959E-001
0.26075	7.3078823E-001
0.26225	7.2281450E-001
0.26375	7.1440840E-001
0.26525	7.0565075E-001
0.26675	6.9631976E-001
0.26825	6.8699026E-001
0.26975	6.7693466E-001
0.27125	6.6607136E-001
0.27275	6.5397471E-001
0.27425	6.4058930E-001
0.27575	6.2613606E-001
0.27725	6.1043102E-001
0.27875	5.9416002E-001
0.28025	5.7783926E-001
0.28175	5.6125551E-001
0.28325	5.4400766E-001
0.28475	5.2635223E-001
0.28625	5.0807446E-001
0.28775	4.8918915E-001
0.28925	4.6941617E-001
0.29075	4.4941524E-001
0.29225	4.2967725E-001
0.29375	4.0981030E-001
0.29525	3.9056036E-001
0.29675	3.7187207E-001
0.29825	3.5364649E-001
0.29975	3.3587876E-001
0.30125	3.1889081E-001
0.30275	3.0307421E-001
0.30425	2.8805703E-001
0.30575	2.7401802E-001
0.30725	2.6116452E-001
0.30875	2.4914406E-001
0.31025	2.3790127E-001
0.31175	2.2725813E-001
0.31325	2.1725368E-001
0.31475	2.0785797E-001
0.31625	1.9878507E-001
0.31775	1.9057651E-001
0.31925	1.8276274E-001
0.32075	1.7540272E-001
0.32225	1.6836138E-001
0.32375	1.6155596E-001
0.32525	1.5503584E-001
0.32675	1.4878362E-001
0.32825	1.4288528E-001
0.32975	1.3736232E-001
0.33125	1.3248308E-001
0.33275	1.2815773E-001
0.33425	1.2426674E-001
0.33575	1.2044569E-001
0.33725	1.1674807E-001
0.33875	1.1323404E-001
0.34025	1.0946991E-001
0.34175	1.0576430E-001
0.34325	1.0196794E-001
0.34475	9.8393321E-002
0.34625	9.4892778E-002
0.34775	9.1531895E-002
0.34925	8.8520087E-002
0.35075	8.5659392E-002
0.35225	8.3245374E-002
0.35375	8.0988176E-002
0.35525	7.9033419E-002
0.35675	7.7297658E-002
0.35825	7.5711861E-002
0.35975	7.4076682E-002
0.36125	7.2215885E-002
0.36275	7.0304334E-002
0.36425	6.8240531E-002
0.36575	6.5930754E-002
0.36725	6.3437194E-002
0.36875	6.1105240E-002
0.37025	5.9018124E-002
0.37175	5.6944031E-002
0.37325	5.5179473E-002
0.37475	5.3720314E-002
0.37625	5.2603830E-002
0.37775	5.1642109E-002
0.37925	5.0834924E-002
0.38075	5.0315779E-002
0.38225	4.9838915E-002
0.38375	4.9371198E-002
0.38525	4.8729289E-002
0.38675	4.7936961E-002
0.38825	4.6920151E-002
0.38975	4.5686394E-002
0.39125	4.4161405E-002
0.39275	4.2528745E-002
0.39425	4.0904079E-002
0.39575	3.9297480E-002
0.39725	3.7843585E-002
0.39875	3.6550853E-002
0.40025	3.5564672E-002
0.40175	3.4744456E-002
0.40325	3.4223933E-002
0.40475	3.3856343E-002
0.40625	3.3712100E-002
0.40775	3.3729013E-002
0.40925	3.3753019E-002
0.41075	3.3759419E-002
0.41225	3.3601228E-002
0.41375	3.3256039E-002
0.41525	3.2721117E-002
0.41675	3.1899072E-002
0.41825	3.0847969E-002
0.41975	2.9779725E-002
0.42125	2.8571343E-002
0.42275	2.7454400E-002
0.42425	2.6296316E-002
0.42575	2.5173204E-002
0.42725	2.4313895E-002
0.42875	2.3526371E-002
0.43025	2.3071684E-002
0.43175	2.2847200E-002
0.43325	2.2790506E-002
0.43475	2.2989387E-002
0.43625	2.3277881E-002
0.43775	2.3695759E-002
0.43925	2.3979453E-002
0.44075	2.4170563E-002
0.44225	2.4227487E-002
0.44375	2.4065865E-002
0.44525	2.3636555E-002
0.44675	2.2952810E-002
0.44825	2.2139909E-002
0.44975	2.1156242E-002
0.45125	2.0063305E-002
0.45275	1.8974714E-002
0.45425	1.7970704E-002
0.45575	1.7053559E-002
0.45725	1.6340556E-002
0.45875	1.5814317E-002
0.46025	1.5541143E-002
0.46175	1.5482164E-002
0.46325	1.5649499E-002
0.46475	1.5975254E-002
0.46625	1.6383076E-002
0.46775	1.6813301E-002
0.46925	1.7231181E-002
0.47075	1.7558536E-002
0.47225	1.7746674E-002
0.47375	1.7821200E-002
0.47525	1.7714214E-002
0.47675	1.7440580E-002
0.47825	1.6945662E-002
0.47975	1.6339643E-002
0.48125	1.5589605E-002
0.48275	1.4727325E-002
0.48425	1.3779323E-002
0.48575	1.2910184E-002
0.48725	1.2181181E-002
0.48875	1.1508867E-002
0.49025	1.0988574E-002
0.49175	1.0698023E-002
0.49325	1.0665561E-002
0.49475	1.0802492E-002
0.49625	1.1104245E-002
0.49775	1.1580418E-002
0.49925	1.2116257E-002
0.50075	1.2728448E-002
0.50225	1.3255372E-002
0.50375	1.3696797E-002
0.50525	1.3953286E-002
0.50675	1.4059815E-002
0.50825	1.4037869E-002
0.50975	1.3778408E-002
0.51125	1.3316636E-002
0.51275	1.2721363E-002
0.51425	1.2008130E-002
0.51575	1.1200257E-002
0.51725	1.0366323E-002
0.51875	9.5433639E-003
0.52025	8.8637359E-003
0.52175	8.2730334E-003
0.52325	7.8816703E-003
0.52475	7.7067916E-003
0.52625	7.7314805E-003
0.52775	7.9548229E-003
0.52925	8.2961228E-003
0.53075	8.8251028E-003
0.53225	9.3698567E-003
0.53375	9.9692466E-003
0.53525	1.0535032E-002
0.53675	1.0978058E-002
0.53825	1.1428171E-002
0.53975	1.1634597E-002
0.54125	1.1729467E-002
0.54275	1.1600994E-002
0.54425	1.1264950E-002
0.54575	1.0803635E-002
0.54725	1.0142525E-002
0.54875	9.4368355E-003
0.55025	8.6911432E-003
0.55175	7.9411073E-003
0.55325	7.2470778E-003
0.55475	6.6799209E-003
0.55625	6.2261499E-003
0.55775	5.9330841E-003
0.55925	5.7892948E-003
0.56075	5.8537605E-003
0.56225	6.1107068E-003
0.56375	6.5171574E-003
0.56525	7.0472807E-003
0.56675	7.6363827E-003
0.56825	8.2883500E-003
0.56975	8.8859098E-003
0.57125	9.4148898E-003
0.57275	9.8165413E-003
0.57425	1.0082174E-002
0.57575	1.0176130E-002
0.57725	1.0113721E-002
0.57875	9.8579181E-003
0.58025	9.4731832E-003
0.58175	8.9153992E-003
0.58325	8.2620606E-003
0.58475	7.5678029E-003
0.58625	6.8275966E-003
0.58775	6.1568837E-003
0.58925	5.5376063E-003
0.59075	5.0550317E-003
0.59225	4.7281338E-003
0.59375	4.5443391E-003
0.59525	4.5992034E-003
0.59675	4.8202593E-003
0.59825	5.2033928E-003
0.59975	5.7378598E-003
0.60125	6.3719959E-003
0.60275	7.0957444E-003
0.60425	7.8158341E-003
0.60575	8.4632291E-003
0.60725	9.0091266E-003
0.60875	9.3982024E-003
0.61025	9.6281739E-003
0.61175	9.6734380E-003
0.61325	9.4818706E-003
0.61475	9.1803474E-003
0.61625	8.6961724E-003
0.61775	8.1175854E-003
0.61925	7.4297283E-003
0.62075	6.6892928E-003
0.62225	5.9399423E-003
0.62375	5.2285395E-003
0.62525	4.6277787E-003
0.62675	4.1646347E-003
0.62825	3.8445946E-003
0.62975	3.7373814E-003
0.63125	3.8146479E-003
0.63275	4.0805098E-003
0.63425	4.4924472E-003
0.63575	5.0776629E-003
0.63725	5.7577486E-003
0.63875	6.4652651E-003
0.64025	7.2292462E-003
0.64175	7.9616802E-003
0.64325	8.6280489E-003
0.64475	9.1412561E-003
0.64625	9.4674686E-003
0.64775	9.6377758E-003
0.64925	9.5947981E-003
0.65075	9.3053905E-003
0.65225	8.8747097E-003
0.65375	8.2748625E-003
0.65525	7.5828903E-003
0.65675	6.7994781E-003
0.65825	5.9911492E-003
0.65975	5.2701440E-003
0.66125	4.5882310E-003
0.66275	4.0473635E-003
0.66425	3.6745165E-003
0.66575	3.5053522E-003
0.66725	3.5750754E-003
0.66875	3.8235635E-003
0.67025	4.2791632E-003
0.67175	4.9192435E-003
0.67325	5.7282592E-003
0.67475	6.6245999E-003
0.67625	7.5383135E-003
0.67775	8.4353397E-003
0.67925	9.2642428E-003
0.68075	9.9978214E-003
0.68225	1.0523830E-002
0.68375	1.0855757E-002
0.68525	1.0929595E-002
0.68675	1.0782376E-002
0.68825	1.0431931E-002
0.68975	9.8160850E-003
0.69125	9.0639899E-003
0.69275	8.1930244E-003
0.69425	7.2866245E-003
0.69575	6.3397638E-003
0.69725	5.4692551E-003
0.69875	4.6904148E-003
0.70025	4.1131997E-003
0.70175	3.7218367E-003
0.70325	3.6047932E-003
0.70475	3.7730429E-003
0.70625	4.1573192E-003
0.70775	4.8216311E-003
0.70925	5.6813955E-003
0.71075	6.7167250E-003
0.71225	7.8354934E-003
0.71375	9.0374723E-003
0.71525	1.0243566E-002
0.71675	1.1348390E-002
0.71825	1.2268733E-002
0.71975	1.2992938E-002
0.72125	1.3400075E-002
0.72275	1.3518947E-002
0.72425	1.3343382E-002
0.72575	1.2850977E-002
0.72725	1.2153520E-002
0.72875	1.1192256E-002
0.73025	1.0160583E-002
0.73175	8.9807799E-003
0.73325	7.7783433E-003
0.73475	6.7135249E-003
0.73625	5.7632346E-003
0.73775	5.0836066E-003
0.73925	4.6856138E-003
0.74075	4.6899575E-003
0.74225	5.0900076E-003
0.74375	5.8585610E-003
0.74525	6.9846441E-003
0.74675	8.4268814E-003
0.74825	1.0133381E-002
0.74975	1.2028475E-002
0.75125	1.3928141E-002
0.75275	1.5842667E-002
0.75425	1.7633518E-002
0.75575	1.9255893E-002
0.75725	2.0541996E-002
0.75875	2.1359241E-002
0.76025	2.1789009E-002
0.76175	2.1716313E-002
0.76325	2.1152129E-002
0.76475	2.0098511E-002
0.76625	1.8695137E-002
0.76775	1.7034357E-002
0.76925	1.5217673E-002
0.77075	1.3351839E-002
0.77225	1.1623395E-002
0.77375	1.0173157E-002
0.77525	9.0797627E-003
0.77675	8.6253071E-003
0.77825	8.7866979E-003
0.77975	9.8110549E-003
0.78125	1.1624310E-002
0.78275	1.4308989E-002
0.78425	1.7761763E-002
0.78575	2.1766149E-002
0.78725	2.6287859E-002
0.78875	3.1013934E-002
0.79025	3.5864368E-002
0.79175	4.0525977E-002
0.79325	4.4881035E-002
0.79475	4.8588011E-002
0.79625	5.1562786E-002
0.79775	5.3552065E-002
0.79925	5.4349873E-002
0.80075	5.4009944E-002
0.80225	5.2447241E-002
0.80375	4.9942240E-002
0.80525	4.6458378E-002
0.80675	4.2447362E-002
0.80825	3.8418975E-002
0.80975	3.4706283E-002
0.81125	3.1862725E-002
0.81275	3.0503012E-002
0.81425	3.1289168E-002
0.81575	3.4816694E-002
0.81725	4.1626003E-002
0.81875	5.2150290E-002
0.82025	6.6789605E-002
0.82175	8.5324496E-002
0.82325	1.0765413E-001
0.82475	1.3328661E-001
0.82625	1.6141354E-001
0.82775	1.9172591E-001
0.82925	2.2326654E-001
0.83075	2.5505152E-001
0.83225	2.8674099E-001
0.83375	3.1705105E-001
0.83525	3.4596989E-001
0.83675	3.7202501E-001
0.83825	3.9514518E-001
0.83975	4.1509211E-001
0.84125	4.3144774E-001
0.84275	4.4501352E-001
0.84425	4.5552576E-001
0.84575	4.6390572E-001
0.84725	4.6961203E-001
0.84875	4.7370195E-001
0.85025	4.7555065E-001
0.85175	4.7510326E-001
0.85325	4.7238567E-001
0.85475	4.6711984E-001
0.85625	4.6044290E-001
0.85775	4.5189902E-001
0.85925	4.4225439E-001
0.86075	4.3090114E-001
0.86225	4.1827628E-001
0.86375	4.0463960E-001
0.86525	3.8941553E-001
0.86675	3.7284157E-001
0.86825	3.5478079E-001
0.86975	3.3628616E-001
0.87125	3.1712580E-001
0.87275	2.9721680E-001
0.87425	2.7667707E-001
0.87575	2.5551993E-001
0.87725	2.3428254E-001
0.87875	2.1242654E-001
0.88025	1.9055068E-001
0.88175	1.6889608E-001
0.88325	1.4804913E-001
0.88475	1.2824826E-001
0.88625	1.0944361E-001
0.88775	9.2413835E-002
0.88925	7.7108376E-002
0.89075	6.3662358E-002
0.89225	5.2185494E-002
0.89375	4.2696536E-002
0.89525	3.5376534E-002
0.89675	2.9911397E-002
0.89825	2.6086459E-002
0.89975	2.3914987E-002
0.90125	2.2868231E-002
0.90275	2.2736557E-002
0.90425	2.3217304E-002
0.90575	2.4159133E-002
0.90725	2.5203606E-002
0.90875	2.6158469E-002
0.91025	2.6927024E-002
0.91175	2.7418971E-002
0.91325	2.7395422E-002
0.91475	2.6914680E-002
0.91625	2.6047371E-002
0.91775	2.4706632E-002
0.91925	2.3056597E-002
0.92075	2.1141157E-002
0.92225	1.9143192E-002
0.92375	1.7041901E-002
0.92525	1.4953184E-002
0.92675	1.3021286E-002
0.92825	1.1233632E-002
0.92975	9.7214440E-003
0.93125	8.4298542E-003
0.93275	7.4681337E-003
0.93425	6.8529709E-003
0.93575	6.5743071E-003
0.93725	6.5368167E-003
0.93875	6.7004939E-003
0.94025	7.0875143E-003
0.94175	7.5737461E-003
0.94325	8.0915252E-003
0.94475	8.6008469E-003
0.94625	9.1099385E-003
0.94775	9.5120454E-003
0.94925	9.8140268E-003
0.95075	1.0012223E-002
0.95225	9.9719893E-003
0.95375	9.7726500E-003
0.95525	9.4043752E-003
0.95675	8.9019127E-003
0.95825	8.2798926E-003
0.95975	7.5700893E-003
0.96125	6.8522855E-003
0.96275	6.1061345E-003
0.96425	5.3919884E-003
0.96575	4.7281333E-003
0.96725	4.1570910E-003
0.96875	3.6651439E-003
0.97025	3.2847533E-003
0.97175	3.0447233E-003
0.97325	2.9178504E-003
0.97475	2.9018484E-003
0.97625	2.9578554E-003
0.97775	3.1089599E-003
0.97925	3.3094420E-003
0.98075	3.5938204E-003
0.98225	3.8562536E-003
0.98375	4.1072564E-003
0.98525	4.3511721E-003
0.98675	4.5607984E-003
0.98825	4.7359061E-003
0.98975	4.7519086E-003
0.99125	4.7519081E-003
0.99275	4.6949866E-003
0.99425	4.5269658E-003
0.99575	4.2727627E-003
0.99725	3.9728391E-003
0.99875	3.6646866E-003
1.00025	3.3130997E-003
1.00175	2.9596842E-003
1.00325	2.6414730E-003
1.00475	2.3356064E-003
1.00625	2.0541993E-003
1.00775	1.8507456E-003
1.00925	1.7023841E-003
1.01075	1.5949422E-003
1.01225	1.5569947E-003
1.01375	1.5684245E-003
1.01525	1.6511778E-003
1.01675	1.7485614E-003
1.01825	1.8722340E-003
1.01975	2.0155662E-003
1.02125	2.1335238E-003
1.02275	2.2665688E-003
1.02425	2.3724108E-003
1.02575	2.4558499E-003
1.02725	2.5136855E-003
1.02875	2.5351739E-003
1.03025	2.5081993E-003
1.03175	2.4549353E-003
1.03325	2.3591521E-003
1.03475	2.2359367E-003
1.03625	2.0793455E-003
1.03775	1.8960085E-003
1.03925	1.7330167E-003
1.04075	1.5414498E-003
1.04225	1.3793722E-003
1.04375	1.2275820E-003
1.04525	1.1032235E-003
1.04675	1.0250424E-003
1.04825	9.6309179E-004
1.04975	9.6903538E-004
1.05125	9.7246439E-004
1.05275	1.0129266E-003
1.05425	1.0906507E-003
1.05575	1.1736325E-003
1.05725	1.2717018E-003
1.05875	1.3571981E-003
1.06025	1.4477238E-003
1.06175	1.5158466E-003
1.06325	1.5633955E-003
1.06475	1.5803118E-003
1.06625	1.5937992E-003
1.06775	1.5828265E-003
1.06925	1.5567661E-003
1.07075	1.5259050E-003
1.07225	1.4644116E-003
1.07375	1.3871449E-003
1.07525	1.2961620E-003
1.07675	1.1912346E-003
1.07825	1.0881360E-003
1.07975	9.7520760E-004
1.08125	8.8239601E-004
1.08275	8.0467202E-004
1.08425	7.3654921E-004
1.08575	6.8900036E-004
1.08725	6.7254115E-004
1.08875	6.7436998E-004
1.09025	6.9402967E-004
1.09175	7.2169019E-004
1.09325	7.6923898E-004
1.09475	8.3576160E-004
1.09625	8.9062564E-004
1.09775	9.5051876E-004
1.09925	1.0049256E-003
1.10075	1.0586466E-003
1.10225	1.0995660E-003
1.10375	1.1155680E-003
1.10525	1.1093958E-003
1.10675	1.0879074E-003
1.10825	1.0597896E-003
1.10975	1.0188703E-003
1.11125	9.5851981E-004
1.11275	8.8673941E-004
1.11425	8.2158839E-004
1.11575	7.5735175E-004
1.11725	6.8054214E-004
1.11875	6.1264803E-004
1.12025	5.4749701E-004
1.12175	5.0543464E-004
1.12325	4.7571663E-004
1.12475	4.5262798E-004
1.12625	4.5171357E-004
1.12775	4.6565823E-004
1.12925	5.0040538E-004
1.13075	5.3492398E-004
1.13225	5.8361579E-004
1.13375	6.3367916E-004
1.13525	6.8397116E-004
1.13675	7.2626217E-004
1.13825	7.6809601E-004
1.13975	7.9689967E-004
1.14125	8.1130146E-004
1.14275	8.2456018E-004
1.14425	8.2204561E-004
1.14575	8.0170017E-004
1.14725	7.6306681E-004
1.14875	7.4020680E-004
1.15025	6.9105782E-004
1.15175	6.4213743E-004
1.15325	5.8155839E-004
1.15475	5.3446676E-004
1.15625	4.8897538E-004
1.15775	4.3251121E-004
1.15925	3.9867844E-004
1.16075	3.5935920E-004
1.16225	3.4152842E-004
1.16375	3.3238440E-004
1.16525	3.3078421E-004
1.16675	3.4267141E-004
1.16825	3.7581837E-004
1.16975	4.1285160E-004
1.17125	4.5468542E-004
1.17275	4.9926242E-004
1.17425	5.4521096E-004
1.17575	5.8018678E-004
1.17725	6.0464704E-004
1.17875	6.3847977E-004
1.18025	6.4533780E-004
1.18175	6.4670941E-004
1.18325	6.4168026E-004
1.18475	6.3390780E-004
1.18625	6.1607698E-004
1.18775	5.6189881E-004
1.18925	5.2875181E-004
1.19075	4.8508923E-004
1.19225	4.3571161E-004
1.19375	3.9227761E-004
1.19525	3.4427163E-004
1.19675	3.2164023E-004
1.19825	2.9512262E-004
1.19975	2.7340557E-004
1.20125	2.6014680E-004
1.20275	2.5260300E-004
1.20425	2.5968961E-004
1.20575	2.7546301E-004
1.20725	2.9557981E-004
1.20875	3.3329878E-004
1.21025	3.6255960E-004
1.21175	4.0485061E-004
1.21325	4.3822618E-004
1.21475	4.7160182E-004
1.21625	5.0246279E-004
1.21775	5.1892205E-004
1.21925	5.4772559E-004
1.22075	5.3812435E-004
1.22225	5.3675281E-004
1.22375	5.1297835E-004
1.22525	4.8874679E-004
1.22675	4.5559977E-004
1.22825	4.1513759E-004
1.22975	3.8770560E-004
1.23125	3.4107119E-004
1.23275	3.0038040E-004
1.23425	2.5831800E-004
1.23575	2.2951439E-004
1.23725	2.0322541E-004
1.23875	1.8059400E-004
1.24025	1.7785079E-004
1.24175	1.8173701E-004
1.24325	1.9545300E-004
1.24475	2.1236941E-004
1.24625	2.3317202E-004
1.24775	2.6700480E-004
1.24925	2.9580842E-004
1.25075	3.2712659E-004
1.25225	3.6507423E-004
1.25375	3.8930579E-004
1.25525	4.0805098E-004
1.25675	4.2062404E-004
1.25825	4.3525439E-004
1.25975	4.3959779E-004
1.26125	4.2702479E-004
1.26275	4.2199556E-004
1.26425	4.0782243E-004
1.26575	3.7947600E-004
1.26725	3.4998660E-004
1.26875	3.2164020E-004
1.27025	2.9077922E-004
1.27175	2.4894541E-004
1.27325	2.1945599E-004
1.27475	1.9430999E-004
1.27625	1.7099280E-004
1.27775	1.5224761E-004
1.27925	1.3693141E-004
1.28075	1.4036040E-004
1.28225	1.4973299E-004
1.28375	1.6047720E-004
1.28525	1.7876521E-004
1.28675	2.0413980E-004
1.28825	2.3225759E-004
1.28975	2.6083260E-004
1.29125	2.8735021E-004
1.29275	3.1409640E-004
1.29425	3.3329878E-004
1.29575	3.4175700E-004
1.29725	3.5227262E-004
1.29875	3.5775898E-004
1.30025	3.5295842E-004
1.30175	3.4792922E-004
1.30325	3.3055560E-004
1.30475	3.1569661E-004
1.30625	2.9352243E-004
1.30775	2.6974801E-004
1.30925	2.3865841E-004
1.31075	2.0962620E-004
1.31225	1.8859502E-004
1.31375	1.6413479E-004
1.31525	1.4538960E-004
1.31675	1.2710159E-004
1.31825	1.2001500E-004
1.31975	1.1498580E-004
1.32125	1.1590019E-004
1.32275	1.2527280E-004
1.32425	1.3853160E-004
1.32575	1.6162019E-004
1.32725	1.9179541E-004
1.32875	2.2357079E-004
1.33025	2.4940260E-004
1.33175	2.7340560E-004
1.33325	3.0198062E-004
1.33475	3.1066741E-004
1.33625	3.1318201E-004
1.33775	3.1958279E-004
1.33925	3.1981140E-004
1.34075	3.2004001E-004
1.34225	3.0426661E-004
1.34375	2.9055061E-004
1.34525	2.7249119E-004
1.34675	2.4094440E-004
1.34825	2.1442682E-004
1.34975	1.8333721E-004
1.35125	1.5773402E-004
1.35275	1.3373100E-004
1.35425	1.1704320E-004
1.35575	1.0584179E-004
1.35725	9.9212404E-005
1.35875	9.6011994E-005
1.36025	9.3726005E-005
1.36175	1.0332721E-004
1.36325	1.1772901E-004
1.36475	1.3373101E-004
1.36625	1.5087600E-004
1.36775	1.7807941E-004
1.36925	2.0185381E-004
1.37075	2.2859999E-004
1.37225	2.4917399E-004
1.37375	2.7409141E-004
1.37525	2.9306521E-004
1.37675	3.0358080E-004
1.37825	3.1661100E-004
1.37975	3.1021019E-004
1.38125	3.0038040E-004
1.38275	2.8483561E-004
1.38425	2.6586177E-004
1.38575	2.4460198E-004
1.38725	2.1534121E-004
1.38875	1.9248121E-004
1.39025	1.6733521E-004
1.39175	1.4150339E-004
1.39325	1.2024359E-004
1.39475	9.8755198E-005
1.39625	8.5496402E-005
1.39775	8.1152997E-005
1.39925	8.1838807E-005
1.40075	8.8468201E-005
1.40225	1.0721340E-004
1.40375	1.2412980E-004
1.40525	1.4516099E-004
1.40675	1.6664941E-004
1.40825	1.9591021E-004
1.40975	2.1877019E-004
1.41125	2.3591518E-004
1.41275	2.5420319E-004
1.41425	2.8026360E-004
1.41575	2.9740861E-004
1.41725	3.0015182E-004
1.41875	3.0929581E-004
1.42025	3.1021019E-004
1.42175	2.9626561E-004
1.42325	2.7454860E-004
1.42475	2.5100281E-004
1.42625	2.2951439E-004
1.42775	1.9591018E-004
1.42925	1.6642081E-004
1.43075	1.5156179E-004
1.43225	1.2847320E-004
1.43375	1.0744201E-004
1.43525	9.0296999E-005
1.43675	8.1153004E-005
1.43825	7.5438002E-005
1.43975	7.2008996E-005
1.44125	7.9552796E-005
1.44275	9.6240597E-005
1.44425	1.2230100E-004
1.44575	1.4470379E-004
1.44725	1.7305020E-004
1.44875	2.0413980E-004
1.45025	2.3271480E-004
1.45175	2.5534621E-004
1.45325	2.7614878E-004
1.45475	3.0106620E-004
1.45625	3.1752538E-004
1.45775	3.2392622E-004
1.45925	3.2552643E-004
1.46075	3.2072581E-004
1.46225	3.0015179E-004
1.46375	2.7889202E-004
1.46525	2.5168862E-004
1.46675	2.2334220E-004
1.46825	1.9362419E-004
1.46975	1.6664941E-004
1.47125	1.4744700E-004
1.47275	1.2481560E-004
1.47425	1.0675620E-004
1.47575	9.5554795E-005
1.47725	9.0982801E-005
1.47875	8.8925408E-005
1.48025	8.9153997E-005
1.48175	1.0035540E-004
1.48325	1.1681460E-004
1.48475	1.3693140E-004
1.48625	1.6253460E-004
1.48775	1.9362419E-004
1.48925	2.3020020E-004
1.49075	2.6860498E-004
1.49225	2.9878019E-004
1.49375	3.2575498E-004
1.49525	3.3855659E-004
1.49675	3.4244277E-004
1.49825	3.4381440E-004
1.49975	3.3627063E-004
1.50125	3.2301180E-004
1.50275	3.1021022E-004
1.50425	2.8895040E-004
1.50575	2.7134820E-004
1.50725	2.3820119E-004
1.50875	2.0939762E-004
1.51025	1.8333721E-004
1.51175	1.5339059E-004
1.51325	1.3601700E-004
1.51475	1.1315700E-004
1.51625	1.0424160E-004
1.51775	9.2583010E-005
1.51925	9.3268805E-005
1.52075	1.0469881E-004
1.52225	1.1910061E-004
1.52375	1.4973299E-004
1.52525	1.8219421E-004
1.52675	2.1991320E-004
1.52825	2.6769060E-004
1.52975	3.1203902E-004
1.53125	3.4792919E-004
1.53275	3.8061899E-004
1.53425	4.1376601E-004
1.53575	4.4074081E-004
1.53725	4.5377098E-004
1.53875	4.5468542E-004
1.54025	4.5925743E-004
1.54175	4.5125638E-004
1.54325	4.2725340E-004
1.54475	4.0233601E-004
1.54625	3.6576003E-004
1.54775	3.3284162E-004
1.54925	2.9740861E-004
1.55075	2.5443180E-004
1.55225	2.2174201E-004
1.55375	1.8836641E-004
1.55525	1.6687799E-004
1.55675	1.5179040E-004
1.55825	1.4676120E-004
1.55975	1.6550640E-004
1.56125	1.8996659E-004
1.56275	2.3065740E-004
1.56425	2.8483558E-004
1.56575	3.5570157E-004
1.56725	4.4165517E-004
1.56875	5.3172355E-004
1.57025	6.3047878E-004
1.57175	7.1711821E-004
1.57325	7.9324195E-004
1.57475	8.6365081E-004
1.57625	9.2171523E-004
1.57775	9.5966272E-004
1.57925	9.7749371E-004
1.58075	9.8938076E-004
1.58225	9.9555298E-004
1.58375	9.7337877E-004
1.58525	9.3063054E-004
1.58675	8.7896694E-004
1.58825	8.1701641E-004
1.58975	7.3952094E-004
1.59125	6.5242435E-004
1.59275	5.6875683E-004
1.59425	5.0772063E-004
1.59575	4.5834298E-004
1.59725	4.3228260E-004
1.59875	4.3914060E-004
1.60025	4.9217581E-004
1.60175	5.9275981E-004
1.60325	7.3723501E-004
1.60475	9.3383103E-004
1.60625	1.2127230E-003
1.60775	1.5633954E-003
1.60925	1.9675603E-003
1.61075	2.4265891E-003
1.61225	2.9368242E-003
1.61375	3.4854645E-003
1.61525	4.0951404E-003
1.61675	4.7121323E-003
1.61825	5.3453539E-003
1.61975	6.0277246E-003
1.62125	6.7320415E-003
1.62275	7.4038971E-003
1.62425	7.9959715E-003
1.62575	8.5706720E-003
1.62725	9.1300560E-003
1.62875	9.6206311E-003
1.63025	1.0041255E-002
1.63175	1.0441534E-002
1.63325	1.0759973E-002
1.63475	1.0981943E-002
1.63625	1.1113846E-002
1.63775	1.1094415E-002
1.63925	1.0966856E-002
1.64075	1.0733685E-002
1.64225	1.0464165E-002
1.64375	1.0133609E-002
1.64525	9.7241858E-003
1.64675	9.2445845E-003
1.64825	8.7270336E-003
1.64975	8.1633059E-003
1.65125	7.5584301E-003
1.65275	6.9405246E-003
1.65425	6.2899292E-003
1.65575	5.7081417E-003
1.65725	5.1208683E-003
1.65875	4.5434246E-003
1.66025	3.9591230E-003
1.66175	3.4059111E-003
1.66325	2.9048203E-003
1.66475	2.4259030E-003
1.66625	1.9872196E-003
1.66775	1.6173449E-003
1.66925	1.3133070E-003
1.67075	1.0332719E-003
1.67225	7.9507072E-004
1.67375	6.0510426E-004
1.67525	4.5034205E-004
1.67675	3.3649919E-004
1.67825	2.4643081E-004
1.67975	1.9408140E-004
1.68125	1.5544800E-004
1.68275	1.4538960E-004
1.68425	1.4721841E-004
1.68575	1.4470379E-004
1.68725	1.6322039E-004
1.68875	1.7945100E-004
1.69025	2.0436842E-004
1.69175	2.1511260E-004
1.69325	2.3111461E-004
1.69475	2.4505917E-004
1.69625	2.4711658E-004
1.69775	2.4345900E-004
1.69925	2.3385779E-004
1.70075	2.2105621E-004
1.70225	2.0551140E-004
1.70375	1.8699480E-004
1.70525	1.6459200E-004
1.70675	1.4676120E-004
1.70825	1.2824460E-004
1.70975	1.0881361E-004
1.71125	9.1668604E-005
1.71275	7.8867000E-005
1.71425	6.4693799E-005
1.71575	5.8064397E-005
1.71725	5.3035197E-005
1.71875	4.8234597E-005
1.72025	4.5719997E-005
1.72175	4.5948600E-005
1.72325	5.0749204E-005
1.72475	5.2806601E-005
1.72625	5.2120799E-005
1.72775	5.6007000E-005
1.72925	5.9893198E-005
1.73075	6.3093605E-005
1.73225	6.6065397E-005
1.73375	6.6293993E-005
1.73525	7.1094604E-005
1.73675	6.8579997E-005
1.73825	6.7894201E-005
1.73975	6.7208399E-005
1.74125	6.3779407E-005
1.74275	5.9207403E-005
1.74425	5.2120802E-005
1.74575	4.7091602E-005
1.74725	4.1605195E-005
1.74875	3.4975801E-005
1.75025	2.7660599E-005
1.75175	2.4688801E-005
1.75325	2.2631400E-005
1.75475	1.9659601E-005
1.75625	1.7373599E-005
1.75775	1.5544800E-005
1.75925	1.4859001E-005
1.76075	1.3258799E-005
1.76225	1.3030200E-005
1.76375	1.6230601E-005
1.76525	1.8059400E-005
1.76675	2.1488398E-005
1.76825	2.4917399E-005
1.76975	2.8117800E-005
1.77125	2.9717999E-005
1.77275	3.1546795E-005
1.77425	3.2689797E-005
1.77575	3.3604199E-005
1.77725	3.2004002E-005
1.77875	3.1089603E-005
1.78025	3.1546802E-005
1.78175	2.9489398E-005
1.78325	2.7660601E-005
1.78475	2.4917399E-005
1.78625	2.3088600E-005
1.78775	2.1031201E-005
1.78925	1.7373599E-005
1.79075	1.4401800E-005
1.79225	1.1658599E-005
1.79375	9.1439997E-006
1.79525	7.7723998E-006
1.79675	7.3152000E-006
1.79825	6.1721998E-006
1.79975	6.4008000E-006
1.80125	6.6294001E-006
1.80275	7.3152000E-006
1.80425	8.0010004E-006
1.80575	8.0010004E-006
1.80725	8.6868004E-006
1.80875	1.0972800E-005
1.81025	1.2344401E-005
1.81175	1.2801600E-005
1.81325	1.2573000E-005
1.81475	1.3030200E-005
1.81625	1.4401800E-005
1.81775	1.2344400E-005
1.81925	1.1887200E-005
1.82075	1.1201400E-005
1.82225	1.1658599E-005
1.82375	1.1887199E-005
1.82525	1.0744200E-005
1.82675	1.0287000E-005
1.82825	9.6012000E-006
1.82975	9.3726003E-006
1.83125	7.7724007E-006
1.83275	6.4008004E-006
1.83425	5.4863999E-006
1.83575	5.2577998E-006
1.83725	4.3433997E-006
1.83875	2.9718001E-006
1.84025	4.5720003E-006
1.84175	5.0291997E-006
1.84325	5.7149996E-006
1.84475	7.0865995E-006
1.84625	8.0010004E-006
1.84775	1.0287000E-005
1.84925	9.1440006E-006
1.85075	9.3726003E-006
1.85225	8.9154000E-006
1.85375	9.1440006E-006
1.85525	8.6868004E-006
1.85675	6.8580007E-006
1.85825	8.0010004E-006
1.85975	7.3152000E-006
1.86125	7.7724007E-006
1.86275	6.1722003E-006
1.86425	6.1721998E-006
1.86575	6.1722003E-006
1.86725	5.4863999E-006
1.86875	6.1721998E-006
1.87025	5.7150005E-006
1.87175	5.2577998E-006
1.87325	4.5719999E-006
1.87475	4.3433997E-006
1.87625	3.4289999E-006
1.87775	2.2859999E-006
1.87925	1.8288000E-006
1.88075	2.2860002E-006
1.88225	2.9718001E-006
1.88375	2.7432000E-006
1.88525	2.9718001E-006
1.88675	4.1148000E-006
1.88825	5.2577998E-006
1.88975	5.0292001E-006
1.89125	4.8006000E-006
1.89275	5.7149996E-006
1.89425	6.6293996E-006
1.89575	5.7149996E-006
1.89725	5.2577998E-006
1.89875	5.4863999E-006
1.90025	5.0291997E-006
1.90175	4.8006000E-006
1.90325	3.8861999E-006
1.90475	4.5719999E-006
1.90625	4.3433997E-006
1.90775	3.8861999E-006
1.90925	3.6576000E-006
1.91075	3.2004000E-006
1.91225	3.4289999E-006
1.91375	2.5146001E-006
1.91525	2.2859999E-006
1.91675	2.5145998E-006
1.91825	2.5145998E-006
1.91975	2.7432000E-006
1.92125	2.2860002E-006
1.92275	2.2859999E-006
1.92425	3.2004000E-006
1.92575	3.4289999E-006
1.92725	4.5720003E-006
1.92875	4.8006000E-006
1.93025	5.7150005E-006
1.93175	6.4008000E-006
1.93325	5.7149996E-006
1.93475	5.7149996E-006
1.93625	5.2577998E-006
1.93775	5.4863999E-006
1.93925	4.8006000E-006
1.94075	4.8006000E-006
1.94225	4.3433997E-006
1.94375	4.3433997E-006
1.94525	3.6576000E-006
1.94675	3.2004000E-006
1.94825	3.6576000E-006
1.94975	2.9718001E-006
1.95125	3.2004000E-006
1.95275	2.7432000E-006
1.95425	2.7432000E-006
1.95575	2.9718001E-006
1.95725	2.2859999E-006
1.95875	2.7432000E-006
1.96025	2.7432000E-006
1.96175	3.2004000E-006
1.96325	3.8861999E-006
1.96475	3.4289999E-006
1.96625	3.6576000E-006
1.96775	4.1148000E-006
1.96925	3.8861999E-006
1.97075	4.1148000E-006
1.97225	4.1148000E-006
1.97375	4.3433997E-006
1.97525	4.3433997E-006
1.97675	3.8861999E-006
1.97825	4.8006000E-006
1.97975	4.5719999E-006
1.98125	4.5719999E-006
1.98275	4.5719999E-006
1.98425	4.8006000E-006
1.98575	4.3433997E-006
1.98725	3.8861999E-006
1.98875	4.1148000E-006
1.99025	3.6576000E-006
1.99175	3.4289999E-006
1.99325	2.9718001E-006
1.99475	3.2004000E-006
1.99625	2.9718001E-006
1.99775	2.2859999E-006
1.99925	2.0574000E-006
2.00075	1.8288000E-006
2.00225	2.7432000E-006
2.00375	2.5145998E-006
2.00525	3.2004000E-006
2.00675	4.3433997E-006
2.00825	4.5720003E-006
2.00975	5.7149996E-006
2.01125	5.2578002E-006
2.01275	6.1721998E-006
2.01425	5.9436002E-006
2.01575	5.0291997E-006
2.01725	4.8006000E-006
2.01875	3.8861999E-006
2.02025	3.8861999E-006
2.02175	3.4289999E-006
2.02325	2.9718001E-006
2.02475	3.2004000E-006
2.02625	3.4289999E-006
2.02775	3.2004000E-006
2.02925	2.7432000E-006
2.03075	2.5145998E-006
2.03225	2.2859999E-006
2.03375	1.8288000E-006
2.03525	1.8288000E-006
2.03675	1.8288000E-006
2.03825	2.5146001E-006
2.03975	3.4289999E-006
2.04125	4.3433997E-006
2.04275	4.3433997E-006
2.04425	4.5719999E-006
2.04575	5.0291997E-006
2.04725	4.3433997E-006
2.04875	3.8861999E-006
2.05025	3.4289999E-006
2.05175	3.4289999E-006
2.05325	3.4289999E-006
2.05475	3.2004000E-006
2.05625	3.4289999E-006
2.05775	3.4289999E-006
2.05925	3.4289999E-006
2.06075	3.6576000E-006
2.06225	3.4289999E-006
2.06375	3.6576000E-006
2.06525	3.6576000E-006
2.06675	3.6576000E-006
2.06825	3.2004000E-006
2.06975	3.2004000E-006
2.07125	3.8861999E-006
2.07275	3.8861999E-006
2.07425	3.6576000E-006
2.07575	3.4289999E-006
2.07725	3.6576000E-006
2.07875	3.4289999E-006
2.08025	3.2004000E-006
2.08175	3.6576000E-006
2.08325	4.1148000E-006
2.08475	3.8861999E-006
2.08625	3.6576000E-006
2.08775	4.3433997E-006
2.08925	4.8006000E-006
2.09075	4.1148000E-006
2.09225	4.3433997E-006
2.09375	5.2577998E-006
2.09525	5.9436002E-006
2.09675	5.7150005E-006
2.09825	5.0291997E-006
2.09975	4.8006000E-006
2.10125	4.1148000E-006
2.10275	2.9718001E-006
2.10425	2.5145998E-006
2.10575	2.0574000E-006
2.10725	1.8288000E-006
2.10875	1.8288000E-006
2.11025	2.5146001E-006
2.11175	2.7432000E-006
2.11325	2.5145998E-006
2.11475	2.7432000E-006
2.11625	3.2004000E-006
2.11775	3.4289999E-006
2.11925	2.9718001E-006
2.12075	4.1148000E-006
2.12225	6.1721998E-006
2.12375	6.8579998E-006
2.12525	7.7723998E-006
2.12675	8.4581998E-006
2.12825	9.8297996E-006
2.12975	9.3726003E-006
2.13125	8.6868004E-006
2.13275	9.8297996E-006
2.13425	8.4581998E-006
2.13575	1.0058400E-005
2.13725	9.3726003E-006
2.13875	9.8297996E-006
2.14025	9.8298005E-006
2.14175	8.4581998E-006
2.14325	8.4581998E-006
2.14475	6.6293996E-006
2.14625	6.4008000E-006
2.14775	5.2577998E-006
2.14925	4.3433997E-006
2.15075	3.6576000E-006
2.15225	3.4289999E-006
2.15375	2.9718001E-006
2.15525	2.2859999E-006
2.15675	3.4289999E-006
2.15825	4.8006000E-006
2.15975	6.6294001E-006
2.16125	7.7723998E-006
2.16275	8.2296001E-006
2.16425	1.0515600E-005
2.16575	1.1201400E-005
2.16725	1.0058399E-005
2.16875	1.0972800E-005
2.17025	1.1201400E-005
2.17175	1.1429999E-005
2.17325	1.0058400E-005
2.17475	9.3726003E-006
2.17625	1.0972802E-005
2.17775	9.6012000E-006
2.17925	9.6012000E-006
2.18075	9.3726003E-006
2.18225	9.8298005E-006
2.18375	9.3726003E-006
2.18525	8.4581998E-006
2.18675	7.5438006E-006
2.18825	6.6294001E-006
2.18975	7.3152000E-006
2.19125	6.4008000E-006
2.19275	6.8580007E-006
2.19425	5.9436002E-006
2.19575	7.5438002E-006
2.19725	8.6867994E-006
2.19875	9.1439997E-006
2.20025	9.8297996E-006
2.20175	1.0515600E-005
2.20325	1.1887199E-005
2.20475	1.0744199E-005
2.20625	1.1201400E-005
2.20775	1.1887200E-005
2.20925	1.4401800E-005
2.21075	1.4630401E-005
2.21225	1.4630400E-005
2.21375	1.5773401E-005
2.21525	1.5087600E-005
2.21675	1.3716001E-005
2.21825	1.2344400E-005
2.21975	1.3030200E-005
2.22125	1.2801600E-005
2.22275	1.2801600E-005
2.22425	1.3030200E-005
2.22575	1.3030201E-005
2.22725	1.1201400E-005
2.22875	9.8297996E-006
2.23025	9.6012000E-006
2.23175	8.2296001E-006
2.23325	8.2296001E-006
2.23475	8.0010004E-006
2.23625	8.4581998E-006
2.23775	8.0010004E-006
2.23925	8.0010004E-006
2.24075	8.9154000E-006
2.24225	9.8297996E-006
2.24375	1.1429999E-005
2.24525	1.4173199E-005
2.24675	1.6459198E-005
2.24825	1.8287999E-005
2.24975	2.0345398E-005
2.25125	2.3317201E-005
2.25275	2.4460200E-005
2.25425	2.4460200E-005
2.25575	2.4003000E-005
2.25725	2.4003000E-005
2.25875	2.3545799E-005
2.26025	2.0802601E-005
2.26175	1.9659599E-005
2.26325	1.9202400E-005
2.26475	1.7144999E-005
2.26625	1.4859000E-005
2.26775	1.3258799E-005
2.26925	1.2344400E-005
2.27075	1.1429999E-005
2.27225	8.6867994E-006
2.27375	9.8297996E-006
2.27525	1.0287000E-005
2.27675	1.0515600E-005
2.27825	1.0515600E-005
2.27975	1.0287000E-005
2.28125	1.0515600E-005
2.28275	1.2801600E-005
2.28425	1.6230601E-005
2.28575	1.9202400E-005
2.28725	2.0345398E-005
2.28875	2.3088600E-005
2.29025	2.7889198E-005
2.29175	2.8346401E-005
2.29325	2.8574999E-005
2.29475	2.8803601E-005
2.29625	3.1546802E-005
2.29775	3.1775398E-005
2.29925	3.0861000E-005
2.30075	3.0632396E-005
2.30225	2.9489398E-005
2.30375	2.8574999E-005
2.30525	2.5603200E-005
2.30675	2.2174199E-005
2.30825	1.9888199E-005
2.30975	1.7602200E-005
2.31125	1.6916400E-005
2.31275	1.3944601E-005
2.31425	1.2573000E-005
2.31575	1.6459200E-005
2.31725	1.6916400E-005
2.31875	1.8745201E-005
2.32025	1.8745201E-005
2.32175	2.3774401E-005
2.32325	3.0861000E-005
2.32475	3.4061402E-005
2.32625	3.9547798E-005
2.32775	4.6634403E-005
2.32925	5.3263804E-005
2.33075	6.1036204E-005
2.33225	6.1950595E-005
2.33375	6.8351401E-005
2.33525	6.9265800E-005
2.33675	6.9265800E-005
2.33825	6.9722999E-005
2.33975	6.9037204E-005
2.34125	7.2466202E-005
2.34275	6.6979803E-005
2.34425	6.5379594E-005
2.34575	6.2407802E-005
2.34725	6.1036197E-005
2.34875	5.3949600E-005
2.35025	4.5491397E-005
2.35175	4.0233601E-005
2.35325	3.7719001E-005
2.35475	3.2918397E-005
2.35625	3.1775398E-005
2.35775	3.2918400E-005
2.35925	3.7947601E-005
2.36075	4.8463204E-005
2.36225	5.9436003E-005
2.36375	7.5895201E-005
2.36525	8.5039203E-005
2.36675	1.0515600E-004
2.36825	1.2412980E-004
2.36975	1.4333219E-004
2.37125	1.6253459E-004
2.37275	1.7762219E-004
2.37425	1.9339559E-004
2.37575	2.0505420E-004
2.37725	2.1214080E-004
2.37875	2.1831300E-004
2.38025	2.1899882E-004
2.38175	2.1854159E-004
2.38325	2.1442679E-004
2.38475	2.0596861E-004
2.38625	2.0139660E-004
2.38775	1.8059400E-004
2.38925	1.6733519E-004
2.39075	1.5041880E-004
2.39225	1.4150339E-004
2.39375	1.2824460E-004
2.39525	1.1590021E-004
2.39675	1.2115799E-004
2.39825	1.2641581E-004
2.39975	1.4744700E-004
2.40125	1.6984979E-004
2.40275	2.1145500E-004
2.40425	2.6974801E-004
2.40575	3.3055557E-004
2.40725	4.1399457E-004
2.40875	5.1572156E-004
2.41025	6.3139322E-004
2.41175	7.5963774E-004
2.41325	9.0525602E-004
2.41475	1.0627614E-003
2.41625	1.2449556E-003
2.41775	1.4168628E-003
2.41925	1.6152876E-003
2.42075	1.8105120E-003
2.42225	1.9943065E-003
2.42375	2.1646132E-003
2.42525	2.3257763E-003
2.42675	2.4915112E-003
2.42825	2.6551888E-003
2.42975	2.7784044E-003
2.43125	2.9036773E-003
2.43275	3.0111193E-003
2.43425	3.0863285E-003
2.43575	3.1537656E-003
2.43725	3.1670241E-003
2.43875	3.1873698E-003
2.44025	3.1590231E-003
2.44175	3.1347920E-003
2.44325	3.0712411E-003
2.44475	2.9850591E-003
2.44625	2.8776166E-003
2.44775	2.7525725E-003
2.44925	2.6192989E-003
2.45075	2.4496776E-003
2.45225	2.2921723E-003
2.45375	2.1095208E-003
2.45525	1.9291552E-003
2.45675	1.7458182E-003
2.45825	1.5604235E-003
2.45975	1.3944600E-003
2.46125	1.2081510E-003
2.46275	1.0378440E-003
2.46425	8.7805255E-004
2.46575	7.2763377E-004
2.46725	5.9778895E-004
2.46875	4.8028864E-004
2.47025	3.8839140E-004
2.47175	3.0792420E-004
2.47325	2.4597361E-004
2.47475	1.9202399E-004
2.47625	1.5293340E-004
2.47775	1.2001500E-004
2.47925	1.0126980E-004
2.48075	8.4353400E-005
2.48225	7.1323208E-005
2.48375	6.9722999E-005
2.48525	6.8351394E-005
2.48675	6.8580004E-005
2.48825	7.2694798E-005
2.48975	7.8409801E-005
2.49125	8.5953601E-005
2.49275	8.8239591E-005
2.49425	8.6639397E-005
2.49575	9.0068403E-005
2.49725	8.9839799E-005
2.49875	8.9153997E-005
2.50025	8.4581996E-005
2.50175	7.9095604E-005
2.50325	7.7266799E-005
2.50475	7.1780400E-005
2.50625	6.3779400E-005
2.50775	5.5092602E-005
2.50925	4.5491401E-005
2.51075	4.0004998E-005
2.51225	3.3146996E-005
2.51375	2.9032199E-005
2.51525	2.4460198E-005
2.51675	2.1031199E-005
2.51825	1.9202400E-005
2.51975	2.0802598E-005
2.52125	2.0574000E-005
2.52275	2.3545801E-005
2.52425	2.7431999E-005
2.52575	3.0632396E-005
2.52725	3.2918400E-005
2.52875	3.5890200E-005
2.53025	3.7033198E-005
2.53175	3.6118799E-005
2.53325	3.6347399E-005
2.53475	3.7033198E-005
2.53625	3.9090603E-005
2.53775	3.6576002E-005
2.53925	3.7261801E-005
2.54075	3.4290002E-005
2.54225	2.8803601E-005
2.54375	2.5603202E-005
2.54525	2.3088598E-005
2.54675	2.0345398E-005
2.54825	1.6687800E-005
2.54975	1.4859000E-005
2.55125	1.5316200E-005
2.55275	1.5773401E-005
2.55425	1.3487400E-005
2.55575	1.3716000E-005
2.55725	1.2801599E-005
2.55875	1.3487399E-005
2.56025	1.2801600E-005
2.56175	1.0744200E-005
2.56325	1.0287000E-005
2.56475	1.0744200E-005
2.56625	1.1887200E-005
2.56775	1.4173199E-005
2.56925	1.3716000E-005
2.57075	1.6459200E-005
2.57225	1.8973800E-005
2.57375	1.9659601E-005
2.57525	2.0345398E-005
2.57675	1.9431000E-005
2.57825	2.0116799E-005
2.57975	1.6916400E-005
2.58125	1.5773399E-005
2.58275	1.3030200E-005
2.58425	1.1430001E-005
2.58575	1.0744200E-005
2.58725	1.0515600E-005
2.58875	1.0744199E-005
2.59025	8.6867994E-006
2.59175	7.7724007E-006
2.59325	7.5438006E-006
2.59475	5.4863999E-006
2.59625	4.1148000E-006
2.59775	4.3433997E-006
2.59925	4.5719999E-006
2.60075	5.0291997E-006
2.60225	4.8006000E-006
2.60375	5.4863999E-006
2.60525	5.7150005E-006
2.60675	7.0865995E-006
2.60825	7.3152000E-006
2.60975	8.4581998E-006
2.61125	1.0515600E-005
2.61275	1.0058399E-005
2.61425	1.0287000E-005
2.61575	1.0058399E-005
2.61725	1.0058399E-005
2.61875	9.6012000E-006
2.62025	8.2296001E-006
2.62175	8.4581998E-006
2.62325	8.0010004E-006
2.62475	6.4008004E-006
2.62625	5.4863999E-006
2.62775	5.4863999E-006
2.62925	4.1148000E-006
2.63075	3.6576000E-006
2.63225	3.6576000E-006
2.63375	3.8861999E-006
2.63525	3.8861999E-006
2.63675	2.9718001E-006
2.63825	3.6576000E-006
2.63975	5.0292001E-006
2.64125	5.4863999E-006
2.64275	6.1721998E-006
2.64425	6.1722003E-006
2.64575	6.6294001E-006
2.64725	7.7724007E-006
2.64875	7.0865995E-006
2.65025	6.4008000E-006
2.65175	5.4863999E-006
2.65325	7.5437997E-006
2.65475	8.2296001E-006
2.65625	7.5438002E-006
2.65775	6.6293996E-006
2.65925	7.3152000E-006
2.66075	7.0865995E-006
2.66225	5.7149996E-006
2.66375	5.2577998E-006
2.66525	4.3433997E-006
2.66675	5.2577998E-006
2.66825	4.5719999E-006
2.66975	4.3433997E-006
2.67125	3.8861999E-006
2.67275	2.9718001E-006
2.67425	2.7432000E-006
2.67575	1.8288000E-006
2.67725	2.0574000E-006
2.67875	2.5146001E-006
2.68025	2.2860002E-006
2.68175	3.6576002E-006
2.68325	4.3433997E-006
2.68475	5.2577998E-006
2.68625	6.1721998E-006
2.68775	6.8579998E-006
2.68925	7.5437997E-006
2.69075	7.5438002E-006
2.69225	8.2296001E-006
2.69375	7.7723998E-006
2.69525	7.3152000E-006
2.69675	7.7723998E-006
2.69825	8.0010004E-006
2.69975	6.6294001E-006
2.70125	5.2577998E-006
2.70275	4.5719999E-006
2.70425	3.8861999E-006
2.70575	2.2859999E-006
2.70725	1.3716000E-006
2.70875	1.6002000E-006
2.71025	2.5146001E-006
2.71175	2.5146001E-006
2.71325	2.7432000E-006
2.71475	2.7432000E-006
2.71625	2.7432000E-006
2.71775	2.9718001E-006
2.71925	2.2859999E-006
2.72075	3.6576000E-006
2.72225	3.8861999E-006
2.72375	4.5719999E-006
2.72525	5.4863999E-006
2.72675	5.4863999E-006
2.72825	6.8579998E-006
2.72975	6.8579998E-006
2.73125	6.8580007E-006
2.73275	6.8579998E-006
2.73425	6.4008004E-006
2.73575	6.8579998E-006
2.73725	5.9436002E-006
2.73875	5.2577998E-006
2.74025	5.0291997E-006
2.74175	4.3433997E-006
2.74325	4.1148000E-006
2.74475	3.2004000E-006
2.74625	2.5145998E-006
2.74775	1.8288000E-006
2.74925	1.6002000E-006
2.75075	1.8288000E-006
2.75225	2.0574000E-006
2.75375	2.0574000E-006
2.75525	2.0574000E-006
2.75675	2.0574000E-006
2.75825	2.9718001E-006
2.75975	3.4289999E-006
2.76125	3.2004000E-006
2.76275	3.2004000E-006
2.76425	4.3433997E-006
2.76575	5.0292001E-006
2.76725	4.5719999E-006
2.76875	5.0292001E-006
2.77025	6.8579998E-006
2.77175	8.2296001E-006
2.77325	8.9154000E-006
2.77475	8.9154000E-006
2.77625	9.6012000E-006
2.77775	9.1439997E-006
2.77925	8.0010004E-006
2.78075	6.6294001E-006
2.78225	5.0291997E-006
2.78375	5.0291997E-006
2.78525	4.3433997E-006
2.78675	4.3433997E-006
2.78825	3.4289999E-006
2.78975	3.6576000E-006
2.79125	3.4289999E-006
2.79275	2.7432000E-006
2.79425	2.2859999E-006
2.79575	2.2860002E-006
2.79725	2.9718001E-006
2.79875	2.7432000E-006
2.80025	2.9718001E-006
2.80175	4.1148000E-006
2.80325	5.0291997E-006
2.80475	4.5719999E-006
2.80625	4.5719999E-006
2.80775	5.4863999E-006
2.80925	6.1721998E-006
2.81075	6.8579998E-006
2.81225	6.8579998E-006
2.81375	6.6294001E-006
2.81525	7.0866004E-006
2.81675	8.2296001E-006
2.81825	7.5437997E-006
2.81975	6.8579998E-006
2.82125	5.9436002E-006
2.82275	6.1722003E-006
2.82425	5.0292001E-006
2.82575	3.2004000E-006
2.82725	3.4289999E-006
2.82875	2.5146001E-006
2.83025	2.5146001E-006
2.83175	2.5145998E-006
2.83325	2.9718001E-006
2.83475	2.7432000E-006
2.83625	2.2860002E-006
2.83775	2.5146001E-006
2.83925	2.9718001E-006
2.84075	3.2004000E-006
2.84225	2.7432000E-006
2.84375	3.4289999E-006
2.84525	3.6576000E-006
2.84675	4.1148000E-006
2.84825	4.1148000E-006
2.84975	5.0292001E-006
2.85125	5.4863999E-006
2.85275	5.4863999E-006
2.85425	6.1721998E-006
2.85575	5.7149996E-006
2.85725	6.1721998E-006
2.85875	4.8006000E-006
2.86025	4.5719999E-006
2.86175	4.8006000E-006
2.86325	3.8861999E-006
2.86475	3.6576000E-006
2.86625	2.9718001E-006
2.86775	3.2004000E-006
2.86925	2.9718001E-006
2.87075	2.2859999E-006
2.87225	2.2859999E-006
2.87375	2.2859999E-006
2.87525	2.2859999E-006
2.87675	2.0574000E-006
2.87825	2.0574000E-006
2.87975	1.8288000E-006
2.88125	2.0574000E-006
2.88275	2.7432000E-006
2.88425	3.4289999E-006
2.88575	4.3433997E-006
2.88725	5.9436002E-006
2.88875	7.0865995E-006
2.89025	6.8579998E-006
2.89175	5.9436006E-006
2.89325	6.1721998E-006
2.89475	5.7150005E-006
2.89625	4.3433997E-006
2.89775	3.4289999E-006
2.89925	4.3433997E-006
2.90075	4.8006000E-006
2.90225	4.8006000E-006
2.90375	4.5720003E-006
2.90525	5.0292001E-006
2.90675	5.4863999E-006
2.90825	4.5719999E-006
2.90975	4.3433997E-006
2.91125	3.2004000E-006
2.91275	2.9718001E-006
2.91425	2.9718001E-006
2.91575	2.7432000E-006
2.91725	2.7432000E-006
2.91875	2.9718001E-006
2.92025	3.8861999E-006
2.92175	4.3433997E-006
2.92325	4.1148000E-006
2.92475	3.6576000E-006
2.92625	3.8861999E-006
2.92775	3.8861999E-006
2.92925	4.1148000E-006
2.93075	4.3433997E-006
2.93225	4.8006000E-006
2.93375	5.2577998E-006
2.93525	6.4008000E-006
2.93675	6.6293996E-006
2.93825	6.8579998E-006
2.93975	7.0866004E-006
2.94125	7.0866004E-006
2.94275	7.3152005E-006
2.94425	6.4008000E-006
2.94575	6.1722003E-006
2.94725	5.9436002E-006
2.94875	5.0291997E-006
2.95025	4.3434002E-006
2.95175	3.6576000E-006
2.95325	3.8861999E-006
2.95475	3.8861999E-006
2.95625	3.2004000E-006
2.95775	3.6576000E-006
2.95925	4.1148000E-006
2.96075	4.1148000E-006
2.96225	3.6576000E-006
2.96375	4.5720003E-006
2.96525	4.8006000E-006
2.96675	6.4008000E-006
2.96825	6.4008000E-006
2.96975	7.0865995E-006
2.97125	9.3726003E-006
2.97275	9.6012000E-006
2.97425	9.8297996E-006
2.97575	8.6868004E-006
2.97725	9.3726003E-006
2.97875	9.1440006E-006
2.98025	8.2296001E-006
2.98175	7.3152000E-006
2.98325	7.3152000E-006
2.98475	6.6294001E-006
2.98625	5.7149996E-006
2.98775	5.4863999E-006
2.98925	4.5719999E-006
2.99075	4.3433997E-006
2.99225	3.8861999E-006
2.99375	3.8861999E-006
2.99525	3.4289999E-006
2.99675	3.4289999E-006
2.99825	3.6576000E-006
2.99975	3.4289999E-006
3.00125	3.4289999E-006
3.00275	3.8861999E-006
3.00425	4.1148000E-006
3.00575	5.2577998E-006
3.00725	4.8006000E-006
3.00875	5.2577998E-006
3.01025	5.0291997E-006
3.01175	5.7149996E-006
3.01325	6.4008000E-006
3.01475	6.4008000E-006
3.01625	7.0865995E-006
3.01775	7.0865995E-006
3.01925	7.3152000E-006
3.02075	6.6294001E-006
3.02225	6.6294001E-006
3.02375	5.9436002E-006
3.02525	5.4863999E-006
3.02675	5.2577998E-006
3.02825	5.9436002E-006
3.02975	5.4863999E-006
3.03125	5.2577998E-006
3.03275	4.5719999E-006
3.03425	4.3433997E-006
3.03575	4.1148000E-006
3.03725	3.4289999E-006
3.03875	4.3433997E-006
3.04025	5.2577998E-006
3.04175	5.7150005E-006
3.04325	5.7149996E-006
3.04475	6.6293996E-006
3.04625	6.6294001E-006
3.04775	5.9436006E-006
3.04925	4.8006000E-006
3.05075	5.4863999E-006
3.05225	6.6293996E-006
3.05375	6.1721998E-006
3.05525	6.8579998E-006
3.05675	8.0009995E-006
3.05825	1.0287000E-005
3.05975	1.0515600E-005
3.06125	1.0287000E-005
3.06275	1.0287000E-005
3.06425	1.1201400E-005
3.06575	9.6012000E-006
3.06725	8.0010004E-006
3.06875	7.7723998E-006
3.07025	6.6293996E-006
3.07175	6.6293996E-006
3.07325	5.0291997E-006
3.07475	5.9436002E-006
3.07625	5.0291997E-006
3.07775	4.8006000E-006
3.07925	4.8006000E-006
3.08075	4.1148000E-006
3.08225	4.1148000E-006
3.08375	4.8006000E-006
3.08525	5.4863999E-006
3.08675	6.4008000E-006
3.08825	7.3152000E-006
3.08975	8.6867994E-006
3.09125	9.6012000E-006
3.09275	9.3726003E-006
3.09425	1.1658601E-005
3.09575	1.1887200E-005
3.09725	1.2801600E-005
3.09875	1.2573000E-005
3.10025	1.2801600E-005
3.10175	1.3487400E-005
3.10325	1.0972800E-005
3.10475	1.0287000E-005
3.10625	9.8297996E-006
3.10775	9.8297996E-006
3.10925	8.9153991E-006
3.11075	8.0009995E-006
3.11225	8.2296001E-006
3.11375	7.5438002E-006
3.11525	7.7724007E-006
3.11675	6.8579998E-006
3.11825	6.1722003E-006
3.11975	6.6293996E-006
3.12125	8.0010004E-006
3.12275	8.4581998E-006
3.12425	7.7723998E-006
3.12575	8.2296001E-006
3.12725	1.0515600E-005
3.12875	1.0287000E-005
3.13025	9.3726003E-006
3.13175	9.3726003E-006
3.13325	1.0972800E-005
3.13475	1.1887200E-005
3.13625	1.3030200E-005
3.13775	1.6230601E-005
3.13925	1.7373599E-005
3.14075	1.8745201E-005
3.14225	1.9202400E-005
3.14375	2.0574000E-005
3.14525	1.9202400E-005
3.14675	1.6459200E-005
3.14825	1.5316200E-005
3.14975	1.3944601E-005
3.15125	1.2115801E-005
3.15275	1.0744200E-005
3.15425	1.0287000E-005
3.15575	1.0515600E-005
3.15725	1.0058399E-005
3.15875	1.1201400E-005
3.16025	1.0744200E-005
3.16175	1.1201400E-005
3.16325	1.1887200E-005
3.16475	1.3487399E-005
3.16625	1.5316198E-005
3.16775	1.6459200E-005
3.16925	1.9431000E-005
3.17075	2.2402799E-005
3.17225	2.3545799E-005
3.17375	2.5374598E-005
3.17525	3.0403799E-005
3.17675	3.3375600E-005
3.17825	3.8404796E-005
3.17975	4.0005001E-005
3.18125	4.1833802E-005
3.18275	4.0919400E-005
3.18425	4.3205397E-005
3.18575	4.5491397E-005
3.18725	4.2062398E-005
3.18875	4.1148000E-005
3.19025	3.9319202E-005
3.19175	3.8633396E-005
3.19325	3.1546799E-005
3.19475	2.5831798E-005
3.19625	2.4688801E-005
3.19775	2.4231600E-005
3.19925	2.4231600E-005
3.20075	2.5831801E-005
3.20225	2.8117800E-005
3.20375	3.2004002E-005
3.20525	3.5661600E-005
3.20675	4.0005001E-005
3.20825	4.9377599E-005
3.20975	5.8292997E-005
3.21125	7.0180198E-005
3.21275	8.4810599E-005
3.21425	1.0081259E-004
3.21575	1.2070080E-004
3.21725	1.4081759E-004
3.21875	1.6299180E-004
3.22025	1.8653758E-004
3.22175	2.0253961E-004
3.22325	2.3134321E-004
3.22475	2.6197560E-004
3.22625	2.8232098E-004
3.22775	3.0380939E-004
3.22925	3.2849819E-004
3.23075	3.6255960E-004
3.23225	3.7078920E-004
3.23375	3.7604701E-004
3.23525	3.9524943E-004
3.23675	4.0919404E-004
3.23825	4.1696642E-004
3.23975	4.1765222E-004
3.24125	4.2542457E-004
3.24275	4.2588179E-004
3.24425	4.1970957E-004
3.24575	4.0165021E-004
3.24725	3.8656263E-004
3.24875	3.6941760E-004
3.25025	3.5341561E-004
3.25175	3.4335718E-004
3.25325	3.1889699E-004
3.25475	3.1021019E-004
3.25625	2.8849320E-004
3.25775	2.6311859E-004
3.25925	2.4003000E-004
3.26075	2.0779739E-004
3.26225	1.8928079E-004
3.26375	1.5933420E-004
3.26525	1.4036040E-004
3.26675	1.2230100E-004
3.26825	1.0355579E-004
3.26975	8.9611196E-005
3.27125	7.2466202E-005
3.27275	6.5150998E-005
3.27425	5.4863998E-005
3.27575	4.7091602E-005
3.27725	3.8633400E-005
3.27875	3.1546802E-005
3.28025	2.8117800E-005
3.28175	2.1945600E-005
3.28325	1.6230601E-005
3.28475	1.4173199E-005
3.28625	1.2801601E-005
3.28775	1.0287000E-005
3.28925	8.4581998E-006
3.29075	7.3152005E-006
3.29225	8.2296001E-006
3.29375	7.0865995E-006
3.29525	7.3152005E-006
3.29675	9.3726003E-006
3.29825	9.6012000E-006
3.29975	1.1658599E-005
3.30125	1.1201400E-005
3.30275	1.2344400E-005
3.30425	1.2573000E-005
3.30575	1.0515600E-005
3.30725	1.0744200E-005
3.30875	8.0010004E-006
3.31025	6.1722003E-006
3.31175	5.0291997E-006
3.31325	3.6576000E-006
3.31475	4.3433997E-006
3.31625	2.9718001E-006
3.31775	2.9718001E-006
3.31925	3.6576000E-006
3.32075	3.2004000E-006
3.32225	3.4289999E-006
3.32375	2.9718001E-006
3.32525	3.8861999E-006
3.32675	4.3433997E-006
3.32825	4.1148000E-006
3.32975	4.5719999E-006
3.33125	4.3433997E-006
3.33275	4.8006000E-006
3.33425	5.0292001E-006
3.33575	4.8006000E-006
3.33725	4.5720003E-006
3.33875	3.8861999E-006
3.34025	3.6576000E-006
3.34175	3.4289999E-006
3.34325	2.2860002E-006
3.34475	2.2859999E-006
3.34625	2.2859999E-006
3.34775	2.5145998E-006
3.34925	2.7432000E-006
3.35075	2.5145998E-006
3.35225	2.5145998E-006
3.35375	2.7432000E-006
3.35525	2.9718001E-006
3.35675	2.9718001E-006
3.35825	3.8861999E-006
3.35975	3.6576000E-006
3.36125	3.6576000E-006
3.36275	3.6576000E-006
3.36425	3.4289999E-006
3.36575	3.6576000E-006
3.36725	2.9718001E-006
3.36875	3.6576000E-006
3.37025	3.8861999E-006
3.37175	4.1148000E-006
3.37325	4.1148000E-006
3.37475	3.8861999E-006
3.37625	3.6576000E-006
3.37775	2.9718001E-006
3.37925	2.7432000E-006
3.38075	2.2859999E-006
3.38225	2.0574000E-006
3.38375	1.8288000E-006
3.38525	1.6002000E-006
3.38675	2.0574000E-006
3.38825	2.2859999E-006
3.38975	2.0574000E-006
3.39125	2.5146001E-006
3.39275	2.5146001E-006
3.39425	2.5146001E-006
3.39575	2.0574000E-006
3.39725	1.8288000E-006
3.39875	1.8288000E-006
3.40025	1.3716000E-006
3.40175	1.3716000E-006
3.40325	1.6002000E-006
3.40475	1.6002000E-006
3.40625	1.6002000E-006
3.40775	1.6002000E-006
3.40925	1.8288000E-006
3.41075	1.8288000E-006
3.41225	1.6002000E-006
3.41375	1.6002000E-006
3.41525	1.6002000E-006
3.41675	1.6002000E-006
3.41825	1.3716000E-006
3.41975	1.3716000E-006
3.42125	1.3716000E-006
3.42275	1.3716000E-006
3.42425	2.0574000E-006
3.42575	2.0574000E-006
3.42725	2.0574000E-006
3.42875	2.0574000E-006
3.43025	2.2859999E-006
3.43175	2.5145998E-006
3.43325	1.8288000E-006
3.43475	1.8288000E-006
3.43625	2.2860002E-006
3.43775	2.5146001E-006
3.43925	2.5145998E-006
3.44075	2.5145998E-006
3.44225	2.5145998E-006
3.44375	2.9718001E-006
3.44525	2.5146001E-006
3.44675	2.5145998E-006
3.44825	2.2859999E-006
3.44975	2.0574000E-006
3.45125	2.0574000E-006
3.45275	1.6002000E-006
3.45425	1.6002000E-006
3.45575	1.3716000E-006
3.45725	1.3716000E-006
3.45875	1.3716000E-006
3.46025	1.3716000E-006
3.46175	1.6002000E-006
3.46325	1.6002000E-006
3.46475	1.6002000E-006
3.46625	2.0574000E-006
3.46775	2.0574000E-006
3.46925	2.0574000E-006
3.47075	1.8288000E-006
3.47225	1.8288000E-006
3.47375	1.8288000E-006
3.47525	1.6002000E-006
3.47675	2.0574000E-006
3.47825	2.0574000E-006
3.47975	2.0574000E-006
3.48125	2.0574000E-006
3.48275	2.0574000E-006
3.48425	1.8288000E-006
3.48575	1.6002000E-006
3.48725	1.6002000E-006
3.48875	1.6002000E-006
3.49025	1.6002000E-006
3.49175	2.2860002E-006
3.49325	2.2859999E-006
3.49475	2.0574000E-006
3.49625	2.0574000E-006
3.49775	2.0574000E-006
3.49925	2.2859999E-006
3.50075	1.6002000E-006
3.50225	1.6002000E-006
3.50375	1.6002000E-006
3.50525	1.6002000E-006
3.50675	1.6002000E-006
3.50825	1.3716000E-006
3.50975	1.3716000E-006
3.51125	1.3716000E-006
3.51275	1.3716000E-006
3.51425	1.3716000E-006
3.51575	1.6002000E-006
3.51725	1.8288000E-006
3.51875	1.8288000E-006
3.52025	1.8288000E-006
3.52175	2.0574000E-006
3.52325	2.0574000E-006
3.52475	2.0574000E-006
3.52625	1.8288000E-006
3.52775	1.8288000E-006
3.52925	1.8288000E-006
3.53075	1.8288000E-006
3.53225	1.8288000E-006
3.53375	1.6002000E-006
3.53525	1.6002000E-006
3.53675	1.6002000E-006
3.53825	1.6002000E-006
3.53975	1.6002000E-006
3.54125	1.8288000E-006
3.54275	1.8288000E-006
3.54425	1.8288000E-006
3.54575	1.8288000E-006
3.54725	1.8288000E-006
3.54875	1.6002000E-006
3.55025	1.3716000E-006
3.55175	1.3716000E-006
3.55325	1.3716000E-006
3.55475	1.3716000E-006
3.55625	1.3716000E-006
3.55775	1.3716000E-006
3.55925	1.8288000E-006
3.56075	1.8288000E-006
3.56225	1.8288000E-006
3.56375	1.8288000E-006
3.56525	1.8288000E-006
3.56675	1.8288000E-006
3.56825	1.3716000E-006
3.56975	1.3716000E-006
3.57125	1.3716000E-006
3.57275	1.3716000E-006
3.57425	1.3716000E-006
3.57575	1.3716000E-006
3.57725	1.6002000E-006
3.57875	1.6002000E-006
3.58025	1.6002000E-006
3.58175	1.6002000E-006
3.58325	1.6002000E-006
3.58475	1.6002000E-006
3.58625	1.3716000E-006
3.58775	1.3716000E-006
3.58925	1.3716000E-006
3.59075	1.3716000E-006
3.59225	1.3716000E-006
3.59375	1.3716000E-006
3.59525	1.3716000E-006
3.59675	1.3716000E-006
3.59825	1.3716000E-006
3.59975	1.3716000E-006
3.60125	1.3716000E-006
3.60275	1.3716000E-006
3.60425	1.3716000E-006
3.60575	1.3716000E-006
3.60725	1.3716000E-006
3.60875	1.6002000E-006
3.61025	1.6002000E-006
3.61175	1.6002000E-006
3.61325	1.6002000E-006
3.61475	2.0574000E-006
3.61625	2.5146001E-006
3.61775	2.2860002E-006
3.61925	2.5146001E-006
3.62075	2.5145998E-006
3.62225	2.5145998E-006
3.62375	2.0574000E-006
3.62525	1.6002000E-006
3.62675	1.8288000E-006
3.62825	1.8288000E-006
3.62975	2.0574000E-006
3.63125	2.0574000E-006
3.63275	2.0574000E-006
3.63425	2.0574000E-006
3.63575	1.8288000E-006
3.63725	1.6002000E-006
3.63875	1.3716000E-006
3.64025	1.6002000E-006
3.64175	1.8288000E-006
3.64325	1.8288000E-006
3.64475	1.8288000E-006
3.64625	1.8288000E-006
3.64775	1.8288000E-006
3.64925	1.8288000E-006
3.65075	1.8288000E-006
3.65225	1.8288000E-006
3.65375	2.0574000E-006
3.65525	2.0574000E-006
3.65675	2.0574000E-006
3.65825	1.8288000E-006
3.65975	1.6002000E-006
3.66125	2.0574000E-006
3.66275	2.0574000E-006
3.66425	2.0574000E-006
3.66575	2.0574000E-006
3.66725	2.0574000E-006
3.66875	2.0574000E-006
3.67025	1.6002000E-006
3.67175	1.3716000E-006
3.67325	1.3716000E-006
3.67475	1.3716000E-006
3.67625	1.3716000E-006
3.67775	1.3716000E-006
3.67925	1.6002000E-006
3.68075	1.6002000E-006
3.68225	1.6002000E-006
3.68375	1.6002000E-006
3.68525	2.0574000E-006
3.68675	2.0574000E-006
3.68825	1.8288000E-006
3.68975	1.8288000E-006
3.69125	1.8288000E-006
3.69275	1.8288000E-006
3.69425	1.6002000E-006
3.69575	1.6002000E-006
3.69725	1.6002000E-006
3.69875	1.6002000E-006
3.70025	1.6002000E-006
3.70175	1.6002000E-006
3.70325	1.8288000E-006
3.70475	1.8288000E-006
3.70625	1.8288000E-006
3.70775	1.8288000E-006
3.70925	1.8288000E-006
3.71075	1.8288000E-006
3.71225	1.3716000E-006
3.71375	1.3716000E-006
3.71525	1.3716000E-006
3.71675	1.3716000E-006
3.71825	1.3716000E-006
3.71975	1.3716000E-006
3.72125	1.3716000E-006
3.72275	1.3716000E-006
3.72425	1.6002000E-006
3.72575	1.6002000E-006
3.72725	1.6002000E-006
3.72875	1.6002000E-006
3.73025	1.6002000E-006
3.73175	1.6002000E-006
3.73325	1.3716000E-006
3.73475	1.3716000E-006
3.73625	1.3716000E-006
3.73775	1.3716000E-006
3.73925	1.3716000E-006
3.74075	1.3716000E-006
3.74225	1.3716000E-006
3.74375	1.3716000E-006
3.74525	1.3716000E-006
3.74675	1.6002000E-006
3.74825	1.6002000E-006
3.74975	1.6002000E-006
3.75125	1.6002000E-006
3.75275	1.6002000E-006
3.75425	1.6002000E-006
3.75575	1.3716000E-006
3.75725	1.6002000E-006
3.75875	1.6002000E-006
3.76025	1.6002000E-006
3.76175	1.6002000E-006
3.76325	1.6002000E-006
3.76475	1.6002000E-006
3.76625	1.3716000E-006
3.76775	1.3716000E-006
3.76925	1.3716000E-006
3.77075	1.3716000E-006
3.77225	1.3716000E-006
3.77375	1.6002000E-006
3.77525	1.6002000E-006
3.77675	1.6002000E-006
3.77825	1.6002000E-006
3.77975	1.6002000E-006
3.78125	1.6002000E-006
3.78275	1.6002000E-006
3.78425	2.0574000E-006
3.78575	2.2860002E-006
3.78725	2.5145998E-006
3.78875	2.5145998E-006
3.79025	2.5145998E-006
3.79175	2.9718001E-006
3.79325	2.5146001E-006
3.79475	2.2859999E-006
3.79625	2.0574000E-006
3.79775	2.0574000E-006
3.79925	2.0574000E-006
3.80075	1.3716000E-006
3.80225	1.3716000E-006
3.80375	1.3716000E-006
3.80525	1.3716000E-006
3.80675	1.3716000E-006
3.80825	1.3716000E-006
3.80975	1.3716000E-006
3.81125	1.3716000E-006
3.81275	1.3716000E-006
3.81425	1.3716000E-006
3.81575	1.6002000E-006
3.81725	1.6002000E-006
3.81875	1.6002000E-006
3.82025	1.6002000E-006
3.82175	1.6002000E-006
3.82325	1.6002000E-006
3.82475	1.3716000E-006
3.82625	1.3716000E-006
3.82775	1.3716000E-006
3.82925	1.3716000E-006
3.83075	1.3716000E-006
3.83225	1.6002000E-006
3.83375	2.0574000E-006
3.83525	2.0574000E-006
3.83675	2.0574000E-006
3.83825	2.0574000E-006
3.83975	2.0574000E-006
3.84125	2.2860002E-006
3.84275	1.8288000E-006
3.84425	1.8288000E-006
3.84575	1.8288000E-006
3.84725	1.8288000E-006
3.84875	1.8288000E-006
3.85025	1.8288000E-006
3.85175	2.0574000E-006
3.85325	2.0574000E-006
3.85475	2.0574000E-006
3.85625	2.0574000E-006
3.85775	2.2859999E-006
3.85925	1.8288000E-006
3.86075	1.6002000E-006
3.86225	1.8288000E-006
3.86375	2.0574000E-006
3.86525	2.0574000E-006
3.86675	2.0574000E-006
3.86825	2.0574000E-006
3.86975	2.0574000E-006
3.87125	1.8288000E-006
3.87275	1.6002000E-006
3.87425	1.6002000E-006
3.87575	1.8288000E-006
3.87725	2.0574000E-006
3.87875	2.0574000E-006
3.88025	2.0574000E-006
3.88175	2.0574000E-006
3.88325	2.2859999E-006
3.88475	1.8288000E-006
3.88625	1.6002000E-006
3.88775	1.6002000E-006
3.88925	1.6002000E-006
3.89075	2.0574000E-006
3.89225	1.8288000E-006
3.89375	1.8288000E-006
3.89525	1.8288000E-006
3.89675	1.8288000E-006
3.89825	2.5146001E-006
3.89975	2.5146001E-006
3.90125	2.5146001E-006
3.90275	2.5146001E-006
3.90425	2.7432000E-006
3.90575	2.7432000E-006
3.90725	2.0574000E-006
3.90875	1.6002000E-006
3.91025	1.6002000E-006
3.91175	1.8288000E-006
3.91325	1.6002000E-006
3.91475	1.6002000E-006
3.91625	1.6002000E-006
3.91775	1.6002000E-006
3.91925	2.5146001E-006
3.92075	2.2859999E-006
3.92225	2.2859999E-006
3.92375	2.2859999E-006
3.92525	2.2859999E-006
3.92675	2.5145998E-006
3.92825	1.6002000E-006
3.92975	2.2860002E-006
3.93125	2.2859999E-006
3.93275	2.5145998E-006
3.93425	3.2004000E-006
3.93575	3.2004000E-006
3.93725	3.4289999E-006
3.93875	3.4289999E-006
3.94025	3.6576000E-006
3.94175	3.4289999E-006
3.94325	2.7432000E-006
3.94475	2.5145998E-006
3.94625	2.5145998E-006
3.94775	1.8288000E-006
3.94925	1.8288000E-006
3.95075	1.8288000E-006
3.95225	2.7432000E-006
3.95375	2.7432000E-006
3.95525	2.7432000E-006
3.95675	2.7432000E-006
3.95825	2.7432000E-006
3.95975	2.9718001E-006
3.96125	3.2004000E-006
3.96275	3.2004000E-006
3.96425	2.9718001E-006
3.96575	3.2004000E-006
3.96725	3.2004000E-006
3.96875	3.6576000E-006
3.97025	2.5146001E-006
3.97175	2.7432000E-006
3.97325	2.7432000E-006
3.97475	2.9718001E-006
3.97625	3.6576000E-006
3.97775	3.6576000E-006
3.97925	4.1148000E-006
3.98075	4.5719999E-006
3.98225	5.0291997E-006
3.98375	5.7149996E-006
3.98525	6.1722003E-006
3.98675	6.6294001E-006
3.98825	7.3152000E-006
3.98975	8.0010004E-006
3.99125	9.1439997E-006
3.99275	8.6867994E-006
3.99425	7.7723998E-006
3.99575	7.0866004E-006
3.99725	6.6293996E-006
3.99875	5.2577998E-006
4.00025	4.5719999E-006
4.00175	3.8861999E-006
4.00325	3.6576000E-006
4.00475	3.2004000E-006
4.00625	2.7432000E-006
4.00775	3.6576000E-006
4.00925	4.1148000E-006
4.01075	4.3433997E-006
4.01225	5.4863999E-006
4.01375	6.4008000E-006
4.01525	8.4581998E-006
4.01675	1.0744200E-005
4.01825	1.2801600E-005
4.01975	1.4859000E-005
4.02125	1.5316198E-005
4.02275	1.8059400E-005
4.02425	1.9659599E-005
4.02575	2.2402799E-005
4.02725	2.3088600E-005
4.02875	2.8346398E-005
4.03025	3.6118799E-005
4.03175	4.0005001E-005
4.03325	4.3662600E-005
4.03475	4.5491401E-005
4.03625	4.8234604E-005
4.03775	5.0749204E-005
4.03925	4.8920399E-005
4.04075	4.9834805E-005
4.04225	5.0520597E-005
4.04375	5.1663603E-005
4.04525	5.2806601E-005
4.04675	5.3492400E-005
4.04825	5.9664602E-005
4.04975	6.1493403E-005
4.05125	6.5150998E-005
4.05275	6.3322193E-005
4.05425	6.6522603E-005
4.05575	6.1721999E-005
4.05725	5.4863998E-005
4.05875	5.2120799E-005
4.06025	4.7548801E-005
4.06175	4.8234604E-005
4.06325	4.1833799E-005
4.06475	4.0462201E-005
4.06625	3.7033202E-005
4.06775	3.4518598E-005
4.06925	2.9946597E-005
4.07075	2.6289001E-005
4.07225	2.4003000E-005
4.07375	2.1717000E-005
4.07525	1.9431000E-005
4.07675	1.5773401E-005
4.07825	1.4859000E-005
4.07975	1.1429999E-005
4.08125	9.1440006E-006
4.08275	8.0009995E-006
4.08425	7.0866004E-006
4.08575	5.9436002E-006
4.08725	4.5719999E-006
4.08875	4.8006000E-006
4.09025	4.8006000E-006
4.09175	3.6576000E-006
4.09325	3.2004000E-006
4.09475	2.9718001E-006
4.09625	2.5145998E-006
4.09775	1.8288000E-006
4.09925	1.8288000E-006
4.10075	1.8288000E-006
4.10225	1.8288000E-006
4.10375	2.5146001E-006
4.10525	2.7432000E-006
4.10675	2.9718001E-006
4.10825	2.7432000E-006
4.10975	2.9718001E-006
4.11125	2.9718001E-006
4.11275	2.2859999E-006
4.11425	2.0574000E-006
4.11575	1.6002000E-006
4.11725	1.6002000E-006
4.11875	1.3716000E-006
4.12025	1.3716000E-006
4.12175	1.3716000E-006
4.12325	1.3716000E-006
4.12475	1.3716000E-006
4.12625	1.3716000E-006
4.12775	1.6002000E-006
4.12925	1.6002000E-006
4.13075	1.6002000E-006
4.13225	1.6002000E-006
4.13375	1.6002000E-006
4.13525	1.6002000E-006
4.13675	1.3716000E-006
4.13825	1.3716000E-006
4.13975	1.3716000E-006
4.14125	1.3716000E-006
4.14275	1.3716000E-006
4.14425	1.3716000E-006
4.14575	1.3716000E-006
4.14725	1.6002000E-006
4.14875	1.8288000E-006
4.15025	1.8288000E-006
4.15175	1.8288000E-006
4.15325	1.8288000E-006
4.15475	2.0574000E-006
4.15625	1.8288000E-006
4.15775	1.8288000E-006
4.15925	1.8288000E-006
4.16075	1.8288000E-006
4.16225	1.8288000E-006
4.16375	1.8288000E-006
4.16525	1.8288000E-006
4.16675	1.6002000E-006
4.16825	1.6002000E-006
4.16975	1.6002000E-006
4.17125	1.6002000E-006
4.17275	1.3716000E-006
4.17425	1.3716000E-006
4.17575	1.3716000E-006
4.17725	1.3716000E-006
4.17875	1.3716000E-006
4.18025	1.3716000E-006
4.18175	1.3716000E-006
4.18325	1.3716000E-006
4.18475	1.3716000E-006
4.18625	1.3716000E-006
4.18775	1.3716000E-006
4.18925	1.3716000E-006
4.19075	1.3716000E-006
4.19225	1.3716000E-006
4.19375	1.3716000E-006
4.19525	1.3716000E-006
4.19675	1.3716000E-006
4.19825	1.3716000E-006
4.19975	1.3716000E-006
4.20125	1.3716000E-006
4.20275	1.3716000E-006
4.20425	1.3716000E-006
4.20575	1.3716000E-006
4.20725	1.6002000E-006
4.20875	1.6002000E-006
4.21025	1.6002000E-006
4.21175	1.6002000E-006
4.21325	1.6002000E-006
4.21475	1.6002000E-006
4.21625	1.3716000E-006
4.21775	1.3716000E-006
4.21925	1.3716000E-006
4.22075	1.3716000E-006
4.22225	1.3716000E-006
4.22375	1.3716000E-006
4.22525	1.3716000E-006
4.22675	1.3716000E-006
4.22825	1.3716000E-006
4.22975	1.3716000E-006
4.23125	1.3716000E-006
4.23275	1.3716000E-006
4.23425	1.3716000E-006
4.23575	1.3716000E-006
4.23725	1.3716000E-006
4.23875	1.3716000E-006
4.24025	1.3716000E-006
4.24175	1.3716000E-006
4.24325	1.6002000E-006
4.24475	1.6002000E-006
4.24625	1.6002000E-006
4.24775	1.6002000E-006
4.24925	1.8288000E-006
4.25075	1.8288000E-006
4.25225	1.6002000E-006
4.25375	1.6002000E-006
4.25525	1.6002000E-006
4.25675	1.6002000E-006
4.25825	1.3716000E-006
4.25975	1.3716000E-006
4.26125	1.3716000E-006
4.26275	1.3716000E-006
4.26425	1.3716000E-006
4.26575	1.3716000E-006
4.26725	1.3716000E-006
4.26875	1.3716000E-006
4.27025	1.3716000E-006
4.27175	1.3716000E-006
4.27325	1.3716000E-006
4.27475	1.6002000E-006
4.27625	1.6002000E-006
4.27775	1.6002000E-006
4.27925	1.6002000E-006
4.28075	1.6002000E-006
4.28225	1.6002000E-006
4.28375	1.3716000E-006
4.28525	1.3716000E-006
4.28675	1.6002000E-006
4.28825	1.6002000E-006
4.28975	1.6002000E-006
4.29125	1.6002000E-006
4.29275	1.6002000E-006
4.29425	1.6002000E-006
4.29575	1.3716000E-006
4.29725	1.3716000E-006
4.29875	1.3716000E-006
4.30025	1.3716000E-006
4.30175	1.3716000E-006
4.30325	1.3716000E-006
4.30475	1.3716000E-006
4.30625	1.3716000E-006
4.30775	1.3716000E-006
4.30925	1.8288000E-006
4.31075	1.8288000E-006
4.31225	1.8288000E-006
4.31375	1.8288000E-006
4.31525	1.8288000E-006
4.31675	1.8288000E-006
4.31825	1.3716000E-006
4.31975	1.3716000E-006
4.32125	1.3716000E-006
4.32275	1.3716000E-006
4.32425	1.3716000E-006
4.32575	1.3716000E-006
4.32725	1.6002000E-006
4.32875	1.6002000E-006
4.33025	1.6002000E-006
4.33175	2.0574000E-006
4.33325	2.0574000E-006
4.33475	2.0574000E-006
4.33625	1.8288000E-006
4.33775	2.0574000E-006
4.33925	2.2859999E-006
4.34075	1.8288000E-006
4.34225	1.8288000E-006
4.34375	1.8288000E-006
4.34525	2.0574000E-006
4.34675	1.8288000E-006
4.34825	1.6002000E-006
4.34975	1.6002000E-006
4.35125	1.6002000E-006
4.35275	1.6002000E-006
4.35425	1.3716000E-006
4.35575	1.3716000E-006
4.35725	1.3716000E-006
4.35875	1.3716000E-006
4.36025	1.3716000E-006
4.36175	1.3716000E-006
4.36325	1.6002000E-006
4.36475	1.6002000E-006
4.36625	1.6002000E-006
4.36775	1.6002000E-006
4.36925	1.6002000E-006
4.37075	1.6002000E-006
4.37225	1.3716000E-006
4.37375	1.3716000E-006
4.37525	1.3716000E-006
4.37675	1.3716000E-006
4.37825	1.3716000E-006
4.37975	1.3716000E-006
4.38125	1.3716000E-006
4.38275	1.3716000E-006
4.38425	1.3716000E-006
4.38575	1.3716000E-006
4.38725	1.6002000E-006
4.38875	1.6002000E-006
4.39025	1.6002000E-006
4.39175	1.6002000E-006
4.39325	1.6002000E-006
4.39475	1.6002000E-006
4.39625	1.3716000E-006
4.39775	1.3716000E-006
4.39925	1.8288000E-006
4.40075	1.8288000E-006
4.40225	1.8288000E-006
4.40375	1.8288000E-006
4.40525	2.0574000E-006
4.40675	2.0574000E-006
4.40825	1.6002000E-006
4.40975	1.6002000E-006
4.41125	1.6002000E-006
4.41275	1.6002000E-006
4.41425	1.3716000E-006
4.41575	1.3716000E-006
4.41725	1.6002000E-006
4.41875	1.6002000E-006
4.42025	1.6002000E-006
4.42175	1.6002000E-006
4.42325	1.6002000E-006
4.42475	1.6002000E-006
4.42625	1.3716000E-006
4.42775	1.3716000E-006
4.42925	1.3716000E-006
4.43075	1.3716000E-006
4.43225	1.3716000E-006
4.43375	1.3716000E-006
4.43525	1.3716000E-006
4.43675	1.3716000E-006
4.43825	1.3716000E-006
4.43975	1.3716000E-006
4.44125	1.3716000E-006
4.44275	1.3716000E-006
4.44425	1.3716000E-006
4.44575	1.3716000E-006
4.44725	1.3716000E-006
4.44875	1.3716000E-006
4.45025	1.3716000E-006
4.45175	1.3716000E-006
4.45325	1.3716000E-006
4.45475	1.3716000E-006
4.45625	1.3716000E-006
4.45775	1.3716000E-006
4.45925	1.6002000E-006
4.46075	2.0574000E-006
4.46225	2.0574000E-006
4.46375	2.0574000E-006
4.46525	2.0574000E-006
4.46675	2.0574000E-006
4.46825	1.8288000E-006
4.46975	1.6002000E-006
4.47125	1.8288000E-006
4.47275	1.8288000E-006
4.47425	1.8288000E-006
4.47575	1.8288000E-006
4.47725	1.8288000E-006
4.47875	1.6002000E-006
4.48025	1.3716000E-006
4.48175	1.3716000E-006
4.48325	1.3716000E-006
4.48475	1.3716000E-006
4.48625	1.3716000E-006
4.48775	1.6002000E-006
4.48925	1.6002000E-006
4.49075	1.6002000E-006
4.49225	1.6002000E-006
4.49375	1.8288000E-006
4.49525	1.8288000E-006
4.49675	1.6002000E-006
4.49825	1.6002000E-006
4.49975	1.6002000E-006
4.50125	1.6002000E-006
4.50275	1.3716000E-006
4.50425	1.3716000E-006
4.50575	1.3716000E-006
4.50725	1.3716000E-006
4.50875	1.3716000E-006
4.51025	1.3716000E-006
4.51175	1.3716000E-006
4.51325	1.3716000E-006
4.51475	1.3716000E-006
4.51625	1.3716000E-006
4.51775	1.3716000E-006
4.51925	1.3716000E-006
4.52075	1.3716000E-006
4.52225	1.3716000E-006
4.52375	1.3716000E-006
4.52525	1.3716000E-006
4.52675	1.3716000E-006
4.52825	1.3716000E-006
4.52975	1.3716000E-006
4.53125	1.3716000E-006
4.53275	1.3716000E-006
4.53425	1.3716000E-006
4.53575	1.3716000E-006
4.53725	1.3716000E-006
4.53875	1.3716000E-006
4.54025	1.3716000E-006
4.54175	1.3716000E-006
4.54325	1.3716000E-006
4.54475	1.3716000E-006
4.54625	1.3716000E-006
4.54775	1.3716000E-006
4.54925	1.3716000E-006
4.55075	1.3716000E-006
4.55225	1.3716000E-006
4.55375	1.3716000E-006
4.55525	1.3716000E-006
4.55675	1.3716000E-006
4.55825	1.3716000E-006
4.55975	1.3716000E-006
4.56125	1.3716000E-006
4.56275	1.3716000E-006
4.56425	1.3716000E-006
4.56575	1.3716000E-006
4.56725	1.3716000E-006
4.56875	1.3716000E-006
4.57025	1.3716000E-006
4.57175	1.3716000E-006
4.57325	1.6002000E-006
4.57475	1.6002000E-006
4.57625	1.6002000E-006
4.57775	1.8288000E-006
4.57925	1.8288000E-006
4.58075	1.8288000E-006
4.58225	1.6002000E-006
4.58375	1.6002000E-006
4.58525	1.6002000E-006
4.58675	1.3716000E-006
4.58825	1.3716000E-006
4.58975	1.6002000E-006
4.59125	1.6002000E-006
4.59275	1.6002000E-006
4.59425	1.6002000E-006
4.59575	1.6002000E-006
4.59725	1.6002000E-006
4.59875	1.3716000E-006
4.60025	1.3716000E-006
4.60175	1.3716000E-006
4.60325	1.3716000E-006
4.60475	1.3716000E-006
4.60625	1.3716000E-006
4.60775	1.6002000E-006
4.60925	1.6002000E-006
4.61075	1.6002000E-006
4.61225	1.6002000E-006
4.61375	1.6002000E-006
4.61525	1.6002000E-006
4.61675	1.3716000E-006
4.61825	1.3716000E-006
4.61975	1.3716000E-006
4.62125	1.3716000E-006
4.62275	1.6002000E-006
4.62425	1.6002000E-006
4.62575	1.6002000E-006
4.62725	1.6002000E-006
4.62875	1.6002000E-006
4.63025	1.6002000E-006
4.63175	1.3716000E-006
4.63325	1.3716000E-006
4.63475	1.3716000E-006
4.63625	1.3716000E-006
4.63775	1.3716000E-006
4.63925	1.3716000E-006
4.64075	1.6002000E-006
4.64225	1.6002000E-006
4.64375	1.6002000E-006
4.64525	1.6002000E-006
4.64675	1.6002000E-006
4.64825	1.6002000E-006
4.64975	1.3716000E-006
4.65125	1.3716000E-006
4.65275	1.3716000E-006
4.65425	1.3716000E-006
4.65575	1.3716000E-006
4.65725	1.3716000E-006
4.65875	1.3716000E-006
4.66025	1.3716000E-006
4.66175	1.3716000E-006
4.66325	1.3716000E-006
4.66475	1.3716000E-006
4.66625	1.3716000E-006
4.66775	1.3716000E-006
4.66925	1.3716000E-006
4.67075	1.3716000E-006
4.67225	1.3716000E-006
4.67375	1.3716000E-006
4.67525	1.3716000E-006
4.67675	1.3716000E-006
4.67825	1.3716000E-006
4.67975	1.3716000E-006
4.68125	1.3716000E-006
4.68275	1.3716000E-006
4.68425	1.3716000E-006
4.68575	1.3716000E-006
4.68725	1.3716000E-006
4.68875	1.3716000E-006
4.69025	1.3716000E-006
4.69175	1.3716000E-006
4.69325	1.3716000E-006
4.69475	1.6002000E-006
4.69625	1.6002000E-006
4.69775	1.6002000E-006
4.69925	1.6002000E-006
4.70075	1.6002000E-006
4.70225	1.8288000E-006
4.70375	1.6002000E-006
4.70525	2.0574000E-006
4.70675	2.2859999E-006
4.70825	2.2859999E-006
4.70975	2.2859999E-006
4.71125	2.0574000E-006
4.71275	2.0574000E-006
4.71425	1.6002000E-006
4.71575	1.6002000E-006
4.71725	1.6002000E-006
4.71875	1.6002000E-006
4.72025	1.6002000E-006
4.72175	1.6002000E-006
4.72325	1.6002000E-006
4.72475	1.3716000E-006
4.72625	1.3716000E-006
4.72775	1.3716000E-006
4.72925	1.6002000E-006
4.73075	1.8288000E-006
4.73225	1.8288000E-006
4.73375	1.8288000E-006
4.73525	1.8288000E-006
4.73675	1.8288000E-006
4.73825	1.6002000E-006
4.73975	1.3716000E-006
4.74125	1.3716000E-006
4.74275	1.6002000E-006
4.74425	1.6002000E-006
4.74575	1.6002000E-006
4.74725	1.6002000E-006
4.74875	1.6002000E-006
4.75025	1.6002000E-006
4.75175	1.3716000E-006
4.75325	1.3716000E-006
4.75475	1.3716000E-006
4.75625	1.3716000E-006
4.75775	1.3716000E-006
4.75925	1.3716000E-006
4.76075	1.3716000E-006
4.76225	1.3716000E-006
4.76375	1.3716000E-006
4.76525	1.3716000E-006
4.76675	1.3716000E-006
4.76825	1.3716000E-006
4.76975	1.3716000E-006
4.77125	1.3716000E-006
4.77275	1.3716000E-006
4.77425	1.3716000E-006
4.77575	1.3716000E-006
4.77725	1.3716000E-006
4.77875	1.6002000E-006
4.78025	1.8288000E-006
4.78175	1.8288000E-006
4.78325	1.8288000E-006
4.78475	1.8288000E-006
4.78625	1.8288000E-006
4.78775	1.6002000E-006
4.78925	1.3716000E-006
4.79075	1.3716000E-006
4.79225	1.3716000E-006
4.79375	1.3716000E-006
4.79525	1.8288000E-006
4.79675	1.8288000E-006
4.79825	1.8288000E-006
4.79975	2.2860002E-006
4.80125	2.2860002E-006
4.80275	2.5145998E-006
4.80425	2.5146001E-006
4.80575	2.5146001E-006
4.80725	2.5146001E-006
4.80875	2.0574000E-006
4.81025	2.0574000E-006
4.81175	2.5146001E-006
4.81325	2.0574000E-006
4.81475	2.0574000E-006
4.81625	2.0574000E-006
4.81775	2.5146001E-006
4.81925	2.7432000E-006
4.82075	2.0574000E-006
4.82225	2.0574000E-006
4.82375	2.9718001E-006
4.82525	3.6576000E-006
4.82675	3.6576000E-006
4.82825	4.3433997E-006
4.82975	5.9436002E-006
4.83125	6.8579998E-006
4.83275	6.1722003E-006
4.83425	6.4008000E-006
4.83575	7.0865995E-006
4.83725	7.5438002E-006
4.83875	7.7724007E-006
4.84025	8.6868004E-006
4.84175	9.6012000E-006
4.84325	1.0515600E-005
4.84475	1.0972800E-005
4.84625	1.0744200E-005
4.84775	1.0515600E-005
4.84925	1.0287000E-005
4.85075	1.0972799E-005
4.85225	1.0744200E-005
4.85375	1.1201400E-005
4.85525	1.1201400E-005
4.85675	1.0972799E-005
4.85825	1.1201400E-005
4.85975	1.0972800E-005
4.86125	1.0744199E-005
4.86275	1.0287000E-005
4.86425	1.0515600E-005
4.86575	1.0744200E-005
4.86725	9.3726003E-006
4.86875	9.8297996E-006
4.87025	8.9154000E-006
4.87175	7.7724007E-006
4.87325	7.3152005E-006
4.87475	6.1722003E-006
4.87625	7.0866004E-006
4.87775	5.7149996E-006
4.87925	5.4863999E-006
4.88075	5.0291997E-006
4.88225	4.5719999E-006
4.88375	4.1148000E-006
4.88525	2.9718001E-006
4.88675	2.2859999E-006
4.88825	2.2859999E-006
4.88975	2.2859999E-006
4.89125	2.0574000E-006
4.89275	2.0574000E-006
4.89425	1.8288000E-006
4.89575	2.2860002E-006
4.89725	2.0574000E-006
4.89875	2.0574000E-006
4.90025	2.0574000E-006
4.90175	2.0574000E-006
4.90325	2.0574000E-006
4.90475	1.6002000E-006
4.90625	1.6002000E-006
4.90775	1.6002000E-006
4.90925	1.3716000E-006
4.91075	1.3716000E-006
4.91225	1.3716000E-006
4.91375	1.3716000E-006
4.91525	1.3716000E-006
4.91675	1.3716000E-006
4.91825	1.3716000E-006
4.91975	1.3716000E-006
4.92125	1.3716000E-006
4.92275	1.3716000E-006
4.92425	1.3716000E-006
4.92575	1.3716000E-006
4.92725	1.3716000E-006
4.92875	1.3716000E-006
4.93025	1.3716000E-006
4.93175	1.3716000E-006
4.93325	1.3716000E-006
4.93475	1.3716000E-006
4.93625	1.3716000E-006
4.93775	1.3716000E-006
4.93925	1.3716000E-006
4.94075	1.3716000E-006
4.94225	1.3716000E-006
4.94375	1.3716000E-006
4.94525	1.3716000E-006
4.94675	1.3716000E-006
4.94825	1.3716000E-006
4.94975	1.3716000E-006
4.95125	1.3716000E-006
4.95275	1.3716000E-006
4.95425	1.3716000E-006
4.95575	1.3716000E-006
4.95725	1.3716000E-006
4.95875	1.3716000E-006
4.96025	1.3716000E-006
4.96175	1.3716000E-006
4.96325	1.3716000E-006
4.96475	1.3716000E-006
4.96625	1.3716000E-006
4.96775	1.3716000E-006
4.96925	1.3716000E-006
4.97075	1.3716000E-006
4.97225	1.3716000E-006
4.97375	1.3716000E-006
4.97525	1.3716000E-006
4.97675	1.3716000E-006
4.97825	1.3716000E-006
4.97975	1.3716000E-006
4.98125	1.3716000E-006
4.98275	1.6002000E-006
4.98425	1.6002000E-006
4.98575	1.6002000E-006
4.98725	1.6002000E-006
4.98875	1.6002000E-006
4.99025	1.6002000E-006
4.99175	1.3716000E-006
4.99325	1.3716000E-006
4.99475	1.3716000E-006
4.99625	1.3716000E-006
4.99775	1.3716000E-006
4.99925	1.3716000E-006
5.00075	1.3716000E-006
5.00225	1.3716000E-006
5.00375	1.3716000E-006
5.00525	1.3716000E-006
5.00675	1.3716000E-006
5.00825	1.3716000E-006
5.00975	1.3716000E-006
5.01125	1.3716000E-006
5.01275	1.3716000E-006
5.01425	1.3716000E-006
5.01575	1.6002000E-006
5.01725	1.6002000E-006
5.01875	1.6002000E-006
5.02025	1.6002000E-006
5.02175	1.8288000E-006
5.02325	1.8288000E-006
5.02475	1.6002000E-006
5.02625	1.6002000E-006
5.02775	1.6002000E-006
5.02925	1.6002000E-006
5.03075	1.3716000E-006
5.03225	1.3716000E-006
5.03375	1.3716000E-006
5.03525	1.3716000E-006
5.03675	1.3716000E-006
5.03825	1.3716000E-006
5.03975	1.3716000E-006
5.04125	1.6002000E-006
5.04275	1.6002000E-006
5.04425	1.6002000E-006
5.04575	1.6002000E-006
5.04725	1.6002000E-006
5.04875	1.6002000E-006
5.05025	1.3716000E-006
5.05175	1.3716000E-006
5.05325	1.3716000E-006
5.05475	1.3716000E-006
5.05625	1.3716000E-006
5.05775	1.3716000E-006
5.05925	1.3716000E-006
5.06075	1.3716000E-006
5.06225	1.3716000E-006
5.06375	1.3716000E-006
5.06525	1.3716000E-006
5.06675	1.3716000E-006
5.06825	1.3716000E-006
5.06975	1.3716000E-006
5.07125	1.3716000E-006
5.07275	1.3716000E-006
5.07425	1.3716000E-006
5.07575	1.3716000E-006
5.07725	1.3716000E-006
5.07875	1.3716000E-006
5.08025	1.3716000E-006
5.08175	1.3716000E-006
5.08325	1.3716000E-006
5.08475	1.3716000E-006
5.08625	1.3716000E-006
5.08775	1.3716000E-006
5.08925	1.3716000E-006
5.09075	1.3716000E-006
5.09225	1.3716000E-006
5.09375	1.3716000E-006
5.09525	1.3716000E-006
5.09675	1.3716000E-006
5.09825	1.3716000E-006
5.09975	1.3716000E-006
5.10125	1.3716000E-006
5.10275	1.3716000E-006
5.10425	1.3716000E-006
5.10575	1.3716000E-006
5.10725	1.3716000E-006
5.10875	1.3716000E-006
5.11025	1.3716000E-006
5.11175	1.3716000E-006
5.11325	1.3716000E-006
5.11475	1.3716000E-006
5.11625	1.3716000E-006
5.11775	1.3716000E-006
5.11925	1.3716000E-006
5.12075	1.3716000E-006
5.12225	1.3716000E-006
5.12375	1.3716000E-006
5.12525	1.3716000E-006
5.12675	1.3716000E-006
5.12825	1.3716000E-006
5.12975	1.3716000E-006
5.13125	1.3716000E-006
5.13275	1.3716000E-006
5.13425	1.3716000E-006
5.13575	1.3716000E-006
5.13725	1.3716000E-006
5.13875	1.3716000E-006
5.14025	1.3716000E-006
5.14175	1.3716000E-006
5.14325	1.3716000E-006
5.14475	1.3716000E-006
5.14625	1.3716000E-006
5.14775	1.3716000E-006
5.14925	1.3716000E-006
5.15075	1.3716000E-006
5.15225	1.3716000E-006
5.15375	1.3716000E-006
5.15525	1.3716000E-006
5.15675	1.3716000E-006
5.15825	1.3716000E-006
5.15975	1.3716000E-006
5.16125	1.3716000E-006
5.16275	1.3716000E-006
5.16425	1.3716000E-006
5.16575	1.3716000E-006
5.16725	1.3716000E-006
5.16875	1.3716000E-006
5.17025	1.3716000E-006
5.17175	1.3716000E-006
5.17325	1.3716000E-006
5.17475	1.3716000E-006
5.17625	1.3716000E-006
5.17775	1.3716000E-006
5.17925	1.3716000E-006
5.18075	1.3716000E-006
5.18225	1.3716000E-006
5.18375	1.3716000E-006
5.18525	1.3716000E-006
5.18675	1.3716000E-006
5.18825	1.3716000E-006
5.18975	1.3716000E-006
5.19125	1.3716000E-006
5.19275	1.3716000E-006
5.19425	1.3716000E-006
5.19575	1.3716000E-006
5.19725	1.3716000E-006
5.19875	1.3716000E-006
5.20025	1.3716000E-006
5.20175	1.3716000E-006
5.20325	1.3716000E-006
5.20475	1.6002000E-006
5.20625	1.6002000E-006
5.20775	1.6002000E-006
5.20925	1.6002000E-006
5.21075	1.6002000E-006
5.21225	1.6002000E-006
5.21375	1.3716000E-006
5.21525	1.3716000E-006
5.21675	1.3716000E-006
5.21825	1.3716000E-006
5.21975	1.3716000E-006
5.22125	1.3716000E-006
5.22275	1.3716000E-006
5.22425	1.3716000E-006
5.22575	1.3716000E-006
5.22725	1.3716000E-006
5.22875	1.3716000E-006
5.23025	1.3716000E-006
5.23175	1.3716000E-006
5.23325	1.6002000E-006
5.23475	1.6002000E-006
5.23625	1.6002000E-006
5.23775	1.6002000E-006
5.23925	1.8288000E-006
5.24075	1.8288000E-006
5.24225	1.6002000E-006
5.24375	1.6002000E-006
5.24525	1.6002000E-006
5.24675	1.6002000E-006
5.24825	1.3716000E-006
5.24975	1.3716000E-006
5.25125	1.3716000E-006
5.25275	1.3716000E-006
5.25425	1.3716000E-006
5.25575	1.3716000E-006
5.25725	1.3716000E-006
5.25875	1.3716000E-006
5.26025	1.3716000E-006
5.26175	1.3716000E-006
5.26325	1.3716000E-006
5.26475	1.3716000E-006
5.26625	1.3716000E-006
5.26775	1.3716000E-006
5.26925	1.3716000E-006
5.27075	1.3716000E-006
5.27225	1.3716000E-006
5.27375	1.3716000E-006
5.27525	1.3716000E-006
5.27675	1.3716000E-006
5.27825	1.3716000E-006
5.27975	1.3716000E-006
5.28125	1.3716000E-006
5.28275	1.3716000E-006
5.28425	1.3716000E-006
5.28575	1.3716000E-006
5.28725	1.3716000E-006
5.28875	1.3716000E-006
5.29025	1.3716000E-006
5.29175	1.3716000E-006
5.29325	1.3716000E-006
5.29475	1.3716000E-006
5.29625	1.3716000E-006
5.29775	1.3716000E-006
5.29925	1.3716000E-006
5.30075	1.3716000E-006
5.30225	1.3716000E-006
5.30375	1.3716000E-006
5.30525	1.6002000E-006
5.30675	1.6002000E-006
5.30825	1.6002000E-006
5.30975	1.6002000E-006
5.31125	1.6002000E-006
5.31275	1.6002000E-006
5.31425	1.3716000E-006
5.31575	1.3716000E-006
5.31725	1.3716000E-006
5.31875	1.3716000E-006
5.32025	1.3716000E-006
5.32175	1.3716000E-006
5.32325	1.3716000E-006
5.32475	1.3716000E-006
5.32625	1.3716000E-006
5.32775	1.3716000E-006
5.32925	1.3716000E-006
5.33075	1.3716000E-006
5.33225	1.3716000E-006
5.33375	1.3716000E-006
5.33525	1.3716000E-006
5.33675	1.3716000E-006
5.33825	1.3716000E-006
5.33975	1.3716000E-006
5.34125	1.3716000E-006
5.34275	1.3716000E-006
5.34425	1.3716000E-006
5.34575	1.3716000E-006
5.34725	1.3716000E-006
5.34875	1.3716000E-006
5.35025	1.3716000E-006
5.35175	1.3716000E-006
5.35325	1.3716000E-006
5.35475	1.3716000E-006
5.35625	1.3716000E-006
5.35775	1.3716000E-006
5.35925	1.3716000E-006
5.36075	1.3716000E-006
5.36225	1.6002000E-006
5.36375	1.6002000E-006
5.36525	1.6002000E-006
5.36675	1.6002000E-006
5.36825	2.0574000E-006
5.36975	2.0574000E-006
5.37125	1.8288000E-006
5.37275	1.8288000E-006
5.37425	1.8288000E-006
5.37575	1.8288000E-006
5.37725	1.3716000E-006
5.37875	1.3716000E-006
5.38025	1.3716000E-006
5.38175	1.3716000E-006
5.38325	1.3716000E-006
5.38475	1.3716000E-006
5.38625	1.3716000E-006
5.38775	1.3716000E-006
5.38925	1.3716000E-006
5.39075	1.3716000E-006
5.39225	1.3716000E-006
5.39375	1.3716000E-006
5.39525	1.3716000E-006
5.39675	1.3716000E-006
5.39825	1.3716000E-006
5.39975	1.3716000E-006
5.40125	1.3716000E-006
5.40275	1.3716000E-006
5.40425	1.3716000E-006
5.40575	1.3716000E-006
5.40725	1.3716000E-006
5.40875	1.3716000E-006
5.41025	1.3716000E-006
5.41175	1.3716000E-006
5.41325	1.3716000E-006
5.41475	1.3716000E-006
5.41625	1.3716000E-006
5.41775	1.3716000E-006
5.41925	1.3716000E-006
5.42075	1.3716000E-006
5.42225	1.3716000E-006
5.42375	1.3716000E-006
5.42525	1.3716000E-006
5.42675	1.3716000E-006
5.42825	1.3716000E-006
5.42975	1.3716000E-006
5.43125	1.3716000E-006
5.43275	1.3716000E-006
5.43425	1.6002000E-006
5.43575	1.6002000E-006
5.43725	1.6002000E-006
5.43875	1.6002000E-006
5.44025	1.6002000E-006
5.44175	1.6002000E-006
5.44325	1.3716000E-006
5.44475	1.3716000E-006
5.44625	1.3716000E-006
5.44775	1.3716000E-006
5.44925	1.3716000E-006
5.45075	1.6002000E-006
5.45225	1.6002000E-006
5.45375	1.6002000E-006
5.45525	1.6002000E-006
5.45675	1.6002000E-006
5.45825	1.6002000E-006
5.45975	1.3716000E-006
5.46125	1.3716000E-006
5.46275	1.3716000E-006
5.46425	1.3716000E-006
5.46575	1.3716000E-006
5.46725	1.3716000E-006
5.46875	1.3716000E-006
5.47025	1.3716000E-006
5.47175	1.3716000E-006
5.47325	1.3716000E-006
5.47475	1.3716000E-006
5.47625	1.3716000E-006
5.47775	1.3716000E-006
5.47925	1.3716000E-006
5.48075	1.3716000E-006
5.48225	1.3716000E-006
5.48375	1.3716000E-006
5.48525	1.3716000E-006
5.48675	1.3716000E-006
5.48825	1.3716000E-006
5.48975	1.3716000E-006
5.49125	1.3716000E-006
5.49275	1.3716000E-006
5.49425	1.3716000E-006
5.49575	1.3716000E-006
5.49725	1.3716000E-006
5.49875	1.3716000E-006
5.50025	1.6002000E-006
5.50175	1.6002000E-006
5.50325	1.6002000E-006
5.50475	1.8288000E-006
5.50625	1.8288000E-006
5.50775	1.8288000E-006
5.50925	1.6002000E-006
5.51075	1.6002000E-006
5.51225	1.8288000E-006
5.51375	1.6002000E-006
5.51525	1.6002000E-006
5.51675	1.6002000E-006
5.51825	1.8288000E-006
5.51975	1.8288000E-006
5.52125	1.6002000E-006
5.52275	1.8288000E-006
5.52425	1.8288000E-006
5.52575	1.8288000E-006
5.52725	1.6002000E-006
5.52875	1.6002000E-006
5.53025	1.8288000E-006
5.53175	1.6002000E-006
5.53325	1.6002000E-006
5.53475	1.6002000E-006
5.53625	1.6002000E-006
5.53775	1.6002000E-006
5.53925	1.3716000E-006
5.54075	1.3716000E-006
5.54225	1.3716000E-006
5.54375	1.3716000E-006
5.54525	1.3716000E-006
5.54675	1.3716000E-006
5.54825	1.3716000E-006
5.54975	1.3716000E-006
5.55125	1.3716000E-006
5.55275	1.3716000E-006
5.55425	1.3716000E-006
5.55575	1.3716000E-006
5.55725	1.3716000E-006
5.55875	1.3716000E-006
5.56025	1.6002000E-006
5.56175	1.6002000E-006
5.56325	1.6002000E-006
5.56475	1.6002000E-006
5.56625	1.6002000E-006
5.56775	1.6002000E-006
5.56925	1.3716000E-006
5.57075	1.3716000E-006
5.57225	1.3716000E-006
5.57375	1.3716000E-006
5.57525	1.3716000E-006
5.57675	1.6002000E-006
5.57825	1.6002000E-006
5.57975	1.6002000E-006
5.58125	1.6002000E-006
5.58275	1.6002000E-006
5.58425	1.6002000E-006
5.58575	1.3716000E-006
5.58725	1.3716000E-006
5.58875	1.3716000E-006
5.59025	1.3716000E-006
5.59175	1.3716000E-006
5.59325	1.8288000E-006
5.59475	1.8288000E-006
5.59625	1.8288000E-006
5.59775	1.8288000E-006
5.59925	1.8288000E-006
