theta_deg	R
0.20825	8.3988845E-001
0.20975	8.3822054E-001
0.21125	8.3480573E-001
0.21275	8.3135808E-001
0.21425	8.2965463E-001
0.21575	8.2606941E-001
0.21725	8.2243794E-001
0.21875	8.2062751E-001
0.22025	8.1686109E-001
0.22175	8.1299996E-001
0.22325	8.1109136E-001
0.22475	8.0711311E-001
0.22625	8.0305248E-001
0.22775	7.9885584E-001
0.22925	7.9672110E-001
0.23075	7.9236573E-001
0.23225	7.8790504E-001
0.23375	7.8328192E-001
0.23525	7.8093827E-001
0.23675	7.7612758E-001
0.23825	7.7112913E-001
0.23975	7.6599073E-001
0.24125	7.6064503E-001
0.24275	7.5517082E-001
0.24425	7.5239182E-001
0.24575	7.4655569E-001
0.24725	7.4055994E-001
0.24875	7.3431247E-001
0.25025	7.2778291E-001
0.25175	7.2101396E-001
0.25325	7.1401489E-001
0.25475	7.0665330E-001
0.25625	6.9902337E-001
0.25775	6.9099069E-001
0.25925	6.8263990E-001
0.26075	6.7384332E-001
0.26225	6.6467065E-001
0.26375	6.5503001E-001
0.26525	6.4490056E-001
0.26675	6.3428450E-001
0.26825	6.2313992E-001
0.26975	6.1142635E-001
0.27125	5.9915823E-001
0.27275	5.8621866E-001
0.27425	5.7277185E-001
0.27575	5.5862683E-001
0.27725	5.4391485E-001
0.27875	5.2083939E-001
0.28025	5.0481337E-001
0.28175	4.8842272E-001
0.28325	4.7180402E-001
0.28475	4.5494989E-001
0.28625	4.3809173E-001
0.28775	4.1306388E-001
0.28925	3.9670056E-001
0.29075	3.8080353E-001
0.29225	3.6540142E-001
0.29375	3.5057533E-001
0.29525	3.2955512E-001
0.29675	3.1638801E-001
0.29825	3.0386055E-001
0.29975	2.8620127E-001
0.30125	2.7514961E-001
0.30275	2.6465350E-001
0.30425	2.4988955E-001
0.30575	2.4074428E-001
0.30725	2.3216613E-001
0.30875	2.3001668E-001
0.31025	2.2073524E-001
0.31175	2.1199392E-001
0.31325	2.0375010E-001
0.31475	1.9596219E-001
0.31625	1.8859291E-001
0.31775	1.8161070E-001
0.31925	1.7499135E-001
0.32075	1.6871746E-001
0.32225	1.6277763E-001
0.32375	1.5716325E-001
0.32525	1.5186593E-001
0.32675	1.4687380E-001
0.32825	1.4216931E-001
0.32975	1.3772766E-001
0.33125	1.3351762E-001
0.33275	1.2950377E-001
0.33425	1.2565041E-001
0.33575	1.2192564E-001
0.33725	1.1830539E-001
0.33875	1.1477632E-001
0.34025	1.1133691E-001
0.34175	1.0799669E-001
0.34325	1.0477328E-001
0.34475	1.0168839E-001
0.34625	9.8762698E-002
0.34775	9.6011221E-002
0.34925	9.3439385E-002
0.35075	9.1040753E-002
0.35225	8.8796996E-002
0.35375	8.6679548E-002
0.35525	8.4653005E-002
0.35675	8.2679883E-002
0.35825	8.0725417E-002
0.35975	7.8762002E-002
0.36125	7.6772682E-002
0.36275	7.4753053E-002
0.36425	7.2711289E-002
0.36575	7.0666686E-002
0.36725	6.8646468E-002
0.36875	6.6682048E-002
0.37025	6.4804338E-002
0.37175	6.3039772E-002
0.37325	6.1406657E-002
0.37475	5.9912477E-002
0.37625	5.8552835E-002
0.37775	5.7311524E-002
0.37925	5.6162272E-002
0.38075	5.5071622E-002
0.38225	5.4002885E-002
0.38375	5.2920379E-002
0.38525	5.1793769E-002
0.38675	5.0601676E-002
0.38825	4.9334191E-002
0.38975	4.7994193E-002
0.39125	4.6597000E-002
0.39275	4.5168668E-002
0.39425	4.3743145E-002
0.39575	4.2358432E-002
0.39725	4.1052330E-002
0.39875	3.9858200E-002
0.40025	3.8801156E-002
0.40175	3.7895128E-002
0.40325	3.7141092E-002
0.40475	3.6526803E-002
0.40625	3.6027882E-002
0.40775	3.5610333E-002
0.40925	3.5234101E-002
0.41075	3.4857355E-002
0.41225	3.4440901E-002
0.41375	3.3952340E-002
0.41525	3.3369411E-002
0.41675	3.2682296E-002
0.41825	3.1894501E-002
0.41975	3.1022452E-002
0.42125	3.0093644E-002
0.42275	2.9143672E-002
0.42425	2.8212525E-002
0.42575	2.7340308E-002
0.42725	2.6563061E-002
0.42875	2.5909023E-002
0.43025	2.5395684E-002
0.43175	2.5027959E-002
0.43325	2.4797721E-002
0.43475	2.4684563E-002
0.43625	2.4657842E-002
0.43775	2.4679707E-002
0.43925	2.4708729E-002
0.44075	2.4703937E-002
0.44225	2.4628647E-002
0.44375	2.4453910E-002
0.44525	2.4161147E-002
0.44675	2.3743784E-002
0.44825	2.3207791E-002
0.44975	2.2571007E-002
0.45125	2.1861458E-002
0.45275	2.1114636E-002
0.45425	2.0370197E-002
0.45575	1.9668264E-002
0.45725	1.9045727E-002
0.45875	1.8532867E-002
0.46025	1.8150605E-002
0.46175	1.7908683E-002
0.46325	1.7804820E-002
0.46475	1.7824950E-002
0.46625	1.7944561E-002
0.46775	1.8130908E-002
0.46925	1.8345911E-002
0.47075	1.8549569E-002
0.47225	1.8703461E-002
0.47375	1.8774120E-002
0.47525	1.8735867E-002
0.47675	1.8573016E-002
0.47825	1.8281141E-002
0.47975	1.7867329E-002
0.48125	1.7349424E-002
0.48275	1.6754443E-002
0.48425	1.6116114E-002
0.48575	1.5472000E-002
0.48725	1.4860291E-002
0.48875	1.4316672E-002
0.49025	1.3871375E-002
0.49175	1.3546742E-002
0.49325	1.3355415E-002
0.49475	1.3299322E-002
0.49625	1.3369550E-002
0.49775	1.3547087E-002
0.49925	1.3804432E-002
0.50075	1.4107883E-002
0.50225	1.4420319E-002
0.50375	1.4704257E-002
0.50525	1.4924886E-002
0.50675	1.5052821E-002
0.50825	1.5066459E-002
0.50975	1.4953615E-002
0.51125	1.4712494E-002
0.51275	1.4351765E-002
0.51425	1.3889841E-002
0.51575	1.3353369E-002
0.51725	1.2775054E-002
0.51875	1.2191031E-002
0.52025	1.1637936E-002
0.52175	1.1150027E-002
0.52325	1.0756493E-002
0.52475	1.0479246E-002
0.52625	1.0331264E-002
0.52775	1.0315722E-002
0.52925	1.0425841E-002
0.53075	1.0645504E-002
0.53225	1.0950546E-002
0.53375	1.1310630E-002
0.53525	1.1691529E-002
0.53675	1.2057668E-002
0.53825	1.2374738E-002
0.53975	1.2612226E-002
0.54125	1.2745649E-002
0.54275	1.2758376E-002
0.54425	1.2642873E-002
0.54575	1.2401293E-002
0.54725	1.2045357E-002
0.54875	1.1595476E-002
0.55025	1.1079262E-002
0.55175	1.0529444E-002
0.55325	9.9814134E-003
0.55475	9.4705857E-003
0.55625	9.0297451E-003
0.55775	8.6866245E-003
0.55925	8.4618675E-003
0.56075	8.3675180E-003
0.56225	8.4061688E-003
0.56375	8.5707828E-003
0.56525	8.8452259E-003
0.56675	9.2054475E-003
0.56825	9.6212309E-003
0.56975	1.0058377E-002
0.57125	1.0481184E-002
0.57275	1.0855025E-002
0.57425	1.1148842E-002
0.57575	1.1337418E-002
0.57725	1.1403165E-002
0.57875	1.1337429E-002
0.58025	1.1141094E-002
0.58175	1.0824525E-002
0.58325	1.0406817E-002
0.58475	9.9144392E-003
0.58625	9.3793375E-003
0.58775	8.8366792E-003
0.58925	8.3223516E-003
0.59075	7.8704217E-003
0.59225	7.5107305E-003
0.59375	7.2667687E-003
0.59525	7.1540396E-003
0.59675	7.1789231E-003
0.59825	7.3382347E-003
0.59975	7.6194140E-003
0.60125	8.0013974E-003
0.60275	8.4560374E-003
0.60425	8.9500723E-003
0.60575	9.4474107E-003
0.60725	9.9116433E-003
0.60875	1.0308565E-002
0.61025	1.0608551E-002
0.61175	1.0788635E-002
0.61325	1.0834099E-002
0.61475	1.0739506E-002
0.61625	1.0509134E-002
0.61775	1.0156693E-002
0.61925	9.7044772E-003
0.62075	9.1818729E-003
0.62225	8.6234324E-003
0.62375	8.0665387E-003
0.62525	7.5488770E-003
0.62675	7.1058464E-003
0.62825	6.7680790E-003
0.62975	6.5592788E-003
0.63125	6.4945342E-003
0.63275	6.5792203E-003
0.63425	6.8086204E-003
0.63575	7.1682334E-003
0.63725	7.6347701E-003
0.63875	8.1777163E-003
0.64025	8.7613454E-003
0.64175	9.3470542E-003
0.64325	9.8958518E-003
0.64475	1.0370904E-002
0.64625	1.0739950E-002
0.64775	1.0977498E-002
0.64925	1.1066590E-002
0.65075	1.1000064E-002
0.65225	1.0781167E-002
0.65375	1.0423498E-002
0.65525	9.9502029E-003
0.65675	9.3925856E-003
0.65825	8.7881284E-003
0.65975	8.1780944E-003
0.66125	7.6048500E-003
0.66275	7.1090828E-003
0.66425	6.7270864E-003
0.66575	6.4882664E-003
0.66725	6.4130509E-003
0.66875	6.5113618E-003
0.67025	6.7817471E-003
0.67175	7.2112861E-003
0.67325	7.7762627E-003
0.67475	8.4436107E-003
0.67625	9.1730114E-003
0.67775	9.9195112E-003
0.67925	1.0636482E-002
0.68075	1.1278669E-002
0.68225	1.1805200E-002
0.68375	1.2182305E-002
0.68525	1.2385588E-002
0.68675	1.2401769E-002
0.68825	1.2229720E-002
0.68975	1.1880783E-002
0.69125	1.1378278E-002
0.69275	1.0756242E-002
0.69425	1.0057458E-002
0.69575	9.3308557E-003
0.69725	8.6284578E-003
0.69875	8.0020819E-003
0.70025	7.4999444E-003
0.70175	7.1634762E-003
0.70325	7.0244698E-003
0.70475	7.1028010E-003
0.70625	7.4048610E-003
0.70775	7.9228003E-003
0.70925	8.6346921E-003
0.71075	9.5055951E-003
0.71225	1.0489502E-002
0.71375	1.1532043E-002
0.71525	1.2573835E-002
0.71675	1.3554202E-002
0.71825	1.4415110E-002
0.71975	1.5104971E-002
0.72125	1.5582151E-002
0.72275	1.5817909E-002
0.72425	1.5798608E-002
0.72575	1.5527044E-002
0.72725	1.5022785E-002
0.72875	1.4321501E-002
0.73025	1.3473251E-002
0.73175	1.2539817E-002
0.73325	1.1591220E-002
0.73475	1.0701563E-002
0.73625	9.9444594E-003
0.73775	9.3882410E-003
0.73925	9.0913828E-003
0.74075	9.0982784E-003
0.74225	9.4357952E-003
0.74375	1.0110844E-002
0.74525	1.1109158E-002
0.74675	1.2395405E-002
0.74825	1.3914695E-002
0.74975	1.5595397E-002
0.75125	1.7353123E-002
0.75275	1.9095672E-002
0.75425	2.0728638E-002
0.75575	2.2161312E-002
0.75725	2.3312643E-002
0.75875	2.4116779E-002
0.76025	2.4528019E-002
0.76175	2.4524778E-002
0.76325	2.4112446E-002
0.76475	2.3324793E-002
0.76625	2.2223851E-002
0.76775	2.0898025E-002
0.76925	1.9458391E-002
0.77075	1.8033203E-002
0.77225	1.6760787E-002
0.77375	1.5781036E-002
0.77525	1.5226264E-002
0.77675	1.5211666E-002
0.77825	1.5826417E-002
0.77975	1.7125901E-002
0.78125	1.9125760E-002
0.78275	2.1798348E-002
0.78425	2.5071893E-002
0.78575	2.8832516E-002
0.78725	3.2929152E-002
0.78875	3.7181064E-002
0.79025	4.1387640E-002
0.79175	4.5340143E-002
0.79325	4.8834644E-002
0.79475	5.1686123E-002
0.79625	5.3742811E-002
0.79775	5.4900561E-002
0.79925	5.5116616E-002
0.80075	5.4422095E-002
0.80225	5.2932322E-002
0.80375	5.0853938E-002
0.80525	4.8487570E-002
0.80675	4.6224605E-002
0.80825	4.4536401E-002
0.80975	4.3955188E-002
0.81125	4.5046002E-002
0.81275	4.8370581E-002
0.81425	5.4445427E-002
0.81575	6.3697785E-002
0.81725	7.6424189E-002
0.81875	9.2756867E-002
0.82025	1.1264232E-001
0.82175	1.3583551E-001
0.82325	1.6191101E-001
0.82475	1.9028972E-001
0.82625	2.2027878E-001
0.82775	2.5111988E-001
0.82925	2.8204057E-001
0.83075	3.1230295E-001
0.83225	3.4124526E-001
0.83375	3.6831215E-001
0.83525	3.9307231E-001
0.83675	4.1522309E-001
0.83825	4.3458453E-001
0.83975	4.5108438E-001
0.84125	4.6473902E-001
0.84275	4.7563168E-001
0.84425	4.8389149E-001
0.84575	4.8967525E-001
0.84725	4.9315220E-001
0.84875	4.9449208E-001
0.85025	4.9385732E-001
0.85175	4.9139816E-001
0.85325	4.8724899E-001
0.85475	4.8152807E-001
0.85625	4.7433761E-001
0.85775	4.6576402E-001
0.85925	4.5588037E-001
0.86075	4.4474795E-001
0.86225	4.3241882E-001
0.86375	4.1893888E-001
0.86525	4.0435082E-001
0.86675	3.8869816E-001
0.86825	3.7202832E-001
0.86975	3.5439694E-001
0.87125	3.3587161E-001
0.87275	3.1653580E-001
0.87425	2.9649326E-001
0.87575	2.7587098E-001
0.87725	2.5482240E-001
0.87875	2.3352903E-001
0.88025	2.1220015E-001
0.88175	1.9106983E-001
0.88325	1.7039208E-001
0.88475	1.5043226E-001
0.88625	1.3145657E-001
0.88775	1.1371975E-001
0.88925	9.7451441E-002
0.89075	8.2842886E-002
0.89225	7.0035286E-002
0.89375	5.9110537E-002
0.89525	5.0085872E-002
0.89675	4.2912457E-002
0.89825	3.7478540E-002
0.89975	3.3616759E-002
0.90125	3.1114917E-002
0.90275	2.9729486E-002
0.90425	2.9200463E-002
0.90575	2.9266352E-002
0.90725	2.9678248E-002
0.90875	3.0211698E-002
0.91025	3.0675944E-002
0.91175	3.0920118E-002
0.91325	3.0836152E-002
0.91475	3.0359047E-002
0.91625	2.9464478E-002
0.91775	2.8164603E-002
0.91925	2.6502337E-002
0.92075	2.4544815E-002
0.92225	2.2376237E-002
0.92375	2.0090736E-002
0.92525	1.7785324E-002
0.92675	1.5553431E-002
0.92825	1.3479238E-002
0.92975	1.1633149E-002
0.93125	1.0068452E-002
0.93275	8.8194339E-003
0.93425	7.9008183E-003
0.93575	7.3084407E-003
0.93725	7.0209745E-003
0.93875	7.0025083E-003
0.94025	7.2057005E-003
0.94175	7.5753285E-003
0.94325	8.0519933E-003
0.94475	8.5757896E-003
0.94625	9.0897288E-003
0.94775	9.5427772E-003
0.94925	9.8922923E-003
0.95075	1.0105851E-002
0.95225	1.0162306E-002
0.95375	1.0052145E-002
0.95525	9.7771473E-003
0.95675	9.3494374E-003
0.95825	8.7900069E-003
0.95975	8.1268875E-003
0.96125	7.3930309E-003
0.96275	6.6240756E-003
0.96425	5.8561149E-003
0.96575	5.1235538E-003
0.96725	4.4571883E-003
0.96875	3.8825986E-003
0.97025	3.4189257E-003
0.97175	3.0780889E-003
0.97325	2.8644761E-003
0.97475	2.7750970E-003
0.97625	2.8001701E-003
0.97775	2.9240653E-003
0.97925	3.1265379E-003
0.98075	3.3841485E-003
0.98225	3.6717877E-003
0.98375	3.9642029E-003
0.98525	4.2374465E-003
0.98675	4.4701854E-003
0.98825	4.6447855E-003
0.98975	4.7481270E-003
0.99125	4.7721351E-003
0.99275	4.7139870E-003
0.99425	4.5759981E-003
0.99575	4.3652235E-003
0.99725	4.0928046E-003
0.99875	3.7731000E-003
1.00025	3.4226978E-003
1.00175	3.0593292E-003
1.00325	2.7007887E-003
1.00475	2.3638946E-003
1.00625	2.0635666E-003
1.00775	1.8120507E-003
1.00925	1.6183316E-003
1.01075	1.4877609E-003
1.01225	1.4219024E-003
1.01375	1.4186060E-003
1.01525	1.4722840E-003
1.01675	1.5743731E-003
1.01825	1.7139460E-003
1.01975	1.8784335E-003
1.02125	2.0544140E-003
1.02275	2.2284163E-003
1.02425	2.3877064E-003
1.02575	2.5209906E-003
1.02725	2.6190148E-003
1.02875	2.6750173E-003
1.03025	2.6850188E-003
1.03175	2.6479398E-003
1.03325	2.5655471E-003
1.03475	2.4422314E-003
1.03625	2.2846579E-003
1.03775	2.1012831E-003
1.03925	1.9018020E-003
1.04075	1.6965317E-003
1.04225	1.4957879E-003
1.04375	1.3092874E-003
1.04525	1.1456055E-003
1.04675	1.0117235E-003
1.04825	9.1268902E-004
1.04975	8.5139979E-004
1.05125	8.2851812E-004
1.05275	8.4251637E-004
1.05425	8.8984158E-004
1.05575	9.6518616E-004
1.05725	1.0618493E-003
1.05875	1.1721608E-003
1.06025	1.2879542E-003
1.06175	1.4010476E-003
1.06325	1.5037173E-003
1.06475	1.5891258E-003
1.06625	1.6516871E-003
1.06775	1.6873411E-003
1.06925	1.6937376E-003
1.07075	1.6703069E-003
1.07225	1.6182342E-003
1.07375	1.5403336E-003
1.07525	1.4408382E-003
1.07675	1.3251125E-003
1.07825	1.1993147E-003
1.07975	1.0700204E-003
1.08125	9.4383449E-004
1.08275	8.2701101E-004
1.08425	7.2510366E-004
1.08575	6.4266805E-004
1.08725	5.8302621E-004
1.08875	5.4811005E-004
1.09025	5.3838891E-004
1.09175	5.5288302E-004
1.09325	5.8925914E-004
1.09475	6.4400485E-004
1.09625	7.1266247E-004
1.09775	7.9011498E-004
1.09925	8.7089831E-004
1.10075	9.4952469E-004
1.10225	1.0207990E-003
1.10375	1.0801054E-003
1.10525	1.1236550E-003
1.10675	1.1486767E-003
1.10825	1.1535512E-003
1.10975	1.1378718E-003
1.11125	1.1024402E-003
1.11275	1.0491909E-003
1.11425	9.8105147E-004
1.11575	9.0175279E-004
1.11725	8.1558753E-004
1.11875	7.2714966E-004
1.12025	6.4105832E-004
1.12175	5.6168856E-004
1.12325	4.9292564E-004
1.12475	4.3795555E-004
1.12625	3.9909885E-004
1.12775	3.7770116E-004
1.12925	3.7408056E-004
1.13075	3.8753339E-004
1.13225	4.1639945E-004
1.13375	4.5817858E-004
1.13525	5.0969323E-004
1.13675	5.6728738E-004
1.13825	6.2704831E-004
1.13975	6.8503787E-004
1.14125	7.3752092E-004
1.14275	7.8117615E-004
1.14425	8.1327575E-004
1.14575	8.3182869E-004
1.14725	8.3567435E-004
1.14875	8.2452915E-004
1.15025	7.9897960E-004
1.15175	7.6043099E-004
1.15325	7.1100716E-004
1.15475	6.5341656E-004
1.15625	5.9078657E-004
1.15775	5.2647723E-004
1.15925	4.6388290E-004
1.16075	4.0623656E-004
1.16225	3.5642451E-004
1.16375	3.1682575E-004
1.16525	2.8918477E-004
1.16675	2.7452537E-004
1.16825	2.7310793E-004
1.16975	2.8443354E-004
1.17125	3.0728965E-004
1.17275	3.3983515E-004
1.17425	3.7971814E-004
1.17575	4.2421889E-004
1.17725	4.7041127E-004
1.17875	5.1533239E-004
1.18025	5.5615214E-004
1.18175	5.9033249E-004
1.18325	6.1576837E-004
1.18475	6.3090073E-004
1.18625	6.3479686E-004
1.18775	6.2719185E-004
1.18925	6.0849159E-004
1.19075	5.7973654E-004
1.19225	5.4253044E-004
1.19375	4.9893715E-004
1.19525	4.5135559E-004
1.19675	4.0237358E-004
1.19825	3.5461763E-004
1.19975	3.1059940E-004
1.20125	2.7257419E-004
1.20275	2.4241459E-004
1.20425	2.2151091E-004
1.20575	2.1070003E-004
1.20725	2.1022682E-004
1.20875	2.1974114E-004
1.21025	2.3832740E-004
1.21175	2.6456729E-004
1.21325	2.9662927E-004
1.21475	3.3238105E-004
1.21625	3.6951734E-004
1.21775	4.0569511E-004
1.21925	4.3866874E-004
1.22075	4.6641642E-004
1.22225	4.8725161E-004
1.22375	4.9991376E-004
1.22525	5.0363247E-004
1.22675	4.9816445E-004
1.22825	4.8379888E-004
1.22975	4.6133323E-004
1.23125	4.3202005E-004
1.23275	3.9748859E-004
1.23425	3.5964543E-004
1.23575	3.2056018E-004
1.23725	2.8234403E-004
1.23875	2.4702755E-004
1.24025	2.1644545E-004
1.24175	1.9213500E-004
1.24325	1.7525305E-004
1.24475	1.6651639E-004
1.24625	1.6616797E-004
1.24775	1.7397029E-004
1.24925	1.8922635E-004
1.25075	2.1082582E-004
1.25225	2.3731470E-004
1.25375	2.6698256E-004
1.25525	2.9796408E-004
1.25675	3.2834726E-004
1.25825	3.5628254E-004
1.25975	3.8008683E-004
1.26125	3.9833583E-004
1.26275	4.0994200E-004
1.26425	4.1421119E-004
1.26575	4.1087720E-004
1.26725	4.0011242E-004
1.26875	3.8251281E-004
1.27025	3.5905882E-004
1.27175	3.3105578E-004
1.27325	3.0005517E-004
1.27475	2.6776304E-004
1.27625	2.3594036E-004
1.27775	2.0630074E-004
1.27925	1.8041293E-004
1.28075	1.5961225E-004
1.28225	1.4492785E-004
1.28375	1.3702818E-004
1.28525	1.3618861E-004
1.28675	1.4228142E-004
1.28825	1.5478882E-004
1.28975	1.7283649E-004
1.29125	1.9524642E-004
1.29275	2.2060618E-004
1.29425	2.4735014E-004
1.29575	2.7384973E-004
1.29725	2.9850708E-004
1.29875	3.1984659E-004
1.30025	3.3659869E-004
1.30175	3.4777174E-004
1.30325	3.5270595E-004
1.30475	3.5110753E-004
1.30625	3.4306064E-004
1.30775	3.2901744E-004
1.30925	3.0976802E-004
1.31075	2.8639025E-004
1.31225	2.6018574E-004
1.31375	2.3260398E-004
1.31525	2.0515936E-004
1.31675	1.7934559E-004
1.31825	1.5655220E-004
1.31975	1.3798704E-004
1.32125	1.2460930E-004
1.32275	1.1707610E-004
1.32425	1.1570716E-004
1.32575	1.2046812E-004
1.32725	1.3097494E-004
1.32875	1.4651883E-004
1.33025	1.6610981E-004
1.33175	1.8853632E-004
1.33325	2.1243692E-004
1.33475	2.3637908E-004
1.33625	2.5894152E-004
1.33775	2.7879415E-004
1.33925	2.9477195E-004
1.34075	3.0594002E-004
1.34225	3.1164364E-004
1.34375	3.1154437E-004
1.34525	3.0563652E-004
1.34675	2.9424604E-004
1.34825	2.7800977E-004
1.34975	2.5783805E-004
1.35125	2.3486075E-004
1.35275	2.1036259E-004
1.35425	1.8570804E-004
1.35575	1.6226330E-004
1.35725	1.4131787E-004
1.35875	1.2401183E-004
1.36025	1.1127089E-004
1.36175	1.0375564E-004
1.36325	1.0182550E-004
1.36475	1.0552027E-004
1.36625	1.1456000E-004
1.36775	1.2836291E-004
1.36925	1.4608057E-004
1.37075	1.6664762E-004
1.37225	1.8884389E-004
1.37375	2.1136434E-004
1.37525	2.3289355E-004
1.37675	2.5218006E-004
1.37825	2.6810644E-004
1.37975	2.7975152E-004
1.38125	2.8644133E-004
1.38275	2.8778607E-004
1.38425	2.8370041E-004
1.38575	2.7440779E-004
1.38725	2.6042672E-004
1.38875	2.4254045E-004
1.39025	2.2175192E-004
1.39175	1.9922646E-004
1.39325	1.7622481E-004
1.39475	1.5403180E-004
1.39625	1.3388346E-004
1.39775	1.1689759E-004
1.39925	1.0401138E-004
1.40075	9.5929063E-005
1.40225	9.3083603E-005
1.40375	9.5612624E-005
1.40525	1.0335132E-004
1.40675	1.1584176E-004
1.40825	1.3235853E-004
1.40975	1.5194909E-004
1.41125	1.7348735E-004
1.41275	1.9573723E-004
1.41425	2.1742283E-004
1.41575	2.3730111E-004
1.41725	2.5423235E-004
1.41875	2.6724575E-004
1.42025	2.7559322E-004
1.42175	2.7879293E-004
1.42325	2.7665574E-004
1.42475	2.6929670E-004
1.42625	2.5712859E-004
1.42775	2.4083910E-004
1.42925	2.2135250E-004
1.43075	1.9977642E-004
1.43225	1.7733974E-004
1.43375	1.5532214E-004
1.43525	1.3498148E-004
1.43675	1.1748253E-004
1.43825	1.0383133E-004
1.43975	9.4818752E-005
1.44125	9.0976537E-005
1.44275	9.2547780E-005
1.44425	9.9473276E-005
1.44575	1.1139440E-004
1.44725	1.2767216E-004
1.44875	1.4742129E-004
1.45025	1.6955778E-004
1.45175	1.9285802E-004
1.45325	2.1602612E-004
1.45475	2.3776651E-004
1.45625	2.5685757E-004
1.45775	2.7222137E-004
1.45925	2.8298685E-004
1.46075	2.8854064E-004
1.46225	2.8856276E-004
1.46375	2.8304715E-004
1.46525	2.7230289E-004
1.46675	2.5693822E-004
1.46825	2.3782854E-004
1.46975	2.1606813E-004
1.47125	1.9291117E-004
1.47275	1.6970259E-004
1.47425	1.4780328E-004
1.47575	1.2851460E-004
1.47725	1.1300499E-004
1.47875	1.0224278E-004
1.48025	9.6940035E-005
1.48175	9.7509641E-005
1.48325	1.0403882E-004
1.48475	1.1628072E-004
1.48625	1.3366468E-004
1.48775	1.5532505E-004
1.48925	1.8014645E-004
1.49075	2.0682372E-004
1.49225	2.3393265E-004
1.49375	2.6000821E-004
1.49525	2.8362661E-004
1.49675	3.0348499E-004
1.49825	3.1847740E-004
1.49975	3.2775928E-004
1.50125	3.3079940E-004
1.50275	3.2741533E-004
1.50425	3.1778857E-004
1.50575	3.0246197E-004
1.50725	2.8231437E-004
1.50875	2.5851777E-004
1.51025	2.3247724E-004
1.51175	2.0575541E-004
1.51325	1.7998808E-004
1.51475	1.5679354E-004
1.51625	1.3768185E-004
1.51775	1.2396839E-004
1.51925	1.1669667E-004
1.52075	1.1657502E-004
1.52225	1.2393021E-004
1.52375	1.3868125E-004
1.52525	1.6033468E-004
1.52675	1.8800197E-004
1.52825	2.2044001E-004
1.52975	2.5611062E-004
1.53125	2.9325901E-004
1.53275	3.3000577E-004
1.53425	3.6444771E-004
1.53575	3.9476436E-004
1.53725	4.1932164E-004
1.53875	4.3676904E-004
1.54025	4.4612450E-004
1.54175	4.4684278E-004
1.54325	4.3886123E-004
1.54475	4.2262222E-004
1.54625	3.9906721E-004
1.54775	3.6960328E-004
1.54925	3.3604252E-004
1.55075	3.0051576E-004
1.55225	2.6536683E-004
1.55375	2.3303161E-004
1.55525	2.0590919E-004
1.55675	1.8623042E-004
1.55825	1.7593217E-004
1.55975	1.7654084E-004
1.56125	1.8907335E-004
1.56275	2.1395917E-004
1.56425	2.5098908E-004
1.56575	2.9929515E-004
1.56725	3.5736369E-004
1.56875	4.2308337E-004
1.57025	4.9382716E-004
1.57175	5.6656630E-004
1.57325	6.3801243E-004
1.57475	7.0478319E-004
1.57625	7.6358288E-004
1.57775	8.1139436E-004
1.57925	8.4567023E-004
1.58075	8.6451118E-004
1.58225	8.6683064E-004
1.58375	8.5248618E-004
1.58525	8.2237838E-004
1.58675	7.7850447E-004
1.58825	7.2397012E-004
1.58975	6.6295214E-004
1.59125	6.0061482E-004
1.59275	5.4298388E-004
1.59425	4.9677625E-004
1.59575	4.6919586E-004
1.59725	4.6769410E-004
1.59875	4.9970922E-004
1.60025	5.7238486E-004
1.60175	6.9228449E-004
1.60325	8.6510996E-004
1.60475	1.0954362E-003
1.60625	1.3864752E-003
1.60775	1.7398774E-003
1.60925	2.1555796E-003
1.61075	2.6317064E-003
1.61225	3.1645221E-003
1.61375	3.7484539E-003
1.61525	4.3761707E-003
1.61675	5.0387317E-003
1.61825	5.7257991E-003
1.61975	6.4259036E-003
1.62125	7.1267723E-003
1.62275	7.8156656E-003
1.62425	8.4797246E-003
1.62575	9.1063520E-003
1.62725	9.6835094E-003
1.62875	1.0200036E-002
1.63025	1.0645938E-002
1.63175	1.1012612E-002
1.63325	1.1293096E-002
1.63475	1.1482190E-002
1.63625	1.1576629E-002
1.63775	1.1575129E-002
1.63925	1.1478407E-002
1.64075	1.1289131E-002
1.64225	1.1011821E-002
1.64375	1.0652709E-002
1.64525	1.0219528E-002
1.64675	9.7213071E-003
1.64825	9.1680847E-003
1.64975	8.5706478E-003
1.65125	7.9402393E-003
1.65275	7.2882329E-003
1.65425	6.6258777E-003
1.65575	5.9640058E-003
1.65725	5.3127911E-003
1.65875	4.6815332E-003
1.66025	4.0784795E-003
1.66175	3.5106807E-003
1.66325	2.9838867E-003
1.66475	2.5024745E-003
1.66625	2.0694393E-003
1.66775	1.6864045E-003
1.66925	1.3536910E-003
1.67075	1.0704147E-003
1.67225	8.3461893E-004
1.67375	6.4342964E-004
1.67525	4.9322477E-004
1.67675	3.7981360E-004
1.67825	2.9861584E-004
1.67975	2.4483644E-004
1.68125	2.1363153E-004
1.68275	2.0026026E-004
1.68425	2.0021922E-004
1.68575	2.0935733E-004
1.68725	2.2396677E-004
1.68875	2.4085019E-004
1.69025	2.5736279E-004
1.69175	2.7142963E-004
1.69325	2.8153998E-004
1.69475	2.8672098E-004
1.69625	2.8649313E-004
1.69775	2.8081189E-004
1.69925	2.6999935E-004
1.70075	2.5466902E-004
1.70225	2.3564890E-004
1.70375	2.1390550E-004
1.70525	1.9047245E-004
1.70675	1.6638565E-004
1.70825	1.4262729E-004
1.70975	1.2007898E-004
1.71125	9.9486395E-005
1.71275	8.1433573E-005
1.71425	6.6328474E-005
1.71575	5.4398693E-005
1.71725	4.5696681E-005
1.71875	4.0113599E-005
1.72025	3.7400350E-005
1.72175	3.7193968E-005
1.72325	3.9047358E-005
1.72475	4.2460535E-005
1.72625	4.6911362E-005
1.72775	5.1884326E-005
1.72925	5.6896031E-005
1.73075	6.1516475E-005
1.73225	6.5385662E-005
1.73375	6.8225083E-005
1.73525	6.9843903E-005
1.73675	7.0140668E-005
1.73825	6.9099842E-005
1.73975	6.6784822E-005
1.74125	6.3327396E-005
1.74275	5.8914688E-005
1.74425	5.3774631E-005
1.74575	4.8160196E-005
1.74725	4.2334035E-005
1.74875	3.6553523E-005
1.75025	3.1057472E-005
1.75175	2.6054702E-005
1.75325	2.1714930E-005
1.75475	1.8162627E-005
1.75625	1.5473468E-005
1.75775	1.3673807E-005
1.75925	1.2742777E-005
1.76075	1.2616778E-005
1.76225	1.3195924E-005
1.76375	1.4351934E-005
1.76525	1.5936914E-005
1.76675	1.7792523E-005
1.76825	1.9758960E-005
1.76975	2.1683389E-005
1.77125	2.3427356E-005
1.77275	2.4872979E-005
1.77425	2.5927644E-005
1.77575	2.6527068E-005
1.77725	2.6636742E-005
1.77875	2.6251788E-005
1.78025	2.5395226E-005
1.78175	2.4114937E-005
1.78325	2.2479557E-005
1.78475	2.0573525E-005
1.78625	1.8491577E-005
1.78775	1.6333121E-005
1.78925	1.4196696E-005
1.79075	1.2174833E-005
1.79225	1.0349542E-005
1.79375	8.7886156E-006
1.79525	7.5428579E-006
1.79675	6.6443522E-006
1.79825	6.1057704E-006
1.79975	5.9207214E-006
1.80125	6.0650714E-006
1.80275	6.4991268E-006
1.80425	7.1705181E-006
1.80575	8.0175705E-006
1.80725	8.9730001E-006
1.80875	9.9676690E-006
1.81025	1.0934254E-005
1.81175	1.1810615E-005
1.81325	1.2542753E-005
1.81475	1.3087176E-005
1.81625	1.3412613E-005
1.81775	1.3501070E-005
1.81925	1.3348089E-005
1.82075	1.2962341E-005
1.82225	1.2364615E-005
1.82375	1.1586201E-005
1.82525	1.0666887E-005
1.82675	9.6525764E-006
1.82825	8.5927095E-006
1.82975	7.5375774E-006
1.83125	6.5356007E-006
1.83275	5.6308681E-006
1.83425	4.8609195E-006
1.83575	4.2549918E-006
1.83725	3.8327930E-006
1.83875	3.6038548E-006
1.84025	3.5674527E-006
1.84175	3.7130567E-006
1.84325	4.0212494E-006
1.84475	4.4650369E-006
1.84625	5.0114591E-006
1.84775	5.6234499E-006
1.84925	6.2618328E-006
1.85075	6.8873755E-006
1.85225	7.4628019E-006
1.85375	7.9546508E-006
1.85525	8.3349196E-006
1.85675	8.5823522E-006
1.85825	8.6833716E-006
1.85975	8.6326036E-006
1.86125	8.4329558E-006
1.86275	8.0952723E-006
1.86425	7.6375973E-006
1.86575	7.0840506E-006
1.86725	6.4634137E-006
1.86875	5.8074324E-006
1.87025	5.1489974E-006
1.87175	4.5202796E-006
1.87325	3.9509614E-006
1.87475	3.4667253E-006
1.87625	3.0880694E-006
1.87775	2.8295160E-006
1.87925	2.6991997E-006
1.88075	2.6987682E-006
1.88225	2.8235156E-006
1.88375	3.0627161E-006
1.88525	3.4001253E-006
1.88675	3.8146966E-006
1.88825	4.2815450E-006
1.88975	4.7731787E-006
1.89125	5.2609344E-006
1.89275	5.7165698E-006
1.89425	6.1138403E-006
1.89575	6.4299884E-006
1.89725	6.6469979E-006
1.89875	6.7525516E-006
1.90025	6.7406795E-006
1.90175	6.6120260E-006
1.90325	6.3737766E-006
1.90475	6.0392163E-006
1.90625	5.6269123E-006
1.90775	5.1595875E-006
1.90925	4.6626828E-006
1.91075	4.1627359E-006
1.91225	3.6857116E-006
1.91375	3.2554547E-006
1.91525	2.8924212E-006
1.91675	2.6128084E-006
1.91825	2.4280957E-006
1.91975	2.3449206E-006
1.92125	2.3651521E-006
1.92275	2.4860185E-006
1.92425	2.7002177E-006
1.92575	2.9960415E-006
1.92725	3.3575957E-006
1.92875	3.7652710E-006
1.93025	4.1965463E-006
1.93175	4.6271348E-006
1.93325	5.0324002E-006
1.93475	5.3888907E-006
1.93625	5.6758313E-006
1.93775	5.8764313E-006
1.93925	5.9789272E-006
1.94075	5.9772606E-006
1.94225	5.8714500E-006
1.94375	5.6675681E-006
1.94525	5.3773879E-006
1.94675	5.0176545E-006
1.94825	4.6090136E-006
1.94975	4.1746493E-006
1.95125	3.7387235E-006
1.95275	3.3247627E-006
1.95425	2.9542089E-006
1.95575	2.6452781E-006
1.95725	2.4122603E-006
1.95875	2.2652353E-006
1.96025	2.2100869E-006
1.96175	2.2486417E-006
1.96325	2.3787566E-006
1.96475	2.5942884E-006
1.96625	2.8849972E-006
1.96775	3.2365460E-006
1.96925	3.6307729E-006
1.97075	4.0463751E-006
1.97225	4.4600292E-006
1.97375	4.8478369E-006
1.97525	5.1869465E-006
1.97675	5.4571301E-006
1.97825	5.6421654E-006
1.97975	5.7309039E-006
1.98125	5.7179927E-006
1.98275	5.6041990E-006
1.98425	5.3963645E-006
1.98575	5.1069742E-006
1.98725	4.7533467E-006
1.98875	4.3564655E-006
1.99025	3.9395200E-006
1.99175	3.5262867E-006
1.99325	3.1395321E-006
1.99475	2.7996291E-006
1.99625	2.5235609E-006
1.99775	2.3243779E-006
1.99925	2.2110507E-006
2.00075	2.1885644E-006
2.00225	2.2580530E-006
2.00375	2.4168105E-006
2.00525	2.6581777E-006
2.00675	2.9713622E-006
2.00825	3.3414192E-006
2.00975	3.7495624E-006
2.01125	4.1739281E-006
2.01275	4.5907850E-006
2.01425	4.9760683E-006
2.01575	5.3070389E-006
2.01725	5.5638857E-006
2.01875	5.7310945E-006
2.02025	5.7984935E-006
2.02175	5.7619259E-006
2.02325	5.6235303E-006
2.02475	5.3916210E-006
2.02625	5.0801764E-006
2.02775	4.7079316E-006
2.02925	4.2971055E-006
2.03075	3.8718608E-006
2.03225	3.4566306E-006
2.03375	3.0745055E-006
2.03525	2.7458943E-006
2.03675	2.4875887E-006
2.03825	2.3122834E-006
2.03975	2.2284637E-006
2.04125	2.2404806E-006
2.04275	2.3486100E-006
2.04425	2.5489903E-006
2.04575	2.8334375E-006
2.04725	3.1892848E-006
2.04875	3.5994540E-006
2.05025	4.0429359E-006
2.05175	4.4957633E-006
2.05325	4.9324299E-006
2.05475	5.3275885E-006
2.05625	5.6578283E-006
2.05775	5.9033337E-006
2.05925	6.0492489E-006
2.06075	6.0867001E-006
2.06225	6.0133807E-006
2.06375	5.8337291E-006
2.06525	5.5586615E-006
2.06675	5.2048849E-006
2.06825	4.7938047E-006
2.06975	4.3500868E-006
2.07125	3.8999819E-006
2.07275	3.4695777E-006
2.07425	3.0831679E-006
2.07575	2.7619376E-006
2.07725	2.5230579E-006
2.07875	2.3791983E-006
2.08025	2.3383527E-006
2.08175	2.4037963E-006
2.08325	2.5740392E-006
2.08475	2.8426991E-006
2.08625	3.1983755E-006
2.08775	3.6246856E-006
2.08925	4.1006329E-006
2.09075	4.6014534E-006
2.09225	5.0999288E-006
2.09375	5.5680644E-006
2.09525	5.9789490E-006
2.09675	6.3085786E-006
2.09825	6.5374852E-006
2.09975	6.6520306E-006
2.10125	6.6453149E-006
2.10275	6.5176487E-006
2.10425	6.2765857E-006
2.10575	5.9365098E-006
2.10725	5.5177584E-006
2.10875	5.0453500E-006
2.11025	4.5473739E-006
2.11175	4.0531613E-006
2.11325	3.5914504E-006
2.11475	3.1887203E-006
2.11625	2.8678314E-006
2.11775	2.6470818E-006
2.11925	2.5396125E-006
2.12075	2.5530728E-006
2.12225	2.6894011E-006
2.12375	2.9446342E-006
2.12525	3.3087604E-006
2.12675	3.7657392E-006
2.12825	4.2938341E-006
2.12975	4.8664183E-006
2.13125	5.4532711E-006
2.13275	6.0223269E-006
2.13425	6.5416957E-006
2.13575	6.9817456E-006
2.13725	7.3170486E-006
2.13875	7.5280564E-006
2.14025	7.6023430E-006
2.14175	7.5354469E-006
2.14325	7.3311862E-006
2.14475	7.0015244E-006
2.14625	6.5659165E-006
2.14775	6.0502075E-006
2.14925	5.4850830E-006
2.15075	4.9042069E-006
2.15225	4.3421587E-006
2.15375	3.8324001E-006
2.15525	3.4053835E-006
2.15675	3.0870149E-006
2.15825	2.8974760E-006
2.15975	2.8504051E-006
2.16125	2.9523433E-006
2.16275	3.2023720E-006
2.16425	3.5919243E-006
2.16575	4.1048247E-006
2.16725	4.7176713E-006
2.16875	5.4006973E-006
2.17025	6.1191377E-006
2.17175	6.8350996E-006
2.17325	7.5097842E-006
2.17475	8.1058834E-006
2.17625	8.5899219E-006
2.17775	8.9343885E-006
2.17925	9.1194643E-006
2.18075	9.1343400E-006
2.18225	8.9779323E-006
2.18375	8.6591153E-006
2.18525	8.1963381E-006
2.18675	7.6167134E-006
2.18825	6.9545576E-006
2.18975	6.2494946E-006
2.19125	5.5441969E-006
2.19275	4.8819311E-006
2.19425	4.3040700E-006
2.19575	3.8477701E-006
2.19725	3.5439298E-006
2.19875	3.4155346E-006
2.20025	3.4764303E-006
2.20175	3.7305051E-006
2.20325	4.1713042E-006
2.20475	4.7820768E-006
2.20625	5.5363162E-006
2.20775	6.3988455E-006
2.20925	7.3274432E-006
2.21075	8.2750030E-006
2.21225	9.1921002E-006
2.21375	1.0029806E-005
2.21525	1.0742585E-005
2.21675	1.1291020E-005
2.21825	1.1644267E-005
2.21975	1.1782035E-005
2.22125	1.1695985E-005
2.22275	1.1390495E-005
2.22425	1.0882727E-005
2.22575	1.0201949E-005
2.22725	9.3881727E-006
2.22875	8.4901103E-006
2.23025	7.5625912E-006
2.23175	6.6635316E-006
2.23325	5.8507085E-006
2.23475	5.1784650E-006
2.23625	4.6945866E-006
2.23775	4.4375083E-006
2.23925	4.4339836E-006
2.24075	4.6973419E-006
2.24225	5.2264095E-006
2.24375	6.0051680E-006
2.24525	7.0032006E-006
2.24675	8.1769358E-006
2.24825	9.4716979E-006
2.24975	1.0824448E-005
2.25125	1.2167134E-005
2.25275	1.3430404E-005
2.25425	1.4547561E-005
2.25575	1.5458427E-005
2.25725	1.6112985E-005
2.25875	1.6474518E-005
2.26025	1.6522119E-005
2.26175	1.6252352E-005
2.26325	1.5679980E-005
2.26475	1.4837763E-005
2.26625	1.3775091E-005
2.26775	1.2555768E-005
2.26925	1.1254850E-005
2.27075	9.9547497E-006
2.27225	8.7408707E-006
2.27375	7.6968627E-006
2.27525	6.8999066E-006
2.27675	6.4161750E-006
2.27825	6.2967692E-006
2.27975	6.5743429E-006
2.28125	7.2606331E-006
2.28275	8.3450450E-006
2.28425	9.7944157E-006
2.28575	1.1554003E-005
2.28725	1.3549723E-005
2.28875	1.5691561E-005
2.29025	1.7878016E-005
2.29175	2.0001422E-005
2.29325	2.1953821E-005
2.29475	2.3633122E-005
2.29625	2.4949213E-005
2.29775	2.5829555E-005
2.29925	2.6224145E-005
2.30075	2.6109245E-005
2.30225	2.5489901E-005
2.30375	2.4400895E-005
2.30525	2.2906102E-005
2.30675	2.1096201E-005
2.30825	1.9084748E-005
2.30975	1.7002911E-005
2.31125	1.4992883E-005
2.31275	1.3200434E-005
2.31425	1.1766889E-005
2.31575	1.0820977E-005
2.31725	1.0470974E-005
2.31875	1.0797603E-005
2.32025	1.1848120E-005
2.32175	1.3631991E-005
2.32325	1.6118456E-005
2.32475	1.9236262E-005
2.32625	2.2875734E-005
2.32775	2.6893002E-005
2.32925	3.1116426E-005
2.33075	3.5354824E-005
2.33225	3.9407172E-005
2.33375	4.3073280E-005
2.33525	4.6164972E-005
2.33675	4.8517431E-005
2.33825	4.9999904E-005
2.33975	5.0525356E-005
2.34125	5.0058406E-005
2.34275	4.8620972E-005
2.34425	4.6295216E-005
2.34575	4.3223052E-005
2.34725	3.9602473E-005
2.34875	3.5680572E-005
2.35025	3.1743115E-005
2.35175	2.8101658E-005
2.35325	2.5078187E-005
2.35475	2.2988284E-005
2.35625	2.2123406E-005
2.35775	2.2733162E-005
2.35925	2.5008470E-005
2.36075	2.9066548E-005
2.36225	3.4938668E-005
2.36375	4.2561660E-005
2.36525	5.1773965E-005
2.36675	6.2316671E-005
2.36825	7.3840187E-005
2.36975	8.5916261E-005
2.37125	9.8055309E-005
2.37275	1.0972861E-004
2.37425	1.2039472E-004
2.37575	1.2952887E-004
2.37725	1.3665506E-004
2.37875	1.4137910E-004
2.38025	1.4342098E-004
2.38175	1.4264624E-004
2.38325	1.3909340E-004
2.38475	1.3299668E-004
2.38625	1.2480305E-004
2.38775	1.1518122E-004
2.38925	1.0502276E-004
2.39075	9.5433563E-005
2.39225	8.7715904E-005
2.39375	8.3340688E-005
2.39525	8.3910527E-005
2.39675	9.1114096E-005
2.39825	1.0667338E-004
2.39975	1.3228563E-004
2.40125	1.6956172E-004
2.40275	2.1996375E-004
2.40425	2.8474361E-004
2.40575	3.6488508E-004
2.40725	4.6104979E-004
2.40875	5.7353161E-004
2.41025	7.0221769E-004
2.41175	8.4655796E-004
2.41325	1.0055494E-003
2.41475	1.1777306E-003
2.41625	1.3611914E-003
2.41775	1.5536005E-003
2.41925	1.7522485E-003
2.42075	1.9541073E-003
2.42225	2.1559023E-003
2.42375	2.3541960E-003
2.42525	2.5454774E-003
2.42675	2.7262520E-003
2.42825	2.8931326E-003
2.42975	3.0429270E-003
2.43125	3.1727152E-003
2.43275	3.2799270E-003
2.43425	3.3624053E-003
2.43575	3.4184675E-003
2.43725	3.4469515E-003
2.43875	3.4472516E-003
2.44025	3.4193366E-003
2.44175	3.3637562E-003
2.44325	3.2816285E-003
2.44475	3.1746076E-003
2.44625	3.0448388E-003
2.44775	2.8949047E-003
2.44925	2.7277409E-003
2.45075	2.5465675E-003
2.45225	2.3547921E-003
2.45375	2.1559272E-003
2.45525	1.9534882E-003
2.45675	1.7509123E-003
2.45825	1.5514726E-003
2.45975	1.3582013E-003
2.46125	1.1738259E-003
2.46275	1.0007141E-003
2.46425	8.4082590E-004
2.46575	6.9568359E-004
2.46725	5.6634931E-004
2.46875	4.5342196E-004
2.47025	3.5704579E-004
2.47175	2.7693811E-004
2.47325	2.1242884E-004
2.47475	1.6251362E-004
2.47625	1.2591248E-004
2.47775	1.0113376E-004
2.47925	8.6537984E-005
2.48075	8.0400714E-005
2.48225	8.0972546E-005
2.48375	8.6535096E-005
2.48525	9.5452226E-005
2.48675	1.0621547E-004
2.48825	1.1748217E-004
2.48975	1.2810581E-004
2.49125	1.3715700E-004
2.49275	1.4393473E-004
2.49425	1.4796836E-004
2.49575	1.4901019E-004
2.49725	1.4701922E-004
2.49875	1.4213833E-004
2.50025	1.3466591E-004
2.50175	1.2502303E-004
2.50325	1.1371900E-004
2.50475	1.0131596E-004
2.50625	8.8394940E-005
2.50775	7.5523902E-005
2.50925	6.3229571E-005
2.51075	5.1973773E-005
2.51225	4.2135067E-005
2.51375	3.3995897E-005
2.51525	2.7735694E-005
2.51675	2.3429475E-005
2.51825	2.1051745E-005
2.51975	2.0484807E-005
2.52125	2.1531036E-005
2.52275	2.3927980E-005
2.52425	2.7365624E-005
2.52575	3.1504929E-005
2.52725	3.5996662E-005
2.52875	4.0499719E-005
2.53025	4.4697947E-005
2.53175	4.8314767E-005
2.53325	5.1124898E-005
2.53475	5.2962758E-005
2.53625	5.3727206E-005
2.53775	5.3382904E-005
2.53925	5.1958134E-005
2.54075	4.9539565E-005
2.54225	4.6264358E-005
2.54375	4.2310112E-005
2.54525	3.7883234E-005
2.54675	3.3206245E-005
2.54825	2.8504875E-005
2.54975	2.3995495E-005
2.55125	1.9873836E-005
2.55275	1.6305419E-005
2.55425	1.3418436E-005
2.55575	1.1299181E-005
2.55725	9.9901617E-006
2.55875	9.4905754E-006
2.56025	9.7587954E-006
2.56175	1.0716496E-005
2.56325	1.2254122E-005
2.56475	1.4237454E-005
2.56625	1.6515156E-005
2.56775	1.8927030E-005
2.56925	2.1312653E-005
2.57075	2.3519924E-005
2.57225	2.5413008E-005
2.57375	2.6879161E-005
2.57525	2.7834027E-005
2.57675	2.8225149E-005
2.57825	2.8033553E-005
2.57975	2.7273529E-005
2.58125	2.5990519E-005
2.58275	2.4257464E-005
2.58425	2.2169786E-005
2.58575	1.9839192E-005
2.58725	1.7386757E-005
2.58875	1.4935637E-005
2.59025	1.2603887E-005
2.59175	1.0497966E-005
2.59325	8.7073995E-006
2.59475	7.3008878E-006
2.59625	6.3240827E-006
2.59775	5.7988209E-006
2.59925	5.7235516E-006
2.60075	6.0746056E-006
2.60225	6.8080844E-006
2.60375	7.8622834E-006
2.60525	9.1607490E-006
2.60675	1.0616040E-005
2.60825	1.2134298E-005
2.60975	1.3620331E-005
2.61125	1.4982991E-005
2.61275	1.6140350E-005
2.61425	1.7024244E-005
2.61575	1.7583878E-005
2.61725	1.7788221E-005
2.61875	1.7627239E-005
2.62025	1.7111810E-005
2.62175	1.6272576E-005
2.62325	1.5157642E-005
2.62475	1.3829384E-005
2.62625	1.2360394E-005
2.62775	1.0828856E-005
2.62925	9.3135923E-006
2.63075	7.8892481E-006
2.63225	6.6220246E-006
2.63375	5.5664264E-006
2.63525	4.7631493E-006
2.63675	4.2381976E-006
2.63825	4.0029254E-006
2.63975	4.0546206E-006
2.64125	4.3773412E-006
2.64275	4.9427786E-006
2.64425	5.7112984E-006
2.64575	6.6333396E-006
2.64725	7.6514534E-006
2.64875	8.7031158E-006
2.65025	9.7241809E-006
2.65175	1.0652742E-005
2.65325	1.1432948E-005
2.65475	1.2018406E-005
2.65625	1.2374906E-005
2.65775	1.2482249E-005
2.65925	1.2335140E-005
2.66075	1.1943184E-005
2.66225	1.1330013E-005
2.66375	1.0531566E-005
2.66525	9.5936721E-006
2.66675	8.5689408E-006
2.66825	7.5132207E-006
2.66975	6.4818678E-006
2.67125	5.5262171E-006
2.67275	4.6906457E-006
2.67425	4.0105324E-006
2.67575	3.5112421E-006
2.67725	3.2080206E-006
2.67875	3.1064699E-006
2.68025	3.2032233E-006
2.68175	3.4864947E-006
2.68325	3.9364413E-006
2.68475	4.5254687E-006
2.68625	5.2188066E-006
2.68775	5.9756503E-006
2.68925	6.7510155E-006
2.69075	7.4982777E-006
2.69225	8.1721055E-006
2.69375	8.7314775E-006
2.69525	9.1423890E-006
2.69675	9.3800445E-006
2.69825	9.4303305E-006
2.69975	9.2905839E-006
2.70125	8.9696014E-006
2.70275	8.4869444E-006
2.70425	7.8715639E-006
2.70575	7.1597583E-006
2.70725	6.3925709E-006
2.70875	5.6128238E-006
2.71025	4.8620468E-006
2.71175	4.1776952E-006
2.71325	3.5910141E-006
2.71475	3.1258116E-006
2.71625	2.7981562E-006
2.71775	2.6168043E-006
2.71925	2.5839811E-006
2.72075	2.6960768E-006
2.72225	2.9440255E-006
2.72375	3.3132956E-006
2.72525	3.7837478E-006
2.72675	4.3296900E-006
2.72825	4.9204750E-006
2.72975	5.5218065E-006
2.73125	6.0977168E-006
2.73275	6.6129764E-006
2.73425	7.0356186E-006
2.73575	7.3392484E-006
2.73725	7.5049120E-006
2.73875	7.5223597E-006
2.74025	7.3906949E-006
2.74175	7.1183513E-006
2.74325	6.7224314E-006
2.74475	6.2274494E-006
2.74625	5.6634781E-006
2.74775	5.0638355E-006
2.74925	4.4625249E-006
2.75075	3.8916751E-006
2.75225	3.3793892E-006
2.75375	2.9482553E-006
2.75525	2.6147256E-006
2.75675	2.3892887E-006
2.75825	2.2771762E-006
2.75975	2.2791919E-006
2.76125	2.3923026E-006
2.76275	2.6097450E-006
2.76425	2.9207231E-006
2.76575	3.3099436E-006
2.76725	3.7573752E-006
2.76875	4.2385732E-006
2.77025	4.7257140E-006
2.77175	5.1893207E-006
2.77325	5.6003960E-006
2.77475	5.9326903E-006
2.77625	6.1647597E-006
2.77775	6.2816098E-006
2.77925	6.2757736E-006
2.78075	6.1478072E-006
2.78225	5.9061895E-006
2.78375	5.5666237E-006
2.78525	5.1508082E-006
2.78675	4.6846876E-006
2.78825	4.1963503E-006
2.78975	3.7137474E-006
2.79125	3.2625533E-006
2.79275	2.8644622E-006
2.79425	2.5361996E-006
2.79575	2.2893216E-006
2.79725	2.1306987E-006
2.79875	2.0633643E-006
2.80025	2.0873347E-006
2.80175	2.2000575E-006
2.80325	2.3963246E-006
2.80475	2.6677699E-006
2.80625	3.0022225E-006
2.80775	3.3833192E-006
2.80925	3.7906893E-006
2.81075	4.2008469E-006
2.81225	4.5887250E-006
2.81375	4.9296250E-006
2.81525	5.2012570E-006
2.81675	5.3855947E-006
2.81825	5.4703423E-006
2.81975	5.4498882E-006
2.82125	5.3257127E-006
2.82275	5.1062361E-006
2.82425	4.8061274E-006
2.82575	4.4450862E-006
2.82725	4.0461700E-006
2.82875	3.6338167E-006
2.83025	3.2317655E-006
2.83175	2.8612076E-006
2.83325	2.5394379E-006
2.83475	2.2792237E-006
2.83625	2.0889206E-006
2.83775	1.9731526E-006
2.83925	1.9337258E-006
2.84075	1.9703848E-006
2.84225	2.0811087E-006
2.84375	2.2618597E-006
2.84525	2.5059219E-006
2.84675	2.8031475E-006
2.84825	3.1394968E-006
2.84975	3.4971558E-006
2.85125	3.8553594E-006
2.85275	4.1918338E-006
2.85425	4.4846215E-006
2.85575	4.7140011E-006
2.85725	4.8642228E-006
2.85875	4.9248679E-006
2.86025	4.8917141E-006
2.86175	4.7670796E-006
2.86325	4.5596234E-006
2.86475	4.2835923E-006
2.86625	3.9575916E-006
2.86775	3.6029078E-006
2.86925	3.2415912E-006
2.87075	2.8945221E-006
2.87225	2.5797710E-006
2.87375	2.3115304E-006
2.87525	2.0997647E-006
2.87675	1.9505701E-006
2.87825	1.8670088E-006
2.87975	1.8500565E-006
2.88125	1.8992949E-006
2.88275	2.0130788E-006
2.88425	2.1881385E-006
2.88575	2.4187925E-006
2.88725	2.6961191E-006
2.88875	3.0074534E-006
2.89025	3.3364913E-006
2.89175	3.6640949E-006
2.89325	3.9697043E-006
2.89475	4.2331117E-006
2.89625	4.4363055E-006
2.89775	4.5651182E-006
2.89925	4.6105001E-006
2.90075	4.5692873E-006
2.90225	4.4444623E-006
2.90375	4.2448864E-006
2.90525	3.9845017E-006
2.90675	3.6810754E-006
2.90825	3.3545728E-006
2.90975	3.0253202E-006
2.91125	2.7122335E-006
2.91275	2.4313820E-006
2.91425	2.1951282E-006
2.91575	2.0119714E-006
2.91725	1.8870170E-006
2.91875	1.8228259E-006
2.92025	1.8202926E-006
2.92175	1.8791999E-006
2.92325	1.9982415E-006
2.92475	2.1745072E-006
2.92625	2.4026419E-006
2.92775	2.6740199E-006
2.92925	2.9762916E-006
2.93075	3.2935552E-006
2.93225	3.6072113E-006
2.93375	3.8973935E-006
2.93525	4.1447211E-006
2.93675	4.3321043E-006
2.93825	4.4463218E-006
2.93975	4.4792391E-006
2.94125	4.4285116E-006
2.94275	4.2978036E-006
2.94425	4.0964546E-006
2.94575	3.8386324E-006
2.94725	3.5420474E-006
2.94875	3.2262888E-006
2.95025	2.9110231E-006
2.95175	2.6142916E-006
2.95325	2.3511984E-006
2.95475	2.1331962E-006
2.95625	1.9680724E-006
2.95775	1.8604976E-006
2.95925	1.8128906E-006
2.96075	1.8262209E-006
2.96225	1.9004328E-006
2.96375	2.0343227E-006
2.96525	2.2249073E-006
2.96675	2.4665403E-006
2.96825	2.7501089E-006
2.96975	3.0626732E-006
2.97125	3.3877511E-006
2.97275	3.7062862E-006
2.97425	3.9981533E-006
2.97575	4.2439406E-006
2.97725	4.4267535E-006
2.97875	4.5337556E-006
2.98025	4.5573361E-006
2.98175	4.4957810E-006
2.98325	4.3534296E-006
2.98475	4.1403150E-006
2.98625	3.8712760E-006
2.98775	3.5646285E-006
2.98925	3.2404835E-006
2.99075	2.9189257E-006
2.99225	2.6183238E-006
2.99375	2.3540558E-006
2.99525	2.1378526E-006
2.99675	1.9778279E-006
2.99825	1.8790618E-006
2.99975	1.8444291E-006
3.00125	1.8753187E-006
3.00275	1.9719173E-006
3.00425	2.1329322E-006
3.00575	2.3548457E-006
3.00725	2.6309715E-006
3.00875	2.9507050E-006
3.01025	3.2992939E-006
3.01175	3.6583060E-006
3.01325	4.0068016E-006
3.01475	4.3230043E-006
3.01625	4.5862148E-006
3.01775	4.7786666E-006
3.01925	4.8871120E-006
3.02075	4.9039704E-006
3.02225	4.8279867E-006
3.02375	4.6643754E-006
3.02525	4.4244021E-006
3.02675	4.1244580E-006
3.02825	3.7846467E-006
3.02975	3.4270108E-006
3.03125	3.0736273E-006
3.03275	2.7448314E-006
3.03425	2.4578853E-006
3.03575	2.2262943E-006
3.03725	2.0598050E-006
3.03875	1.9649474E-006
3.04025	1.9457773E-006
3.04175	2.0044549E-006
3.04325	2.1413516E-006
3.04475	2.3545972E-006
3.04625	2.6392140E-006
3.04775	2.9861569E-006
3.04925	3.3816743E-006
3.05075	3.8073003E-006
3.05225	4.2406277E-006
3.05375	4.6567934E-006
3.05525	5.0304416E-006
3.05675	5.3378717E-006
3.05825	5.5590467E-006
3.05975	5.6792805E-006
3.06125	5.6904473E-006
3.06275	5.5916585E-006
3.06425	5.3893746E-006
3.06575	5.0969766E-006
3.06725	4.7337462E-006
3.06875	4.3233522E-006
3.07025	3.8919443E-006
3.07175	3.4660811E-006
3.07325	3.0707638E-006
3.07475	2.7279211E-006
3.07625	2.4555300E-006
3.07775	2.2674233E-006
3.07925	2.1736096E-006
3.08075	2.1807768E-006
3.08225	2.2925867E-006
3.08375	2.5095105E-006
3.08525	2.8281484E-006
3.08675	3.2402675E-006
3.08825	3.7319214E-006
3.08975	4.2830789E-006
3.09125	4.8680354E-006
3.09275	5.4566863E-006
3.09425	6.0165244E-006
3.09575	6.5150489E-006
3.09725	6.9222815E-006
3.09875	7.2130833E-006
3.10025	7.3690671E-006
3.10175	7.3800156E-006
3.10325	7.2447247E-006
3.10475	6.9712560E-006
3.10625	6.5765707E-006
3.10775	6.0854973E-006
3.10925	5.5291021E-006
3.11075	4.9425253E-006
3.11225	4.3625337E-006
3.11375	3.8250801E-006
3.11525	3.3632377E-006
3.11675	3.0057172E-006
3.11825	2.7760723E-006
3.11975	2.6924222E-006
3.12125	2.7673755E-006
3.12275	3.0077820E-006
3.12425	3.4141242E-006
3.12575	3.9795432E-006
3.12725	4.6888085E-006
3.12875	5.5176524E-006
3.13025	6.4328701E-006
3.13175	7.3934393E-006
3.13325	8.3526211E-006
3.13475	9.2608498E-006
3.13625	1.0069031E-005
3.13775	1.0731908E-005
3.13925	1.1211179E-005
3.14075	1.1478183E-005
3.14225	1.1516042E-005
3.14375	1.1321119E-005
3.14525	1.0903762E-005
3.14675	1.0288262E-005
3.14825	9.5119149E-006
3.14975	8.6232312E-006
3.15125	7.6793640E-006
3.15275	6.7429819E-006
3.15425	5.8788701E-006
3.15575	5.1506272E-006
3.15725	4.6176983E-006
3.15875	4.3328323E-006
3.16025	4.3399350E-006
3.16175	4.6720652E-006
3.16325	5.3494136E-006
3.16475	6.3772090E-006
3.16625	7.7437517E-006
3.16775	9.4189272E-006
3.16925	1.1353698E-005
3.17075	1.3480890E-005
3.17225	1.5717485E-005
3.17375	1.7968307E-005
3.17525	2.0130823E-005
3.17675	2.2100743E-005
3.17825	2.3778053E-005
3.17975	2.5073095E-005
3.18125	2.5912554E-005
3.18275	2.6245019E-005
3.18425	2.6045998E-005
3.18575	2.5321982E-005
3.18725	2.4113555E-005
3.18875	2.2497148E-005
3.19025	2.0585396E-005
3.19175	1.8526054E-005
3.19325	1.6499405E-005
3.19475	1.4714307E-005
3.19625	1.3403013E-005
3.19775	1.2814897E-005
3.19925	1.3209175E-005
3.20075	1.4846789E-005
3.20225	1.7981567E-005
3.20375	2.2850849E-005
3.20525	2.9665940E-005
3.20675	3.8602790E-005
3.20825	4.9793267E-005
3.20975	6.3317551E-005
3.21125	7.9198020E-005
3.21275	9.7394564E-005
3.21425	1.1780197E-004
3.21575	1.4024900E-004
3.21725	1.6449943E-004
3.21875	1.9025555E-004
3.22025	2.1716306E-004
3.22175	2.4481883E-004
3.22325	2.7278010E-004
3.22475	3.0057557E-004
3.22625	3.2771777E-004
3.22775	3.5371547E-004
3.22925	3.7808757E-004
3.23075	4.0037476E-004
3.23225	4.2015201E-004
3.23375	4.3703918E-004
3.23525	4.5071042E-004
3.23675	4.6090267E-004
3.23825	4.6742239E-004
3.23975	4.7015102E-004
3.24125	4.6904781E-004
3.24275	4.6415144E-004
3.24425	4.5557797E-004
3.24575	4.4351703E-004
3.24725	4.2822523E-004
3.24875	4.1001834E-004
3.25025	3.8926126E-004
3.25175	3.6635777E-004
3.25325	3.4173985E-004
3.25475	3.1585735E-004
3.25625	2.8916681E-004
3.25775	2.6212077E-004
3.25925	2.3515787E-004
3.26075	2.0869206E-004
3.26225	1.8310317E-004
3.26375	1.5872857E-004
3.26525	1.3585621E-004
3.26675	1.1471967E-004
3.26825	9.5495103E-005
3.26975	7.8300734E-005
3.27125	6.3197753E-005
3.27275	5.0193288E-005
3.27425	3.9244565E-005
3.27575	3.0264448E-005
3.27725	2.3127575E-005
3.27875	1.7677321E-005
3.28025	1.3732984E-005
3.28175	1.1097281E-005
3.28325	9.5637124E-006
3.28475	8.9236446E-006
3.28625	8.9729201E-006
3.28775	9.5176974E-006
3.28925	1.0379452E-005
3.29075	1.1399005E-005
3.29225	1.2439526E-005
3.29375	1.3388494E-005
3.29525	1.4158644E-005
3.29675	1.4687927E-005
3.29825	1.4938572E-005
3.29975	1.4895364E-005
3.30125	1.4563235E-005
3.30275	1.3964344E-005
3.30425	1.3134806E-005
3.30575	1.2121152E-005
3.30725	1.0976696E-005
3.30875	9.7579114E-006
3.31025	8.5208621E-006
3.31175	7.3179131E-006
3.31325	6.1948281E-006
3.31475	5.1885454E-006
3.31625	4.3257692E-006
3.31775	3.6225779E-006
3.31925	3.0850108E-006
3.32075	2.7104152E-006
3.32225	2.4892165E-006
3.32375	2.4067219E-006
3.32525	2.4446022E-006
3.32675	2.5819429E-006
3.32825	2.7959227E-006
3.32975	3.0623269E-006
3.33125	3.3561564E-006
3.33275	3.6524877E-006
3.33425	3.9276224E-006
3.33575	4.1603844E-006
3.33725	4.3334067E-006
3.33875	4.4341841E-006
3.34025	4.4557637E-006
3.34175	4.3970076E-006
3.34325	4.2624174E-006
3.34475	4.0615519E-006
3.34625	3.8080732E-006
3.34775	3.5184955E-006
3.34925	3.2106734E-006
3.35075	2.9021908E-006
3.35225	2.6088030E-006
3.35375	2.3431508E-006
3.35525	2.1139342E-006
3.35675	1.9256904E-006
3.35825	1.7791766E-006
3.35975	1.6722379E-006
3.36125	1.6009329E-006
3.36275	1.5606406E-006
3.36425	1.5469037E-006
3.36575	1.5558566E-006
3.36725	1.5842153E-006
3.36875	1.6289251E-006
3.37025	1.6866481E-006
3.37175	1.7533058E-006
3.37325	1.8238608E-006
3.37475	1.8924393E-006
3.37625	1.9527968E-006
3.37775	1.9990387E-006
3.37925	2.0264208E-006
3.38075	2.0320565E-006
3.38225	2.0153586E-006
3.38375	1.9781164E-006
3.38525	1.9241916E-006
3.38675	1.8588884E-006
3.38825	1.7881325E-006
3.38975	1.7176191E-006
3.39125	1.6520935E-006
3.39275	1.5948874E-006
3.39425	1.5477617E-006
3.39575	1.5110343E-006
3.39725	1.4839127E-006
3.39875	1.4649181E-006
3.40025	1.4522956E-006
3.40175	1.4443343E-006
3.40325	1.4395681E-006
3.40475	1.4368597E-006
3.40625	1.4353991E-006
3.40775	1.4346515E-006
3.40925	1.4342885E-006
3.41075	1.4341213E-006
3.41225	1.4340482E-006
3.41375	1.4340179E-006
3.41525	1.4340060E-006
3.41675	1.4340015E-006
3.41825	1.4340000E-006
3.41975	1.4339995E-006
3.42125	1.4339993E-006
3.42275	1.4339993E-006
3.42425	1.4339993E-006
3.42575	1.4339993E-006
3.42725	1.4339993E-006
3.42875	1.4339993E-006
3.43025	1.4339993E-006
3.43175	1.4339993E-006
3.43325	1.4339993E-006
3.43475	1.4339993E-006
3.43625	1.4339993E-006
3.43775	1.4339993E-006
3.43925	1.4339993E-006
3.44075	1.4339993E-006
3.44225	1.4339993E-006
3.44375	1.4339993E-006
3.44525	1.4339993E-006
3.44675	1.4339993E-006
3.44825	1.4339993E-006
3.44975	1.4339993E-006
3.45125	1.4339993E-006
3.45275	1.4339993E-006
3.45425	1.4339993E-006
3.45575	1.4339993E-006
3.45725	1.4339993E-006
3.45875	1.4339993E-006
3.46025	1.4339993E-006
3.46175	1.4339993E-006
3.46325	1.4339993E-006
3.46475	1.4339993E-006
3.46625	1.4339993E-006
3.46775	1.4339993E-006
3.46925	1.4339993E-006
3.47075	1.4339993E-006
3.47225	1.4339993E-006
3.47375	1.4339993E-006
3.47525	1.4339993E-006
3.47675	1.4339993E-006
3.47825	1.4339993E-006
3.47975	1.4339993E-006
3.48125	1.4339993E-006
3.48275	1.4339993E-006
3.48425	1.4339993E-006
3.48575	1.4339993E-006
3.48725	1.4339993E-006
3.48875	1.4339993E-006
3.49025	1.4339993E-006
3.49175	1.4339993E-006
3.49325	1.4339993E-006
3.49475	1.4339993E-006
3.49625	1.4339993E-006
3.49775	1.4339993E-006
3.49925	1.4339993E-006
3.50075	1.4339993E-006
3.50225	1.4339993E-006
3.50375	1.4339993E-006
3.50525	1.4339993E-006
3.50675	1.4339993E-006
3.50825	1.4339993E-006
3.50975	1.4339993E-006
3.51125	1.4339993E-006
3.51275	1.4339993E-006
3.51425	1.4339993E-006
3.51575	1.4339993E-006
3.51725	1.4339993E-006
3.51875	1.4339993E-006
3.52025	1.4339993E-006
3.52175	1.4339993E-006
3.52325	1.4339993E-006
3.52475	1.4339993E-006
3.52625	1.4339993E-006
3.52775	1.4339993E-006
3.52925	1.4339993E-006
3.53075	1.4339993E-006
3.53225	1.4339993E-006
3.53375	1.4339993E-006
3.53525	1.4339993E-006
3.53675	1.4339993E-006
3.53825	1.4339993E-006
3.53975	1.4339993E-006
3.54125	1.4339993E-006
3.54275	1.4339993E-006
3.54425	1.4339993E-006
3.54575	1.4339993E-006
3.54725	1.4339993E-006
3.54875	1.4339993E-006
3.55025	1.4339993E-006
3.55175	1.4339993E-006
3.55325	1.4339993E-006
3.55475	1.4339993E-006
3.55625	1.4339993E-006
3.55775	1.4339993E-006
3.55925	1.4339993E-006
3.56075	1.4339993E-006
3.56225	1.4339993E-006
3.56375	1.4339993E-006
3.56525	1.4339993E-006
3.56675	1.4339993E-006
3.56825	1.4339993E-006
3.56975	1.4339993E-006
3.57125	1.4339993E-006
3.57275	1.4339993E-006
3.57425	1.4339993E-006
3.57575	1.4339993E-006
3.57725	1.4339993E-006
3.57875	1.4339993E-006
3.58025	1.4339993E-006
3.58175	1.4339993E-006
3.58325	1.4339993E-006
3.58475	1.4339993E-006
3.58625	1.4339993E-006
3.58775	1.4339993E-006
3.58925	1.4339993E-006
3.59075	1.4339993E-006
3.59225	1.4339993E-006
3.59375	1.4339993E-006
3.59525	1.4339993E-006
3.59675	1.4339993E-006
3.59825	1.4339993E-006
3.59975	1.4339993E-006
3.60125	1.4339993E-006
3.60275	1.4339993E-006
3.60425	1.4339993E-006
3.60575	1.4339993E-006
3.60725	1.4339993E-006
3.60875	1.4339993E-006
3.61025	1.4339993E-006
3.61175	1.4339993E-006
3.61325	1.4339993E-006
3.61475	1.4339993E-006
3.61625	1.4339993E-006
3.61775	1.4339993E-006
3.61925	1.4339993E-006
3.62075	1.4339993E-006
3.62225	1.4339993E-006
3.62375	1.4339993E-006
3.62525	1.4339993E-006
3.62675	1.4339993E-006
3.62825	1.4339993E-006
3.62975	1.4339993E-006
3.63125	1.4339993E-006
3.63275	1.4339993E-006
3.63425	1.4339993E-006
3.63575	1.4339993E-006
3.63725	1.4339993E-006
3.63875	1.4339993E-006
3.64025	1.4339993E-006
3.64175	1.4339993E-006
3.64325	1.4339993E-006
3.64475	1.4339993E-006
3.64625	1.4339993E-006
3.64775	1.4339993E-006
3.64925	1.4339993E-006
3.65075	1.4339993E-006
3.65225	1.4339993E-006
3.65375	1.4339993E-006
3.65525	1.4339993E-006
3.65675	1.4339993E-006
3.65825	1.4339993E-006
3.65975	1.4339993E-006
3.66125	1.4339993E-006
3.66275	1.4339993E-006
3.66425	1.4339993E-006
3.66575	1.4339993E-006
3.66725	1.4339993E-006
3.66875	1.4339993E-006
3.67025	1.4339993E-006
3.67175	1.4339993E-006
3.67325	1.4339993E-006
3.67475	1.4339993E-006
3.67625	1.4339993E-006
3.67775	1.4339993E-006
3.67925	1.4339993E-006
3.68075	1.4339993E-006
3.68225	1.4339993E-006
3.68375	1.4339993E-006
3.68525	1.4339993E-006
3.68675	1.4339993E-006
3.68825	1.4339993E-006
3.68975	1.4339993E-006
3.69125	1.4339993E-006
3.69275	1.4339993E-006
3.69425	1.4339993E-006
3.69575	1.4339993E-006
3.69725	1.4339993E-006
3.69875	1.4339993E-006
3.70025	1.4339993E-006
3.70175	1.4339993E-006
3.70325	1.4339993E-006
3.70475	1.4339993E-006
3.70625	1.4339993E-006
3.70775	1.4339993E-006
3.70925	1.4339993E-006
3.71075	1.4339993E-006
3.71225	1.4339993E-006
3.71375	1.4339993E-006
3.71525	1.4339993E-006
3.71675	1.4339993E-006
3.71825	1.4339993E-006
3.71975	1.4339993E-006
3.72125	1.4339993E-006
3.72275	1.4339993E-006
3.72425	1.4339993E-006
3.72575	1.4339993E-006
3.72725	1.4339993E-006
3.72875	1.4339993E-006
3.73025	1.4339993E-006
3.73175	1.4339993E-006
3.73325	1.4339993E-006
3.73475	1.4339993E-006
3.73625	1.4339993E-006
3.73775	1.4339993E-006
3.73925	1.4339993E-006
3.74075	1.4339993E-006
3.74225	1.4339993E-006
3.74375	1.4339993E-006
3.74525	1.4339993E-006
3.74675	1.4339993E-006
3.74825	1.4339993E-006
3.74975	1.4339993E-006
3.75125	1.4339993E-006
3.75275	1.4339993E-006
3.75425	1.4339993E-006
3.75575	1.4339993E-006
3.75725	1.4339993E-006
3.75875	1.4339993E-006
3.76025	1.4339993E-006
3.76175	1.4339993E-006
3.76325	1.4339993E-006
3.76475	1.4339993E-006
3.76625	1.4339993E-006
3.76775	1.4339993E-006
3.76925	1.4339993E-006
3.77075	1.4339993E-006
3.77225	1.4339993E-006
3.77375	1.4339993E-006
3.77525	1.4339993E-006
3.77675	1.4339993E-006
3.77825	1.4339993E-006
3.77975	1.4339993E-006
3.78125	1.4339993E-006
3.78275	1.4339993E-006
3.78425	1.4339993E-006
3.78575	1.4339993E-006
3.78725	1.4339993E-006
3.78875	1.4339993E-006
3.79025	1.4339993E-006
3.79175	1.4339993E-006
3.79325	1.4339993E-006
3.79475	1.4339993E-006
3.79625	1.4339993E-006
3.79775	1.4339993E-006
3.79925	1.4339993E-006
3.80075	1.4339993E-006
3.80225	1.4339993E-006
3.80375	1.4339993E-006
3.80525	1.4339993E-006
3.80675	1.4339993E-006
3.80825	1.4339993E-006
3.80975	1.4339993E-006
3.81125	1.4339993E-006
3.81275	1.4339993E-006
3.81425	1.4339993E-006
3.81575	1.4339993E-006
3.81725	1.4339993E-006
3.81875	1.4339993E-006
3.82025	1.4339993E-006
3.82175	1.4339993E-006
3.82325	1.4339993E-006
3.82475	1.4339993E-006
3.82625	1.4339993E-006
3.82775	1.4339993E-006
3.82925	1.4339993E-006
3.83075	1.4339993E-006
3.83225	1.4339993E-006
3.83375	1.4339993E-006
3.83525	1.4339993E-006
3.83675	1.4339993E-006
3.83825	1.4339993E-006
3.83975	1.4339993E-006
3.84125	1.4339993E-006
3.84275	1.4339993E-006
3.84425	1.4339993E-006
3.84575	1.4339993E-006
3.84725	1.4339993E-006
3.84875	1.4339993E-006
3.85025	1.4339993E-006
3.85175	1.4339993E-006
3.85325	1.4339993E-006
3.85475	1.4339993E-006
3.85625	1.4339993E-006
3.85775	1.4339993E-006
3.85925	1.4339993E-006
3.86075	1.4339993E-006
3.86225	1.4339993E-006
3.86375	1.4339993E-006
3.86525	1.4339993E-006
3.86675	1.4339993E-006
3.86825	1.4339993E-006
3.86975	1.4339993E-006
3.87125	1.4339993E-006
3.87275	1.4339993E-006
3.87425	1.4339993E-006
3.87575	1.4339993E-006
3.87725	1.4339993E-006
3.87875	1.4339993E-006
3.88025	1.4339993E-006
3.88175	1.4339993E-006
3.88325	1.4339993E-006
3.88475	1.4339993E-006
3.88625	1.4339993E-006
3.88775	1.4339993E-006
3.88925	1.4339993E-006
3.89075	1.4339993E-006
3.89225	1.4339993E-006
3.89375	1.4339993E-006
3.89525	1.4339993E-006
3.89675	1.4339993E-006
3.89825	1.4339993E-006
3.89975	1.4339993E-006
3.90125	1.4339993E-006
3.90275	1.4339993E-006
3.90425	1.4339993E-006
3.90575	1.4339993E-006
3.90725	1.4339993E-006
3.90875	1.4339993E-006
3.91025	1.4339993E-006
3.91175	1.4339993E-006
3.91325	1.4339993E-006
3.91475	1.4339993E-006
3.91625	1.4339997E-006
3.91775	1.4340006E-006
3.91925	1.4340030E-006
3.92075	1.4340092E-006
3.92225	1.4340236E-006
3.92375	1.4340559E-006
3.92525	1.4341248E-006
3.92675	1.4342621E-006
3.92825	1.4345225E-006
3.92975	1.4349872E-006
3.93125	1.4357697E-006
3.93275	1.4370099E-006
3.93425	1.4388586E-006
3.93575	1.4414429E-006
3.93725	1.4448214E-006
3.93875	1.4489336E-006
3.94025	1.4535617E-006
3.94175	1.4583235E-006
3.94325	1.4627104E-006
3.94475	1.4661700E-006
3.94625	1.4682192E-006
3.94775	1.4685547E-006
3.94925	1.4671272E-006
3.95075	1.4641565E-006
3.95225	1.4600829E-006
3.95375	1.4554760E-006
3.95525	1.4509371E-006
3.95675	1.4470348E-006
3.95825	1.4443075E-006
3.95975	1.4433426E-006
3.96125	1.4449323E-006
3.96275	1.4502781E-006
3.96425	1.4612099E-006
3.96575	1.4803574E-006
3.96725	1.5112079E-006
3.96875	1.5579736E-006
3.97025	1.6252187E-006
3.97175	1.7172314E-006
3.97325	1.8371965E-006
3.97475	1.9862989E-006
3.97625	2.1629367E-006
3.97775	2.3622335E-006
3.97925	2.5759887E-006
3.98075	2.7931296E-006
3.98225	3.0006140E-006
3.98375	3.1846594E-006
3.98525	3.3321323E-006
3.98675	3.4319096E-006
3.98825	3.4760988E-006
3.98975	3.4609711E-006
3.99125	3.3875681E-006
3.99275	3.2619132E-006
3.99425	3.0948436E-006
3.99575	2.9015021E-006
3.99725	2.7006270E-006
3.99875	2.5138470E-006
4.00025	2.3651655E-006
4.00175	2.2808297E-006
4.00325	2.2895499E-006
4.00475	2.4229143E-006
4.00625	2.7156559E-006
4.00775	3.2053886E-006
4.00925	3.9315460E-006
4.01075	4.9334726E-006
4.01225	6.2478812E-006
4.01375	7.9060801E-006
4.01525	9.9314284E-006
4.01675	1.2337399E-005
4.01825	1.5126354E-005
4.01975	1.8289096E-005
4.02125	2.1804975E-005
4.02275	2.5642348E-005
4.02425	2.9759325E-005
4.02575	3.4104614E-005
4.02725	3.8618662E-005
4.02875	4.3234766E-005
4.03025	4.7880629E-005
4.03175	5.2479954E-005
4.03325	5.6954184E-005
4.03475	6.1224389E-005
4.03625	6.5213157E-005
4.03775	6.8846472E-005
4.03925	7.2055533E-005
4.04075	7.4778465E-005
4.04225	7.6961951E-005
4.04375	7.8562734E-005
4.04525	7.9548809E-005
4.04675	7.9900245E-005
4.04825	7.9609890E-005
4.04975	7.8683537E-005
4.05125	7.7139746E-005
4.05275	7.5009310E-005
4.05425	7.2334355E-005
4.05575	6.9167290E-005
4.05725	6.5569315E-005
4.05875	6.1608909E-005
4.06025	5.7359997E-005
4.06175	5.2900155E-005
4.06325	4.8308582E-005
4.06475	4.3664102E-005
4.06625	3.9043236E-005
4.06775	3.4518442E-005
4.06925	3.0156549E-005
4.07075	2.6017404E-005
4.07225	2.2152766E-005
4.07375	1.8605278E-005
4.07525	1.5407601E-005
4.07675	1.2581563E-005
4.07825	1.0137581E-005
4.07975	8.0743539E-006
4.08125	6.3792281E-006
4.08275	5.0292952E-006
4.08425	3.9933379E-006
4.08575	3.2344435E-006
4.08725	2.7129204E-006
4.08875	2.3890252E-006
4.09025	2.2250688E-006
4.09175	2.1866047E-006
4.09325	2.2427278E-006
4.09475	2.3657178E-006
4.09625	2.5304528E-006
4.09775	2.7139604E-006
4.09925	2.8953584E-006
4.10075	3.0562385E-006
4.10225	3.1813479E-006
4.10375	3.2593573E-006
4.10525	3.2834753E-006
4.10675	3.2517569E-006
4.10825	3.1669970E-006
4.10975	3.0362128E-006
4.11125	2.8697436E-006
4.11275	2.6800521E-006
4.11425	2.4803469E-006
4.11575	2.2831832E-006
4.11725	2.0992270E-006
4.11875	1.9363508E-006
4.12025	1.7991987E-006
4.12175	1.6892441E-006
4.12325	1.6052865E-006
4.12475	1.5442284E-006
4.12625	1.5019453E-006
4.12775	1.4740727E-006
4.12925	1.4565904E-006
4.13075	1.4461614E-006
4.13225	1.4402468E-006
4.13375	1.4370590E-006
4.13525	1.4354271E-006
4.13675	1.4346336E-006
4.13825	1.4342675E-006
4.13975	1.4341072E-006
4.14125	1.4340404E-006
4.14275	1.4340142E-006
4.14425	1.4340044E-006
4.14575	1.4340009E-006
4.14725	1.4339997E-006
4.14875	1.4339994E-006
4.15025	1.4339993E-006
4.15175	1.4339993E-006
4.15325	1.4339993E-006
4.15475	1.4339993E-006
4.15625	1.4339993E-006
4.15775	1.4339993E-006
4.15925	1.4339993E-006
4.16075	1.4339993E-006
4.16225	1.4339993E-006
4.16375	1.4339993E-006
4.16525	1.4339993E-006
4.16675	1.4339993E-006
4.16825	1.4339993E-006
4.16975	1.4339993E-006
4.17125	1.4339993E-006
4.17275	1.4339993E-006
4.17425	1.4339993E-006
4.17575	1.4339993E-006
4.17725	1.4339993E-006
4.17875	1.4339993E-006
4.18025	1.4339993E-006
4.18175	1.4339993E-006
4.18325	1.4339993E-006
4.18475	1.4339993E-006
4.18625	1.4339993E-006
4.18775	1.4339993E-006
4.18925	1.4339993E-006
4.19075	1.4339993E-006
4.19225	1.4339993E-006
4.19375	1.4339993E-006
4.19525	1.4339993E-006
4.19675	1.4339993E-006
4.19825	1.4339993E-006
4.19975	1.4339993E-006
4.20125	1.4339993E-006
4.20275	1.4339993E-006
4.20425	1.4339993E-006
4.20575	1.4339993E-006
4.20725	1.4339993E-006
4.20875	1.4339993E-006
4.21025	1.4339993E-006
4.21175	1.4339993E-006
4.21325	1.4339993E-006
4.21475	1.4339993E-006
4.21625	1.4339993E-006
4.21775	1.4339993E-006
4.21925	1.4339993E-006
4.22075	1.4339993E-006
4.22225	1.4339993E-006
4.22375	1.4339993E-006
4.22525	1.4339993E-006
4.22675	1.4339993E-006
4.22825	1.4339993E-006
4.22975	1.4339993E-006
4.23125	1.4339993E-006
4.23275	1.4339993E-006
4.23425	1.4339993E-006
4.23575	1.4339993E-006
4.23725	1.4339993E-006
4.23875	1.4339993E-006
4.24025	1.4339993E-006
4.24175	1.4339993E-006
4.24325	1.4339993E-006
4.24475	1.4339993E-006
4.24625	1.4339993E-006
4.24775	1.4339993E-006
4.24925	1.4339993E-006
4.25075	1.4339993E-006
4.25225	1.4339993E-006
4.25375	1.4339993E-006
4.25525	1.4339993E-006
4.25675	1.4339993E-006
4.25825	1.4339993E-006
4.25975	1.4339993E-006
4.26125	1.4339993E-006
4.26275	1.4339993E-006
4.26425	1.4339993E-006
4.26575	1.4339993E-006
4.26725	1.4339993E-006
4.26875	1.4339993E-006
4.27025	1.4339993E-006
4.27175	1.4339993E-006
4.27325	1.4339993E-006
4.27475	1.4339993E-006
4.27625	1.4339993E-006
4.27775	1.4339993E-006
4.27925	1.4339993E-006
4.28075	1.4339993E-006
4.28225	1.4339993E-006
4.28375	1.4339993E-006
4.28525	1.4339993E-006
4.28675	1.4339993E-006
4.28825	1.4339993E-006
4.28975	1.4339993E-006
4.29125	1.4339993E-006
4.29275	1.4339993E-006
4.29425	1.4339993E-006
4.29575	1.4339993E-006
4.29725	1.4339993E-006
4.29875	1.4339993E-006
4.30025	1.4339993E-006
4.30175	1.4339993E-006
4.30325	1.4339993E-006
4.30475	1.4339993E-006
4.30625	1.4339993E-006
4.30775	1.4339993E-006
4.30925	1.4339993E-006
4.31075	1.4339993E-006
4.31225	1.4339993E-006
4.31375	1.4339993E-006
4.31525	1.4339993E-006
4.31675	1.4339993E-006
4.31825	1.4339993E-006
4.31975	1.4339993E-006
4.32125	1.4339993E-006
4.32275	1.4339993E-006
4.32425	1.4339993E-006
4.32575	1.4339993E-006
4.32725	1.4339993E-006
4.32875	1.4339993E-006
4.33025	1.4339993E-006
4.33175	1.4339993E-006
4.33325	1.4339993E-006
4.33475	1.4339993E-006
4.33625	1.4339993E-006
4.33775	1.4339993E-006
4.33925	1.4339993E-006
4.34075	1.4339993E-006
4.34225	1.4339993E-006
4.34375	1.4339993E-006
4.34525	1.4339993E-006
4.34675	1.4339993E-006
4.34825	1.4339993E-006
4.34975	1.4339993E-006
4.35125	1.4339993E-006
4.35275	1.4339993E-006
4.35425	1.4339993E-006
4.35575	1.4339993E-006
4.35725	1.4339993E-006
4.35875	1.4339993E-006
4.36025	1.4339993E-006
4.36175	1.4339993E-006
4.36325	1.4339993E-006
4.36475	1.4339993E-006
4.36625	1.4339993E-006
4.36775	1.4339993E-006
4.36925	1.4339993E-006
4.37075	1.4339993E-006
4.37225	1.4339993E-006
4.37375	1.4339993E-006
4.37525	1.4339993E-006
4.37675	1.4339993E-006
4.37825	1.4339993E-006
4.37975	1.4339993E-006
4.38125	1.4339993E-006
4.38275	1.4339993E-006
4.38425	1.4339993E-006
4.38575	1.4339993E-006
4.38725	1.4339993E-006
4.38875	1.4339993E-006
4.39025	1.4339993E-006
4.39175	1.4339993E-006
4.39325	1.4339993E-006
4.39475	1.4339993E-006
4.39625	1.4339993E-006
4.39775	1.4339993E-006
4.39925	1.4339993E-006
4.40075	1.4339993E-006
4.40225	1.4339993E-006
4.40375	1.4339993E-006
4.40525	1.4339993E-006
4.40675	1.4339993E-006
4.40825	1.4339993E-006
4.40975	1.4339993E-006
4.41125	1.4339993E-006
4.41275	1.4339993E-006
4.41425	1.4339993E-006
4.41575	1.4339993E-006
4.41725	1.4339993E-006
4.41875	1.4339993E-006
4.42025	1.4339993E-006
4.42175	1.4339993E-006
4.42325	1.4339993E-006
4.42475	1.4339993E-006
4.42625	1.4339993E-006
4.42775	1.4339993E-006
4.42925	1.4339993E-006
4.43075	1.4339993E-006
4.43225	1.4339993E-006
4.43375	1.4339993E-006
4.43525	1.4339993E-006
4.43675	1.4339993E-006
4.43825	1.4339993E-006
4.43975	1.4339993E-006
4.44125	1.4339993E-006
4.44275	1.4339993E-006
4.44425	1.4339993E-006
4.44575	1.4339993E-006
4.44725	1.4339993E-006
4.44875	1.4339993E-006
4.45025	1.4339993E-006
4.45175	1.4339993E-006
4.45325	1.4339993E-006
4.45475	1.4339993E-006
4.45625	1.4339993E-006
4.45775	1.4339993E-006
4.45925	1.4339993E-006
4.46075	1.4339993E-006
4.46225	1.4339993E-006
4.46375	1.4339993E-006
4.46525	1.4339993E-006
4.46675	1.4339993E-006
4.46825	1.4339993E-006
4.46975	1.4339993E-006
4.47125	1.4339993E-006
4.47275	1.4339993E-006
4.47425	1.4339993E-006
4.47575	1.4339993E-006
4.47725	1.4339993E-006
4.47875	1.4339993E-006
4.48025	1.4339993E-006
4.48175	1.4339993E-006
4.48325	1.4339993E-006
4.48475	1.4339993E-006
4.48625	1.4339993E-006
4.48775	1.4339993E-006
4.48925	1.4339993E-006
4.49075	1.4339993E-006
4.49225	1.4339993E-006
4.49375	1.4339993E-006
4.49525	1.4339993E-006
4.49675	1.4339993E-006
4.49825	1.4339993E-006
4.49975	1.4339993E-006
4.50125	1.4339993E-006
4.50275	1.4339993E-006
4.50425	1.4339993E-006
4.50575	1.4339993E-006
4.50725	1.4339993E-006
4.50875	1.4339993E-006
4.51025	1.4339993E-006
4.51175	1.4339993E-006
4.51325	1.4339993E-006
4.51475	1.4339993E-006
4.51625	1.4339993E-006
4.51775	1.4339993E-006
4.51925	1.4339993E-006
4.52075	1.4339993E-006
4.52225	1.4339993E-006
4.52375	1.4339993E-006
4.52525	1.4339993E-006
4.52675	1.4339993E-006
4.52825	1.4339993E-006
4.52975	1.4339993E-006
4.53125	1.4339993E-006
4.53275	1.4339993E-006
4.53425	1.4339993E-006
4.53575	1.4339993E-006
4.53725	1.4339993E-006
4.53875	1.4339993E-006
4.54025	1.4339993E-006
4.54175	1.4339993E-006
4.54325	1.4339993E-006
4.54475	1.4339993E-006
4.54625	1.4339993E-006
4.54775	1.4339993E-006
4.54925	1.4339993E-006
4.55075	1.4339993E-006
4.55225	1.4339993E-006
4.55375	1.4339993E-006
4.55525	1.4339993E-006
4.55675	1.4339993E-006
4.55825	1.4339993E-006
4.55975	1.4339993E-006
4.56125	1.4339993E-006
4.56275	1.4339993E-006
4.56425	1.4339993E-006
4.56575	1.4339993E-006
4.56725	1.4339993E-006
4.56875	1.4339993E-006
4.57025	1.4339993E-006
4.57175	1.4339993E-006
4.57325	1.4339993E-006
4.57475	1.4339993E-006
4.57625	1.4339993E-006
4.57775	1.4339993E-006
4.57925	1.4339993E-006
4.58075	1.4339993E-006
4.58225	1.4339993E-006
4.58375	1.4339993E-006
4.58525	1.4339993E-006
4.58675	1.4339993E-006
4.58825	1.4339993E-006
4.58975	1.4339993E-006
4.59125	1.4339993E-006
4.59275	1.4339993E-006
4.59425	1.4339993E-006
4.59575	1.4339993E-006
4.59725	1.4339993E-006
4.59875	1.4339993E-006
4.60025	1.4339993E-006
4.60175	1.4339993E-006
4.60325	1.4339993E-006
4.60475	1.4339993E-006
4.60625	1.4339993E-006
4.60775	1.4339993E-006
4.60925	1.4339993E-006
4.61075	1.4339993E-006
4.61225	1.4339993E-006
4.61375	1.4339993E-006
4.61525	1.4339993E-006
4.61675	1.4339993E-006
4.61825	1.4339993E-006
4.61975	1.4339993E-006
4.62125	1.4339993E-006
4.62275	1.4339993E-006
4.62425	1.4339993E-006
4.62575	1.4339993E-006
4.62725	1.4339993E-006
4.62875	1.4339993E-006
4.63025	1.4339993E-006
4.63175	1.4339993E-006
4.63325	1.4339993E-006
4.63475	1.4339993E-006
4.63625	1.4339993E-006
4.63775	1.4339993E-006
4.63925	1.4339993E-006
4.64075	1.4339993E-006
4.64225	1.4339993E-006
4.64375	1.4339993E-006
4.64525	1.4339993E-006
4.64675	1.4339993E-006
4.64825	1.4339993E-006
4.64975	1.4339993E-006
4.65125	1.4339993E-006
4.65275	1.4339993E-006
4.65425	1.4339993E-006
4.65575	1.4339993E-006
4.65725	1.4339993E-006
4.65875	1.4339993E-006
4.66025	1.4339993E-006
4.66175	1.4339993E-006
4.66325	1.4339993E-006
4.66475	1.4339993E-006
4.66625	1.4339993E-006
4.66775	1.4339993E-006
4.66925	1.4339993E-006
4.67075	1.4339993E-006
4.67225	1.4339993E-006
4.67375	1.4339993E-006
4.67525	1.4339993E-006
4.67675	1.4339993E-006
4.67825	1.4339993E-006
4.67975	1.4339993E-006
4.68125	1.4339993E-006
4.68275	1.4339993E-006
4.68425	1.4339993E-006
4.68575	1.4339993E-006
4.68725	1.4339993E-006
4.68875	1.4339993E-006
4.69025	1.4339993E-006
4.69175	1.4339993E-006
4.69325	1.4339993E-006
4.69475	1.4339993E-006
4.69625	1.4339993E-006
4.69775	1.4339993E-006
4.69925	1.4339993E-006
4.70075	1.4339993E-006
4.70225	1.4339993E-006
4.70375	1.4339993E-006
4.70525	1.4339993E-006
4.70675	1.4339993E-006
4.70825	1.4339993E-006
4.70975	1.4339993E-006
4.71125	1.4339993E-006
4.71275	1.4339993E-006
4.71425	1.4339993E-006
4.71575	1.4339993E-006
4.71725	1.4339993E-006
4.71875	1.4339993E-006
4.72025	1.4339993E-006
4.72175	1.4339993E-006
4.72325	1.4339993E-006
4.72475	1.4339993E-006
4.72625	1.4339993E-006
4.72775	1.4339993E-006
4.72925	1.4339993E-006
4.73075	1.4339993E-006
4.73225	1.4339993E-006
4.73375	1.4339993E-006
4.73525	1.4339993E-006
4.73675	1.4339993E-006
4.73825	1.4339993E-006
4.73975	1.4339993E-006
4.74125	1.4339993E-006
4.74275	1.4339993E-006
4.74425	1.4339993E-006
4.74575	1.4339993E-006
4.74725	1.4339993E-006
4.74875	1.4339993E-006
4.75025	1.4339993E-006
4.75175	1.4339993E-006
4.75325	1.4339993E-006
4.75475	1.4339993E-006
4.75625	1.4339993E-006
4.75775	1.4339993E-006
4.75925	1.4339993E-006
4.76075	1.4339993E-006
4.76225	1.4339993E-006
4.76375	1.4339993E-006
4.76525	1.4339993E-006
4.76675	1.4339993E-006
4.76825	1.4339993E-006
4.76975	1.4339993E-006
4.77125	1.4339993E-006
4.77275	1.4339993E-006
4.77425	1.4339993E-006
4.77575	1.4339993E-006
4.77725	1.4339993E-006
4.77875	1.4339993E-006
4.78025	1.4339993E-006
4.78175	1.4339993E-006
4.78325	1.4339993E-006
4.78475	1.4339993E-006
4.78625	1.4339993E-006
4.78775	1.4339993E-006
4.78925	1.4339993E-006
4.79075	1.4339993E-006
4.79225	1.4339995E-006
4.79375	1.4339997E-006
4.79525	1.4340008E-006
4.79675	1.4340038E-006
4.79825	1.4340128E-006
4.79975	1.4340378E-006
4.80125	1.4341024E-006
4.80275	1.4342614E-006
4.80425	1.4346342E-006
4.80575	1.4354650E-006
4.80725	1.4372250E-006
4.80875	1.4407717E-006
4.81025	1.4475763E-006
4.81175	1.4600131E-006
4.81325	1.4816808E-006
4.81475	1.5177045E-006
4.81625	1.5749129E-006
4.81775	1.6617989E-006
4.81925	1.7881747E-006
4.82075	1.9644829E-006
4.82225	2.2008237E-006
4.82375	2.5058257E-006
4.82525	2.8855702E-006
4.82675	3.3427518E-006
4.82825	3.8762455E-006
4.82975	4.4811068E-006
4.83125	5.1489678E-006
4.83275	5.8686878E-006
4.83425	6.6271027E-006
4.83575	7.4097411E-006
4.83725	8.2014321E-006
4.83875	8.9867690E-006
4.84025	9.7504808E-006
4.84175	1.0477722E-005
4.84325	1.1154330E-005
4.84475	1.1767098E-005
4.84625	1.2304029E-005
4.84775	1.2754586E-005
4.84925	1.3109931E-005
4.85075	1.3363133E-005
4.85225	1.3509326E-005
4.85375	1.3545809E-005
4.85525	1.3472131E-005
4.85675	1.3290054E-005
4.85825	1.3003531E-005
4.85975	1.2618571E-005
4.86125	1.2143089E-005
4.86275	1.1586692E-005
4.86425	1.0960437E-005
4.86575	1.0276574E-005
4.86725	9.5482719E-006
4.86875	8.7893686E-006
4.87025	8.0141299E-006
4.87175	7.2370021E-006
4.87325	6.4723768E-006
4.87475	5.7342686E-006
4.87625	5.0359295E-006
4.87775	4.3893274E-006
4.87925	3.8045189E-006
4.88075	3.2890030E-006
4.88225	2.8471279E-006
4.88375	2.4797366E-006
4.88525	2.1841536E-006
4.88675	1.9545687E-006
4.88825	1.7827873E-006
4.88975	1.6592182E-006
4.89125	1.5739166E-006
4.89275	1.5174985E-006
4.89425	1.4817981E-006
4.89575	1.4602120E-006
4.89725	1.4477544E-006
4.89875	1.4408986E-006
4.90025	1.4373040E-006
4.90175	1.4355096E-006
4.90325	1.4346574E-006
4.90475	1.4342725E-006
4.90625	1.4341073E-006
4.90775	1.4340399E-006
4.90925	1.4340137E-006
4.91075	1.4340042E-006
4.91225	1.4340009E-006
4.91375	1.4339997E-006
4.91525	1.4339994E-006
4.91675	1.4339993E-006
4.91825	1.4339993E-006
4.91975	1.4339993E-006
4.92125	1.4339993E-006
4.92275	1.4339993E-006
4.92425	1.4339993E-006
4.92575	1.4339993E-006
4.92725	1.4339993E-006
4.92875	1.4339993E-006
4.93025	1.4339993E-006
4.93175	1.4339993E-006
4.93325	1.4339993E-006
4.93475	1.4339993E-006
4.93625	1.4339993E-006
4.93775	1.4339993E-006
4.93925	1.4339993E-006
4.94075	1.4339993E-006
4.94225	1.4339993E-006
4.94375	1.4339993E-006
4.94525	1.4339993E-006
4.94675	1.4339993E-006
4.94825	1.4339993E-006
4.94975	1.4339993E-006
4.95125	1.4339993E-006
4.95275	1.4339993E-006
4.95425	1.4339993E-006
4.95575	1.4339993E-006
4.95725	1.4339993E-006
4.95875	1.4339993E-006
4.96025	1.4339993E-006
4.96175	1.4339993E-006
4.96325	1.4339993E-006
4.96475	1.4339993E-006
4.96625	1.4339993E-006
4.96775	1.4339993E-006
4.96925	1.4339993E-006
4.97075	1.4339993E-006
4.97225	1.4339993E-006
4.97375	1.4339993E-006
4.97525	1.4339993E-006
4.97675	1.4339993E-006
4.97825	1.4339993E-006
4.97975	1.4339993E-006
4.98125	1.4339993E-006
4.98275	1.4339993E-006
4.98425	1.4339993E-006
4.98575	1.4339993E-006
4.98725	1.4339993E-006
4.98875	1.4339993E-006
4.99025	1.4339993E-006
4.99175	1.4339993E-006
4.99325	1.4339993E-006
4.99475	1.4339993E-006
4.99625	1.4339993E-006
4.99775	1.4339993E-006
4.99925	1.4339993E-006
5.00075	1.4339993E-006
5.00225	1.4339993E-006
5.00375	1.4339993E-006
5.00525	1.4339993E-006
5.00675	1.4339993E-006
5.00825	1.4339993E-006
5.00975	1.4339993E-006
5.01125	1.4339993E-006
5.01275	1.4339993E-006
5.01425	1.4339993E-006
5.01575	1.4339993E-006
5.01725	1.4339993E-006
5.01875	1.4339993E-006
5.02025	1.4339993E-006
5.02175	1.4339993E-006
5.02325	1.4339993E-006
5.02475	1.4339993E-006
5.02625	1.4339993E-006
5.02775	1.4339993E-006
5.02925	1.4339993E-006
5.03075	1.4339993E-006
5.03225	1.4339993E-006
5.03375	1.4339993E-006
5.03525	1.4339993E-006
5.03675	1.4339993E-006
5.03825	1.4339993E-006
5.03975	1.4339993E-006
5.04125	1.4339993E-006
5.04275	1.4339993E-006
5.04425	1.4339993E-006
5.04575	1.4339993E-006
5.04725	1.4339993E-006
5.04875	1.4339993E-006
5.05025	1.4339993E-006
5.05175	1.4339993E-006
5.05325	1.4339993E-006
5.05475	1.4339993E-006
5.05625	1.4339993E-006
5.05775	1.4339993E-006
5.05925	1.4339993E-006
5.06075	1.4339993E-006
5.06225	1.4339993E-006
5.06375	1.4339993E-006
5.06525	1.4339993E-006
5.06675	1.4339993E-006
5.06825	1.4339993E-006
5.06975	1.4339993E-006
5.07125	1.4339993E-006
5.07275	1.4339993E-006
5.07425	1.4339993E-006
5.07575	1.4339993E-006
5.07725	1.4339993E-006
5.07875	1.4339993E-006
5.08025	1.4339993E-006
5.08175	1.4339993E-006
5.08325	1.4339993E-006
5.08475	1.4339993E-006
5.08625	1.4339993E-006
5.08775	1.4339993E-006
5.08925	1.4339993E-006
5.09075	1.4339993E-006
5.09225	1.4339993E-006
5.09375	1.4339993E-006
5.09525	1.4339993E-006
5.09675	1.4339993E-006
5.09825	1.4339993E-006
5.09975	1.4339993E-006
5.10125	1.4339993E-006
5.10275	1.4339993E-006
5.10425	1.4339993E-006
5.10575	1.4339993E-006
5.10725	1.4339993E-006
5.10875	1.4339993E-006
5.11025	1.4339993E-006
5.11175	1.4339993E-006
5.11325	1.4339993E-006
5.11475	1.4339993E-006
5.11625	1.4339993E-006
5.11775	1.4339993E-006
5.11925	1.4339993E-006
5.12075	1.4339993E-006
5.12225	1.4339993E-006
5.12375	1.4339993E-006
5.12525	1.4339993E-006
5.12675	1.4339993E-006
5.12825	1.4339993E-006
5.12975	1.4339993E-006
5.13125	1.4339993E-006
5.13275	1.4339993E-006
5.13425	1.4339993E-006
5.13575	1.4339993E-006
5.13725	1.4339993E-006
5.13875	1.4339993E-006
5.14025	1.4339993E-006
5.14175	1.4339993E-006
5.14325	1.4339993E-006
5.14475	1.4339993E-006
5.14625	1.4339993E-006
5.14775	1.4339993E-006
5.14925	1.4339993E-006
5.15075	1.4339993E-006
5.15225	1.4339993E-006
5.15375	1.4339993E-006
5.15525	1.4339993E-006
5.15675	1.4339993E-006
5.15825	1.4339993E-006
5.15975	1.4339993E-006
5.16125	1.4339993E-006
5.16275	1.4339993E-006
5.16425	1.4339993E-006
5.16575	1.4339993E-006
5.16725	1.4339993E-006
5.16875	1.4339993E-006
5.17025	1.4339993E-006
5.17175	1.4339993E-006
5.17325	1.4339993E-006
5.17475	1.4339993E-006
5.17625	1.4339993E-006
5.17775	1.4339993E-006
5.17925	1.4339993E-006
5.18075	1.4339993E-006
5.18225	1.4339993E-006
5.18375	1.4339993E-006
5.18525	1.4339993E-006
5.18675	1.4339993E-006
5.18825	1.4339993E-006
5.18975	1.4339993E-006
5.19125	1.4339993E-006
5.19275	1.4339993E-006
5.19425	1.4339993E-006
5.19575	1.4339993E-006
5.19725	1.4339993E-006
5.19875	1.4339993E-006
5.20025	1.4339993E-006
5.20175	1.4339993E-006
5.20325	1.4339993E-006
5.20475	1.4339993E-006
5.20625	1.4339993E-006
5.20775	1.4339993E-006
5.20925	1.4339993E-006
5.21075	1.4339993E-006
5.21225	1.4339993E-006
5.21375	1.4339993E-006
5.21525	1.4339993E-006
5.21675	1.4339993E-006
5.21825	1.4339993E-006
5.21975	1.4339993E-006
5.22125	1.4339993E-006
5.22275	1.4339993E-006
5.22425	1.4339993E-006
5.22575	1.4339993E-006
5.22725	1.4339993E-006
5.22875	1.4339993E-006
5.23025	1.4339993E-006
5.23175	1.4339993E-006
5.23325	1.4339993E-006
5.23475	1.4339993E-006
5.23625	1.4339993E-006
5.23775	1.4339993E-006
5.23925	1.4339993E-006
5.24075	1.4339993E-006
5.24225	1.4339993E-006
5.24375	1.4339993E-006
5.24525	1.4339993E-006
5.24675	1.4339993E-006
5.24825	1.4339993E-006
5.24975	1.4339993E-006
5.25125	1.4339993E-006
5.25275	1.4339993E-006
5.25425	1.4339993E-006
5.25575	1.4339993E-006
5.25725	1.4339993E-006
5.25875	1.4339993E-006
5.26025	1.4339993E-006
5.26175	1.4339993E-006
5.26325	1.4339993E-006
5.26475	1.4339993E-006
5.26625	1.4339993E-006
5.26775	1.4339993E-006
5.26925	1.4339993E-006
5.27075	1.4339993E-006
5.27225	1.4339993E-006
5.27375	1.4339993E-006
5.27525	1.4339993E-006
5.27675	1.4339993E-006
5.27825	1.4339993E-006
5.27975	1.4339993E-006
5.28125	1.4339993E-006
5.28275	1.4339993E-006
5.28425	1.4339993E-006
5.28575	1.4339993E-006
5.28725	1.4339993E-006
5.28875	1.4339993E-006
5.29025	1.4339993E-006
5.29175	1.4339993E-006
5.29325	1.4339993E-006
5.29475	1.4339993E-006
5.29625	1.4339993E-006
5.29775	1.4339993E-006
5.29925	1.4339993E-006
5.30075	1.4339993E-006
5.30225	1.4339993E-006
5.30375	1.4339993E-006
5.30525	1.4339993E-006
5.30675	1.4339993E-006
5.30825	1.4339993E-006
5.30975	1.4339993E-006
5.31125	1.4339993E-006
5.31275	1.4339993E-006
5.31425	1.4339993E-006
5.31575	1.4339993E-006
5.31725	1.4339993E-006
5.31875	1.4339993E-006
5.32025	1.4339993E-006
5.32175	1.4339993E-006
5.32325	1.4339993E-006
5.32475	1.4339993E-006
5.32625	1.4339993E-006
5.32775	1.4339993E-006
5.32925	1.4339993E-006
5.33075	1.4339993E-006
5.33225	1.4339993E-006
5.33375	1.4339993E-006
5.33525	1.4339993E-006
5.33675	1.4339993E-006
5.33825	1.4339993E-006
5.33975	1.4339993E-006
5.34125	1.4339993E-006
5.34275	1.4339993E-006
5.34425	1.4339993E-006
5.34575	1.4339993E-006
5.34725	1.4339993E-006
5.34875	1.4339993E-006
5.35025	1.4339993E-006
5.35175	1.4339993E-006
5.35325	1.4339993E-006
5.35475	1.4339993E-006
5.35625	1.4339993E-006
5.35775	1.4339993E-006
5.35925	1.4339993E-006
5.36075	1.4339993E-006
5.36225	1.4339993E-006
5.36375	1.4339993E-006
5.36525	1.4339993E-006
5.36675	1.4339993E-006
5.36825	1.4339993E-006
5.36975	1.4339993E-006
5.37125	1.4339993E-006
5.37275	1.4339993E-006
5.37425	1.4339993E-006
5.37575	1.4339993E-006
5.37725	1.4339993E-006
5.37875	1.4339993E-006
5.38025	1.4339993E-006
5.38175	1.4339993E-006
5.38325	1.4339993E-006
5.38475	1.4339993E-006
5.38625	1.4339993E-006
5.38775	1.4339993E-006
5.38925	1.4339993E-006
5.39075	1.4339993E-006
5.39225	1.4339993E-006
5.39375	1.4339993E-006
5.39525	1.4339993E-006
5.39675	1.4339993E-006
5.39825	1.4339993E-006
5.39975	1.4340002E-006
5.40125	1.4340002E-006
5.40275	1.4340002E-006
5.40425	1.4340002E-006
5.40575	1.4340002E-006
5.40725	1.4340002E-006
5.40875	1.4340002E-006
5.41025	1.4340002E-006
5.41175	1.4340002E-006
5.41325	1.4340002E-006
5.41475	1.4340002E-006
5.41625	1.4340002E-006
5.41775	1.4340002E-006
5.41925	1.4340002E-006
5.42075	1.4340002E-006
5.42225	1.4340002E-006
5.42375	1.4340002E-006
5.42525	1.4340002E-006
5.42675	1.4340002E-006
5.42825	1.4340002E-006
5.42975	1.4340002E-006
5.43125	1.4340002E-006
5.43275	1.4340002E-006
5.43425	1.4340002E-006
5.43575	1.4340002E-006
5.43725	1.4340002E-006
5.43875	1.4340002E-006
5.44025	1.4340002E-006
5.44175	1.4340002E-006
5.44325	1.4340002E-006
5.44475	1.4340002E-006
5.44625	1.4340002E-006
5.44775	1.4340002E-006
5.44925	1.4340002E-006
5.45075	1.4340002E-006
5.45225	1.4340002E-006
5.45375	1.4340002E-006
5.45525	1.4340002E-006
5.45675	1.4340002E-006
5.45825	1.4340002E-006
5.45975	1.4340002E-006
5.46125	1.4340002E-006
5.46275	1.4340002E-006
5.46425	1.4340002E-006
5.46575	1.4340002E-006
5.46725	1.4340002E-006
5.46875	1.4340002E-006
5.47025	1.4340002E-006
5.47175	1.4340002E-006
5.47325	1.4340002E-006
5.47475	1.4340002E-006
5.47625	1.4340002E-006
5.47775	1.4340002E-006
5.47925	1.4340002E-006
5.48075	1.4340002E-006
5.48225	1.4340002E-006
5.48375	1.4340002E-006
5.48525	1.4340002E-006
5.48675	1.4340002E-006
5.48825	1.4340002E-006
5.48975	1.4340002E-006
5.49125	1.4340002E-006
5.49275	1.4340002E-006
5.49425	1.4340002E-006
5.49575	1.4340002E-006
5.49725	1.4340002E-006
5.49875	1.4340002E-006
