theta_deg	I
0.20825	8.6910838E-001
0.20975	8.6993998E-001
0.21125	8.6992794E-001
0.21275	8.6976331E-001
0.21425	8.6907262E-001
0.21575	8.6900020E-001
0.21725	8.6933070E-001
0.21875	8.6966395E-001
0.22025	8.6951995E-001
0.22175	8.6783093E-001
0.22325	8.6539292E-001
0.22475	8.6226392E-001
0.22625	8.5882115E-001
0.22775	8.5627794E-001
0.22925	8.5390472E-001
0.23075	8.5275799E-001
0.23225	8.5143536E-001
0.23375	8.4990817E-001
0.23525	8.4799308E-001
0.23675	8.4487098E-001
0.23825	8.4212965E-001
0.23975	8.3858460E-001
0.24125	8.3559155E-001
0.24275	8.3298796E-001
0.24425	8.2962662E-001
0.24575	8.2595229E-001
0.24725	8.2087272E-001
0.24875	8.1553632E-001
0.25025	8.0912209E-001
0.25175	8.0224818E-001
0.25325	7.9604071E-001
0.25475	7.8971982E-001
0.25625	7.8395081E-001
0.25775	7.7788305E-001
0.25925	7.7155346E-001
0.26075	7.6403499E-001
0.26225	7.5569838E-001
0.26375	7.4690986E-001
0.26525	7.3775381E-001
0.26675	7.2799832E-001
0.26825	7.1824449E-001
0.26975	7.0773131E-001
0.27125	6.9637388E-001
0.27275	6.8372697E-001
0.27425	6.6973251E-001
0.27575	6.5462166E-001
0.27725	6.3820219E-001
0.27875	6.2119085E-001
0.28025	6.0412771E-001
0.28175	5.8678943E-001
0.28325	5.6875688E-001
0.28475	5.5029821E-001
0.28625	5.3118896E-001
0.28775	5.1144439E-001
0.28925	4.9077192E-001
0.29075	4.6986112E-001
0.29225	4.4922510E-001
0.29375	4.2845437E-001
0.29525	4.0832865E-001
0.29675	3.8879013E-001
0.29825	3.6973539E-001
0.29975	3.5115933E-001
0.30125	3.3339855E-001
0.30275	3.1686237E-001
0.30425	3.0116197E-001
0.30575	2.8648427E-001
0.30725	2.7304602E-001
0.30875	2.6047871E-001
0.31025	2.4872442E-001
0.31175	2.3759706E-001
0.31325	2.2713746E-001
0.31475	2.1731435E-001
0.31625	2.0782866E-001
0.31775	1.9924664E-001
0.31925	1.9107740E-001
0.32075	1.8338256E-001
0.32225	1.7602086E-001
0.32375	1.6890585E-001
0.32525	1.6208909E-001
0.32675	1.5555243E-001
0.32825	1.4938577E-001
0.32975	1.4361151E-001
0.33125	1.3851030E-001
0.33275	1.3398819E-001
0.33425	1.2992015E-001
0.33575	1.2592527E-001
0.33725	1.2205944E-001
0.33875	1.1838553E-001
0.34025	1.1445016E-001
0.34175	1.1057598E-001
0.34325	1.0660691E-001
0.34475	1.0286967E-001
0.34625	9.9209853E-002
0.34775	9.5696069E-002
0.34925	9.2547245E-002
0.35075	8.9556403E-002
0.35225	8.7032564E-002
0.35375	8.4672682E-002
0.35525	8.2628988E-002
0.35675	8.0814265E-002
0.35825	7.9156317E-002
0.35975	7.7446759E-002
0.36125	7.5501293E-002
0.36275	7.3502772E-002
0.36425	7.1345083E-002
0.36575	6.8930224E-002
0.36725	6.6323213E-002
0.36875	6.3885175E-002
0.37025	6.1703105E-002
0.37175	5.9534658E-002
0.37325	5.7689816E-002
0.37475	5.6164283E-002
0.37625	5.4997008E-002
0.37775	5.3991530E-002
0.37925	5.3147625E-002
0.38075	5.2604858E-002
0.38225	5.2106306E-002
0.38375	5.1617309E-002
0.38525	5.0946195E-002
0.38675	5.0117824E-002
0.38825	4.9054753E-002
0.38975	4.7764868E-002
0.39125	4.6170499E-002
0.39275	4.4463560E-002
0.39425	4.2764992E-002
0.39575	4.1085292E-002
0.39725	3.9565254E-002
0.39875	3.8213711E-002
0.40025	3.7182663E-002
0.40175	3.6325131E-002
0.40325	3.5780933E-002
0.40475	3.5396617E-002
0.40625	3.5245810E-002
0.40775	3.5263497E-002
0.40925	3.5288591E-002
0.41075	3.5295282E-002
0.41225	3.5129894E-002
0.41375	3.4769002E-002
0.41525	3.4209743E-002
0.41675	3.3350300E-002
0.41825	3.2251377E-002
0.41975	3.1134531E-002
0.42125	2.9871175E-002
0.42275	2.8703421E-002
0.42425	2.7492648E-002
0.42575	2.6318440E-002
0.42725	2.5420040E-002
0.42875	2.4596684E-002
0.43025	2.4121314E-002
0.43175	2.3886615E-002
0.43325	2.3827344E-002
0.43475	2.4035275E-002
0.43625	2.4336895E-002
0.43775	2.4773784E-002
0.43925	2.5070384E-002
0.44075	2.5270186E-002
0.44225	2.5329700E-002
0.44375	2.5160724E-002
0.44525	2.4711883E-002
0.44675	2.3997033E-002
0.44825	2.3147151E-002
0.44975	2.2118732E-002
0.45125	2.0976074E-002
0.45275	1.9837957E-002
0.45425	1.8788269E-002
0.45575	1.7829401E-002
0.45725	1.7083960E-002
0.45875	1.6533783E-002
0.46025	1.6248176E-002
0.46175	1.6186515E-002
0.46325	1.6361462E-002
0.46475	1.6702037E-002
0.46625	1.7128414E-002
0.46775	1.7578211E-002
0.46925	1.8015103E-002
0.47075	1.8357351E-002
0.47225	1.8554049E-002
0.47375	1.8631963E-002
0.47525	1.8520111E-002
0.47675	1.8234028E-002
0.47825	1.7716592E-002
0.47975	1.7083002E-002
0.48125	1.6298844E-002
0.48275	1.5397335E-002
0.48425	1.4406201E-002
0.48575	1.3497525E-002
0.48725	1.2735353E-002
0.48875	1.2032454E-002
0.49025	1.1488491E-002
0.49175	1.1184722E-002
0.49325	1.1150785E-002
0.49475	1.1293945E-002
0.49625	1.1609425E-002
0.49775	1.2107261E-002
0.49925	1.2667478E-002
0.50075	1.3307520E-002
0.50225	1.3858415E-002
0.50375	1.4319924E-002
0.50525	1.4588083E-002
0.50675	1.4699456E-002
0.50825	1.4676511E-002
0.50975	1.4405247E-002
0.51125	1.3922467E-002
0.51275	1.3300112E-002
0.51425	1.2554432E-002
0.51575	1.1709805E-002
0.51725	1.0837932E-002
0.51875	9.9775335E-003
0.52025	9.2669865E-003
0.52175	8.6494097E-003
0.52325	8.2402416E-003
0.52475	8.0574071E-003
0.52625	8.0832196E-003
0.52775	8.3167218E-003
0.52925	8.6735487E-003
0.53075	9.2265941E-003
0.53225	9.7961323E-003
0.53375	1.0422789E-002
0.53525	1.1014315E-002
0.53675	1.1477496E-002
0.53825	1.1948087E-002
0.53975	1.2163904E-002
0.54125	1.2263089E-002
0.54275	1.2128771E-002
0.54425	1.1777442E-002
0.54575	1.1295140E-002
0.54725	1.0603952E-002
0.54875	9.8661585E-003
0.55025	9.0865409E-003
0.55175	8.3023822E-003
0.55325	7.5767781E-003
0.55475	6.9838185E-003
0.55625	6.5094042E-003
0.55775	6.2030065E-003
0.55925	6.0526747E-003
0.56075	6.1200727E-003
0.56225	6.3887089E-003
0.56375	6.8136510E-003
0.56525	7.3678922E-003
0.56675	7.9837954E-003
0.56825	8.6654229E-003
0.56975	9.2901690E-003
0.57125	9.8432144E-003
0.57275	1.0263138E-002
0.57425	1.0540855E-002
0.57575	1.0639085E-002
0.57725	1.0573838E-002
0.57875	1.0306397E-002
0.58025	9.9041602E-003
0.58175	9.3210004E-003
0.58325	8.6379386E-003
0.58475	7.9120947E-003
0.58625	7.1382131E-003
0.58775	6.4369873E-003
0.58925	5.7895365E-003
0.59075	5.2850074E-003
0.59225	4.9432372E-003
0.59375	4.7510811E-003
0.59525	4.8084413E-003
0.59675	5.0395546E-003
0.59825	5.4401183E-003
0.59975	5.9989002E-003
0.60125	6.6618863E-003
0.60275	7.4185603E-003
0.60425	8.1714103E-003
0.60575	8.8482583E-003
0.60725	9.4189895E-003
0.60875	9.8257679E-003
0.61025	1.0066202E-002
0.61175	1.0113523E-002
0.61325	9.9132424E-003
0.61475	9.5980009E-003
0.61625	9.0917991E-003
0.61775	8.4868902E-003
0.61925	7.7677388E-003
0.62075	6.9936179E-003
0.62225	6.2101763E-003
0.62375	5.4664076E-003
0.62525	4.8383162E-003
0.62675	4.3541021E-003
0.62825	4.0195021E-003
0.62975	3.9074109E-003
0.63125	3.9881929E-003
0.63275	4.2661498E-003
0.63425	4.6968278E-003
0.63575	5.3086677E-003
0.63725	6.0196929E-003
0.63875	6.7593977E-003
0.64025	7.5581358E-003
0.64175	8.3238920E-003
0.64325	9.0205772E-003
0.64475	9.5571307E-003
0.64625	9.8981848E-003
0.64775	1.0076240E-002
0.64925	1.0031308E-002
0.65075	9.7287344E-003
0.65225	9.2784585E-003
0.65375	8.6513218E-003
0.65525	7.9278694E-003
0.65675	7.1088164E-003
0.65825	6.2637124E-003
0.65975	5.5099055E-003
0.66125	4.7969692E-003
0.66275	4.2314953E-003
0.66425	3.8416858E-003
0.66575	3.6648260E-003
0.66725	3.7377209E-003
0.66875	3.9975140E-003
0.67025	4.4738408E-003
0.67175	5.1430413E-003
0.67325	5.9888619E-003
0.67475	6.9259810E-003
0.67625	7.8812642E-003
0.67775	8.8191004E-003
0.67925	9.6857138E-003
0.68075	1.0452665E-002
0.68225	1.1002604E-002
0.68375	1.1349633E-002
0.68525	1.1426829E-002
0.68675	1.1272914E-002
0.68825	1.0906526E-002
0.68975	1.0262660E-002
0.69125	9.4763506E-003
0.69275	8.5657602E-003
0.69425	7.6181255E-003
0.69575	6.6281869E-003
0.69725	5.7180747E-003
0.69875	4.9038022E-003
0.70025	4.3003270E-003
0.70175	3.8911591E-003
0.70325	3.7687912E-003
0.70475	3.9446950E-003
0.70625	4.3464541E-003
0.70775	5.0409879E-003
0.70925	5.9398673E-003
0.71075	7.0222984E-003
0.71225	8.1919637E-003
0.71375	9.4486261E-003
0.71525	1.0709590E-002
0.71675	1.1864677E-002
0.71825	1.2826891E-002
0.71975	1.3584043E-002
0.72125	1.4009702E-002
0.72275	1.4133982E-002
0.72425	1.3950430E-002
0.72575	1.3435624E-002
0.72725	1.2706436E-002
0.72875	1.1701440E-002
0.73025	1.0622833E-002
0.73175	9.3893539E-003
0.73325	8.1322137E-003
0.73475	7.0189517E-003
0.73625	6.0254284E-003
0.73775	5.3148824E-003
0.73925	4.8987833E-003
0.74075	4.9033244E-003
0.74225	5.3215739E-003
0.74375	6.1250920E-003
0.74525	7.3024058E-003
0.74675	8.8102566E-003
0.74825	1.0594393E-002
0.74975	1.2575702E-002
0.75125	1.4561792E-002
0.75275	1.6563417E-002
0.75425	1.8435745E-002
0.75575	2.0131927E-002
0.75725	2.1476543E-002
0.75875	2.2330964E-002
0.76025	2.2780284E-002
0.76175	2.2704283E-002
0.76325	2.2114431E-002
0.76475	2.1012880E-002
0.76625	1.9545659E-002
0.76775	1.7809324E-002
0.76925	1.5909990E-002
0.77075	1.3959273E-002
0.77225	1.2152194E-002
0.77375	1.0635977E-002
0.77525	9.4928415E-003
0.77675	9.0177087E-003
0.77825	9.1864429E-003
0.77975	1.0257402E-002
0.78125	1.2153150E-002
0.78275	1.4959966E-002
0.78425	1.8569821E-002
0.78575	2.2756385E-002
0.78725	2.7483804E-002
0.78875	3.2424893E-002
0.79025	3.7495993E-002
0.79175	4.2369679E-002
0.79325	4.6922874E-002
0.79475	5.0798494E-002
0.79625	5.3908601E-002
0.79775	5.5988383E-002
0.79925	5.6822490E-002
0.80075	5.6467097E-002
0.80225	5.4833293E-002
0.80375	5.2214328E-002
0.80525	4.8571970E-002
0.80675	4.4378474E-002
0.80825	4.0166818E-002
0.80975	3.6285218E-002
0.81125	3.3312295E-002
0.81275	3.1890724E-002
0.81425	3.2712650E-002
0.81575	3.6400657E-002
0.81725	4.3519750E-002
0.81875	5.4522831E-002
0.82025	6.9828153E-002
0.82175	8.9206278E-002
0.82325	1.1255179E-001
0.82475	1.3935037E-001
0.82625	1.6875695E-001
0.82775	2.0044835E-001
0.82925	2.3342387E-001
0.83075	2.6665494E-001
0.83225	2.9978606E-001
0.83375	3.3147508E-001
0.83525	3.6170956E-001
0.83675	3.8895002E-001
0.83825	4.1312203E-001
0.83975	4.3397641E-001
0.84125	4.5107618E-001
0.84275	4.6525916E-001
0.84425	4.7624958E-001
0.84575	4.8501083E-001
0.84725	4.9097672E-001
0.84875	4.9525270E-001
0.85025	4.9718550E-001
0.85175	4.9671778E-001
0.85325	4.9387655E-001
0.85475	4.8837116E-001
0.85625	4.8139048E-001
0.85775	4.7245786E-001
0.85925	4.6237445E-001
0.86075	4.5050475E-001
0.86225	4.3730548E-001
0.86375	4.2304838E-001
0.86525	4.0713176E-001
0.86675	3.8980374E-001
0.86825	3.7092128E-001
0.86975	3.5158527E-001
0.87125	3.3155325E-001
0.87275	3.1073847E-001
0.87425	2.8926435E-001
0.87575	2.6714465E-001
0.87725	2.4494107E-001
0.87875	2.2209077E-001
0.88025	1.9921964E-001
0.88175	1.7657989E-001
0.88325	1.5478452E-001
0.88475	1.3408282E-001
0.88625	1.1442268E-001
0.88775	9.6618138E-002
0.88925	8.0616370E-002
0.89075	6.6558629E-002
0.89225	5.4559633E-002
0.89375	4.4638980E-002
0.89525	3.6985967E-002
0.89675	3.1272192E-002
0.89825	2.7273245E-002
0.89975	2.5002984E-002
0.90125	2.3908602E-002
0.90275	2.3770941E-002
0.90425	2.4273558E-002
0.90575	2.5258237E-002
0.90725	2.6350228E-002
0.90875	2.7348531E-002
0.91025	2.8152049E-002
0.91175	2.8666377E-002
0.91325	2.8641760E-002
0.91475	2.8139144E-002
0.91625	2.7232379E-002
0.91775	2.5830641E-002
0.91925	2.4105540E-002
0.92075	2.2102959E-002
0.92225	2.0014098E-002
0.92375	1.7817212E-002
0.92525	1.5633469E-002
0.92675	1.3613679E-002
0.92825	1.1744699E-002
0.92975	1.0163714E-002
0.93125	8.8133635E-003
0.93275	7.8078904E-003
0.93425	7.1647414E-003
0.93575	6.8734009E-003
0.93725	6.8342048E-003
0.93875	7.0053288E-003
0.94025	7.4099563E-003
0.94175	7.9183094E-003
0.94325	8.4596435E-003
0.94475	8.9921355E-003
0.94625	9.5243892E-003
0.94775	9.9447900E-003
0.94925	1.0260509E-002
0.95075	1.0467722E-002
0.95225	1.0425658E-002
0.95375	1.0217250E-002
0.95525	9.8322211E-003
0.95675	9.3068993E-003
0.95825	8.6565809E-003
0.95975	7.9144854E-003
0.96125	7.1640252E-003
0.96275	6.3839289E-003
0.96425	5.6372932E-003
0.96575	4.9432372E-003
0.96725	4.3462147E-003
0.96875	3.8318867E-003
0.97025	3.4341908E-003
0.97175	3.1832410E-003
0.97325	3.0505962E-003
0.97475	3.0338662E-003
0.97625	3.0924210E-003
0.97775	3.2503998E-003
0.97925	3.4600031E-003
0.98075	3.7573192E-003
0.98225	4.0316912E-003
0.98375	4.2941128E-003
0.98525	4.5491257E-003
0.98675	4.7682892E-003
0.98825	4.9513634E-003
0.98975	4.9680928E-003
0.99125	4.9680932E-003
0.99275	4.9085817E-003
0.99425	4.7329171E-003
0.99575	4.4671488E-003
0.99725	4.1535809E-003
0.99875	3.8314089E-003
1.00025	3.4638271E-003
1.00175	3.0943330E-003
1.00325	2.7616450E-003
1.00475	2.4418631E-003
1.00625	2.1476541E-003
1.00775	1.9349442E-003
1.00925	1.7798330E-003
1.01075	1.6675029E-003
1.01225	1.6278289E-003
1.01375	1.6397788E-003
1.01525	1.7262971E-003
1.01675	1.8281109E-003
1.01825	1.9574100E-003
1.01975	2.1072628E-003
1.02125	2.2305869E-003
1.02275	2.3696851E-003
1.02425	2.4803421E-003
1.02575	2.5675772E-003
1.02725	2.6280440E-003
1.02875	2.6505103E-003
1.03025	2.6223080E-003
1.03175	2.5666209E-003
1.03325	2.4664800E-003
1.03475	2.3376590E-003
1.03625	2.1739441E-003
1.03775	1.9822659E-003
1.03925	1.8118591E-003
1.04075	1.6115770E-003
1.04225	1.4421260E-003
1.04375	1.2834300E-003
1.04525	1.1534140E-003
1.04675	1.0716760E-003
1.04825	1.0069071E-003
1.04975	1.0131210E-003
1.05125	1.0167061E-003
1.05275	1.0590091E-003
1.05425	1.1402691E-003
1.05575	1.2270260E-003
1.05725	1.3295570E-003
1.05875	1.4189431E-003
1.06025	1.5135870E-003
1.06175	1.5848089E-003
1.06325	1.6345209E-003
1.06475	1.6522071E-003
1.06625	1.6663079E-003
1.06775	1.6548359E-003
1.06925	1.6275900E-003
1.07075	1.5953250E-003
1.07225	1.5310339E-003
1.07375	1.4502519E-003
1.07525	1.3551301E-003
1.07675	1.2454290E-003
1.07825	1.1376400E-003
1.07975	1.0195740E-003
1.08125	9.2254003E-004
1.08275	8.4128004E-004
1.08425	7.7005808E-004
1.08575	7.2034606E-004
1.08725	7.0313801E-004
1.08875	7.0505001E-004
1.09025	7.2560395E-004
1.09175	7.5452303E-004
1.09325	8.0423499E-004
1.09475	8.7378401E-004
1.09625	9.3114399E-004
1.09775	9.9376205E-004
1.09925	1.0506441E-003
1.10075	1.1068090E-003
1.10225	1.1495900E-003
1.10375	1.1663201E-003
1.10525	1.1598669E-003
1.10675	1.1374010E-003
1.10825	1.1080040E-003
1.10975	1.0652230E-003
1.11125	1.0021270E-003
1.11275	9.2708104E-004
1.11425	8.5896603E-004
1.11575	7.9180696E-004
1.11725	7.1150297E-004
1.11875	6.4052001E-004
1.12025	5.7240500E-004
1.12175	5.2842899E-004
1.12325	4.9735903E-004
1.12475	4.7321999E-004
1.12625	4.7226399E-004
1.12775	4.8684297E-004
1.12925	5.2317098E-004
1.13075	5.5925996E-004
1.13225	6.1016699E-004
1.13375	6.6250795E-004
1.13525	7.1508804E-004
1.13675	7.5930293E-004
1.13825	8.0304005E-004
1.13975	8.3315402E-004
1.14125	8.4821106E-004
1.14275	8.6207298E-004
1.14425	8.5944403E-004
1.14575	8.3817303E-004
1.14725	7.9778192E-004
1.14875	7.7388197E-004
1.15025	7.2249700E-004
1.15175	6.7135104E-004
1.15325	6.0801598E-004
1.15475	5.5878196E-004
1.15625	5.1122095E-004
1.15775	4.5218799E-004
1.15925	4.1681598E-004
1.16075	3.7570798E-004
1.16225	3.5706596E-004
1.16375	3.4750599E-004
1.16525	3.4583299E-004
1.16675	3.5826096E-004
1.16825	3.9291600E-004
1.16975	4.3163402E-004
1.17125	4.7537102E-004
1.17275	5.2197604E-004
1.17425	5.7001499E-004
1.17575	6.0658198E-004
1.17725	6.3215499E-004
1.17875	6.6752703E-004
1.18025	6.7469705E-004
1.18175	6.7613105E-004
1.18325	6.7087304E-004
1.18475	6.6274701E-004
1.18625	6.4410496E-004
1.18775	5.8746204E-004
1.18925	5.5280700E-004
1.19075	5.0715805E-004
1.19225	4.5553400E-004
1.19375	4.1012399E-004
1.19525	3.5993397E-004
1.19675	3.3627299E-004
1.19825	3.0854900E-004
1.19975	2.8584400E-004
1.20125	2.7198199E-004
1.20275	2.6409500E-004
1.20425	2.7150402E-004
1.20575	2.8799500E-004
1.20725	3.0902700E-004
1.20875	3.4846200E-004
1.21025	3.7905402E-004
1.21175	4.2326903E-004
1.21325	4.5816301E-004
1.21475	4.9305701E-004
1.21625	5.2532199E-004
1.21775	5.4252998E-004
1.21925	5.7264400E-004
1.22075	5.6260597E-004
1.22225	5.6117197E-004
1.22375	5.3631602E-004
1.22525	5.1098200E-004
1.22675	4.7632703E-004
1.22825	4.3402403E-004
1.22975	4.0534398E-004
1.23125	3.5658796E-004
1.23275	3.1404602E-004
1.23425	2.7007001E-004
1.23575	2.3995600E-004
1.23725	2.1247102E-004
1.23875	1.8880999E-004
1.24025	1.8594200E-004
1.24175	1.9000500E-004
1.24325	2.0434499E-004
1.24475	2.2203101E-004
1.24625	2.4378001E-004
1.24775	2.7915201E-004
1.24925	3.0926600E-004
1.25075	3.4200901E-004
1.25225	3.8168300E-004
1.25375	4.0701698E-004
1.25525	4.2661501E-004
1.25675	4.3976004E-004
1.25825	4.5505597E-004
1.25975	4.5959701E-004
1.26125	4.4645197E-004
1.26275	4.4119402E-004
1.26425	4.2637601E-004
1.26575	3.9674001E-004
1.26725	3.6590899E-004
1.26875	3.3627299E-004
1.27025	3.0400799E-004
1.27175	2.6027099E-004
1.27325	2.2943999E-004
1.27475	2.0315002E-004
1.27625	1.7877201E-004
1.27775	1.5917399E-004
1.27925	1.4316100E-004
1.28075	1.4674600E-004
1.28225	1.5654501E-004
1.28375	1.6777799E-004
1.28525	1.8689800E-004
1.28675	2.1342702E-004
1.28825	2.4282401E-004
1.28975	2.7269902E-004
1.29125	3.0042301E-004
1.29275	3.2838600E-004
1.29425	3.4846202E-004
1.29575	3.5730502E-004
1.29725	3.6829899E-004
1.29875	3.7403501E-004
1.30025	3.6901599E-004
1.30175	3.6375798E-004
1.30325	3.4559402E-004
1.30475	3.3005900E-004
1.30625	3.0687603E-004
1.30775	2.8201999E-004
1.30925	2.4951599E-004
1.31075	2.1916298E-004
1.31225	1.9717500E-004
1.31375	1.7160199E-004
1.31525	1.5200401E-004
1.31675	1.3288400E-004
1.31825	1.2547500E-004
1.31975	1.2021700E-004
1.32125	1.2117301E-004
1.32275	1.3097200E-004
1.32425	1.4483400E-004
1.32575	1.6897300E-004
1.32725	2.0052101E-004
1.32875	2.3374202E-004
1.33025	2.6074899E-004
1.33175	2.8584400E-004
1.33325	3.1571899E-004
1.33475	3.2480099E-004
1.33625	3.2742997E-004
1.33775	3.3412199E-004
1.33925	3.3436099E-004
1.34075	3.3460002E-004
1.34225	3.1810903E-004
1.34375	3.0376902E-004
1.34525	2.8488800E-004
1.34675	2.5190599E-004
1.34825	2.2418202E-004
1.34975	1.9167800E-004
1.35125	1.6490999E-004
1.35275	1.3981499E-004
1.35425	1.2236800E-004
1.35575	1.1065701E-004
1.35725	1.0372599E-004
1.35875	1.0037999E-004
1.36025	9.7990000E-005
1.36175	1.0802800E-004
1.36325	1.2308500E-004
1.36475	1.3981501E-004
1.36625	1.5774000E-004
1.36775	1.8618100E-004
1.36925	2.1103700E-004
1.37075	2.3900000E-004
1.37225	2.6050999E-004
1.37375	2.8656100E-004
1.37525	3.0639800E-004
1.37675	3.1739200E-004
1.37825	3.3101501E-004
1.37975	3.2432299E-004
1.38125	3.1404602E-004
1.38275	2.9779400E-004
1.38425	2.7795698E-004
1.38575	2.5573000E-004
1.38725	2.2513799E-004
1.38875	2.0123798E-004
1.39025	1.7494800E-004
1.39175	1.4794101E-004
1.39325	1.2571400E-004
1.39475	1.0324799E-004
1.39625	8.9386005E-005
1.39775	8.4845000E-005
1.39925	8.5561995E-005
1.40075	9.2492999E-005
1.40225	1.1209099E-004
1.40375	1.2977701E-004
1.40525	1.5176499E-004
1.40675	1.7423100E-004
1.40825	2.0482299E-004
1.40975	2.2872300E-004
1.41125	2.4664801E-004
1.41275	2.6576800E-004
1.41425	2.9301399E-004
1.41575	3.1093901E-004
1.41725	3.1380702E-004
1.41875	3.2336698E-004
1.42025	3.2432299E-004
1.42175	3.0974401E-004
1.42325	2.8703900E-004
1.42475	2.6242199E-004
1.42625	2.3995600E-004
1.42775	2.0482299E-004
1.42925	1.7399200E-004
1.43075	1.5845700E-004
1.43225	1.3431800E-004
1.43375	1.1233000E-004
1.43525	9.4404997E-005
1.43675	8.4845000E-005
1.43825	7.8869998E-005
1.43975	7.5284996E-005
1.44125	8.3171995E-005
1.44275	1.0061901E-004
1.44425	1.2786499E-004
1.44575	1.5128701E-004
1.44725	1.8092302E-004
1.44875	2.1342700E-004
1.45025	2.4330201E-004
1.45175	2.6696300E-004
1.45325	2.8871201E-004
1.45475	3.1476302E-004
1.45625	3.3197101E-004
1.45775	3.3866300E-004
1.45925	3.4033600E-004
1.46075	3.3531699E-004
1.46225	3.1380702E-004
1.46375	2.9158001E-004
1.46525	2.6313899E-004
1.46675	2.3350299E-004
1.46825	2.0243299E-004
1.46975	1.7423100E-004
1.47125	1.5415500E-004
1.47275	1.3049401E-004
1.47425	1.1161299E-004
1.47575	9.9901990E-005
1.47725	9.5121999E-005
1.47875	9.2970993E-005
1.48025	9.3210001E-005
1.48175	1.0492100E-004
1.48325	1.2212900E-004
1.48475	1.4316100E-004
1.48625	1.6992900E-004
1.48775	2.0243299E-004
1.48925	2.4067301E-004
1.49075	2.8082501E-004
1.49225	3.1237301E-004
1.49375	3.4057500E-004
1.49525	3.5395901E-004
1.49675	3.5802202E-004
1.49825	3.5945603E-004
1.49975	3.5156900E-004
1.50125	3.3770702E-004
1.50275	3.2432299E-004
1.50425	3.0209598E-004
1.50575	2.8369299E-004
1.50725	2.4903801E-004
1.50875	2.1892400E-004
1.51025	1.9167800E-004
1.51175	1.6036899E-004
1.51325	1.4220500E-004
1.51475	1.1830500E-004
1.51625	1.0898400E-004
1.51775	9.6794996E-005
1.51925	9.7511998E-005
1.52075	1.0946199E-004
1.52225	1.2451901E-004
1.52375	1.5654499E-004
1.52525	1.9048300E-004
1.52675	2.2991799E-004
1.52825	2.7986898E-004
1.52975	3.2623499E-004
1.53125	3.6375798E-004
1.53275	3.9793496E-004
1.53425	4.3258999E-004
1.53575	4.6079198E-004
1.53725	4.7441499E-004
1.53875	4.7537102E-004
1.54025	4.8015104E-004
1.54175	4.7178601E-004
1.54325	4.4669097E-004
1.54475	4.2063999E-004
1.54625	3.8240003E-004
1.54775	3.4798402E-004
1.54925	3.1093901E-004
1.55075	2.6600700E-004
1.55225	2.3183001E-004
1.55375	1.9693600E-004
1.55525	1.7447001E-004
1.55675	1.5869601E-004
1.55825	1.5343800E-004
1.55975	1.7303599E-004
1.56125	1.9860901E-004
1.56275	2.4115101E-004
1.56425	2.9779400E-004
1.56575	3.7188400E-004
1.56725	4.6174802E-004
1.56875	5.5591395E-004
1.57025	6.5916200E-004
1.57175	7.4974302E-004
1.57325	8.2933001E-004
1.57475	9.0294197E-004
1.57625	9.6364802E-004
1.57775	1.0033220E-003
1.57925	1.0219641E-003
1.58075	1.0343920E-003
1.58225	1.0408451E-003
1.58375	1.0176619E-003
1.58525	9.7296905E-004
1.58675	9.1895508E-004
1.58825	8.5418602E-004
1.58975	7.7316497E-004
1.59125	6.8210601E-004
1.59275	5.9463200E-004
1.59425	5.3081906E-004
1.59575	4.7919501E-004
1.59725	4.5194899E-004
1.59875	4.5911898E-004
1.60025	5.1456701E-004
1.60175	6.1972701E-004
1.60325	7.7077496E-004
1.60475	9.7631494E-004
1.60625	1.2678950E-003
1.60775	1.6345211E-003
1.60925	2.0570729E-003
1.61075	2.5369851E-003
1.61225	3.0704334E-003
1.61375	3.6440331E-003
1.61525	4.2814459E-003
1.61675	4.9265069E-003
1.61825	5.5885371E-003
1.61975	6.3019521E-003
1.62125	7.0383116E-003
1.62275	7.7407323E-003
1.62425	8.3597424E-003
1.62575	8.9605879E-003
1.62725	9.5454203E-003
1.62875	1.0058315E-002
1.63025	1.0498074E-002
1.63175	1.0916565E-002
1.63325	1.1249491E-002
1.63475	1.1481560E-002
1.63625	1.1619464E-002
1.63775	1.1599147E-002
1.63925	1.1465785E-002
1.64075	1.1222006E-002
1.64225	1.0940225E-002
1.64375	1.0594632E-002
1.64525	1.0166582E-002
1.64675	9.6651595E-003
1.64825	9.1240639E-003
1.64975	8.5346894E-003
1.65125	7.9022953E-003
1.65275	7.2562788E-003
1.65425	6.5760850E-003
1.65575	5.9678298E-003
1.65725	5.3538387E-003
1.65875	4.7501251E-003
1.66025	4.1392413E-003
1.66175	3.5608613E-003
1.66325	3.0369731E-003
1.66475	2.5362682E-003
1.66625	2.0776270E-003
1.66775	1.6909247E-003
1.66925	1.3730550E-003
1.67075	1.0802801E-003
1.67225	8.3124195E-004
1.67375	6.3263305E-004
1.67525	4.7083001E-004
1.67675	3.5180800E-004
1.67825	2.5764198E-004
1.67975	2.0291099E-004
1.68125	1.6252001E-004
1.68275	1.5200400E-004
1.68425	1.5391600E-004
1.68575	1.5128699E-004
1.68725	1.7064600E-004
1.68875	1.8761501E-004
1.69025	2.1366600E-004
1.69175	2.2489899E-004
1.69325	2.4162901E-004
1.69475	2.5620800E-004
1.69625	2.5835901E-004
1.69775	2.5453500E-004
1.69925	2.4449700E-004
1.70075	2.3111299E-004
1.70225	2.1486099E-004
1.70375	1.9550200E-004
1.70525	1.7208001E-004
1.70675	1.5343800E-004
1.70825	1.3407900E-004
1.70975	1.1376400E-004
1.71125	9.5839001E-005
1.71275	8.2455001E-005
1.71425	6.7637004E-005
1.71575	6.0705996E-005
1.71725	5.5448003E-005
1.71875	5.0429004E-005
1.72025	4.7800000E-005
1.72175	4.8039001E-005
1.72325	5.3058000E-005
1.72475	5.5209002E-005
1.72625	5.4492000E-005
1.72775	5.8554997E-005
1.72925	6.2618004E-005
1.73075	6.5963999E-005
1.73225	6.9071000E-005
1.73375	6.9310001E-005
1.73525	7.4329000E-005
1.73675	7.1700008E-005
1.73825	7.0983006E-005
1.73975	7.0266004E-005
1.74125	6.6681001E-005
1.74275	6.1901002E-005
1.74425	5.4492000E-005
1.74575	4.9234004E-005
1.74725	4.3498003E-005
1.74875	3.6566998E-005
1.75025	2.8919001E-005
1.75175	2.5811998E-005
1.75325	2.3660999E-005
1.75475	2.0554000E-005
1.75625	1.8164001E-005
1.75775	1.6251999E-005
1.75925	1.5535001E-005
1.76075	1.3861999E-005
1.76225	1.3623001E-005
1.76375	1.6969001E-005
1.76525	1.8880999E-005
1.76675	2.2466002E-005
1.76825	2.6050999E-005
1.76975	2.9396999E-005
1.77125	3.1069998E-005
1.77275	3.2982000E-005
1.77425	3.4176999E-005
1.77575	3.5132998E-005
1.77725	3.3460001E-005
1.77875	3.2503998E-005
1.78025	3.2982000E-005
1.78175	3.0831001E-005
1.78325	2.8918999E-005
1.78475	2.6050999E-005
1.78625	2.4138999E-005
1.78775	2.1988000E-005
1.78925	1.8164001E-005
1.79075	1.5057000E-005
1.79225	1.2189000E-005
1.79375	9.5600008E-006
1.79525	8.1260005E-006
1.79675	7.6480001E-006
1.79825	6.4530000E-006
1.79975	6.6920002E-006
1.80125	6.9309995E-006
1.80275	7.6480001E-006
1.80425	8.3650002E-006
1.80575	8.3650002E-006
1.80725	9.0820004E-006
1.80875	1.1472000E-005
1.81025	1.2906000E-005
1.81175	1.3384000E-005
1.81325	1.3145001E-005
1.81475	1.3623001E-005
1.81625	1.5057000E-005
1.81775	1.2906000E-005
1.81925	1.2428000E-005
1.82075	1.1710999E-005
1.82225	1.2189000E-005
1.82375	1.2428000E-005
1.82525	1.1232999E-005
1.82675	1.0755000E-005
1.82825	1.0037999E-005
1.82975	9.7990005E-006
1.83125	8.1259996E-006
1.83275	6.6920002E-006
1.83425	5.7359998E-006
1.83575	5.4970005E-006
1.83725	4.5410002E-006
1.83875	3.1070001E-006
1.84025	4.7799999E-006
1.84175	5.2579999E-006
1.84325	5.9750000E-006
1.84475	7.4089999E-006
1.84625	8.3650002E-006
1.84775	1.0755000E-005
1.84925	9.5599999E-006
1.85075	9.7990005E-006
1.85225	9.3210010E-006
1.85375	9.5599999E-006
1.85525	9.0820004E-006
1.85675	7.1700001E-006
1.85825	8.3650002E-006
1.85975	7.6480001E-006
1.86125	8.1260005E-006
1.86275	6.4530009E-006
1.86425	6.4530000E-006
1.86575	6.4530000E-006
1.86725	5.7359998E-006
1.86875	6.4530000E-006
1.87025	5.9750000E-006
1.87175	5.4970001E-006
1.87325	4.7800004E-006
1.87475	4.5410002E-006
1.87625	3.5850001E-006
1.87775	2.3900000E-006
1.87925	1.9120000E-006
1.88075	2.3900000E-006
1.88225	3.1070001E-006
1.88375	2.8679999E-006
1.88525	3.1070001E-006
1.88675	4.3020000E-006
1.88825	5.4970005E-006
1.88975	5.2579999E-006
1.89125	5.0190001E-006
1.89275	5.9750000E-006
1.89425	6.9309995E-006
1.89575	5.9750000E-006
1.89725	5.4970001E-006
1.89875	5.7359998E-006
1.90025	5.2579999E-006
1.90175	5.0190001E-006
1.90325	4.0629998E-006
1.90475	4.7799999E-006
1.90625	4.5409997E-006
1.90775	4.0630002E-006
1.90925	3.8240000E-006
1.91075	3.3460001E-006
1.91225	3.5850001E-006
1.91375	2.6289999E-006
1.91525	2.3900000E-006
1.91675	2.6289999E-006
1.91825	2.6289999E-006
1.91975	2.8679999E-006
1.92125	2.3900000E-006
1.92275	2.3900000E-006
1.92425	3.3460001E-006
1.92575	3.5850001E-006
1.92725	4.7799999E-006
1.92875	5.0189997E-006
1.93025	5.9750000E-006
1.93175	6.6920002E-006
1.93325	5.9750000E-006
1.93475	5.9750000E-006
1.93625	5.4970005E-006
1.93775	5.7359998E-006
1.93925	5.0190001E-006
1.94075	5.0189997E-006
1.94225	4.5410002E-006
1.94375	4.5409997E-006
1.94525	3.8240000E-006
1.94675	3.3460001E-006
1.94825	3.8240000E-006
1.94975	3.1070001E-006
1.95125	3.3460001E-006
1.95275	2.8679999E-006
1.95425	2.8679999E-006
1.95575	3.1070001E-006
1.95725	2.3900000E-006
1.95875	2.8679999E-006
1.96025	2.8679999E-006
1.96175	3.3460001E-006
1.96325	4.0629998E-006
1.96475	3.5850001E-006
1.96625	3.8240000E-006
1.96775	4.3020000E-006
1.96925	4.0629998E-006
1.97075	4.3020000E-006
1.97225	4.3020000E-006
1.97375	4.5409997E-006
1.97525	4.5409997E-006
1.97675	4.0630002E-006
1.97825	5.0190001E-006
1.97975	4.7799999E-006
1.98125	4.7799999E-006
1.98275	4.7799999E-006
1.98425	5.0189997E-006
1.98575	4.5410002E-006
1.98725	4.0630002E-006
1.98875	4.3020000E-006
1.99025	3.8240000E-006
1.99175	3.5850001E-006
1.99325	3.1070001E-006
1.99475	3.3460001E-006
1.99625	3.1070001E-006
1.99775	2.3900000E-006
1.99925	2.1510000E-006
2.00075	1.9120000E-006
2.00225	2.8679999E-006
2.00375	2.6289999E-006
2.00525	3.3460001E-006
2.00675	4.5410002E-006
2.00825	4.7799999E-006
2.00975	5.9750000E-006
2.01125	5.4970001E-006
2.01275	6.4530000E-006
2.01425	6.2140007E-006
2.01575	5.2579999E-006
2.01725	5.0190001E-006
2.01875	4.0630002E-006
2.02025	4.0630002E-006
2.02175	3.5850001E-006
2.02325	3.1070001E-006
2.02475	3.3460001E-006
2.02625	3.5850001E-006
2.02775	3.3460001E-006
2.02925	2.8679999E-006
2.03075	2.6289999E-006
2.03225	2.3900000E-006
2.03375	1.9120000E-006
2.03525	1.9120000E-006
2.03675	1.9120000E-006
2.03825	2.6289999E-006
2.03975	3.5849998E-006
2.04125	4.5410002E-006
2.04275	4.5410002E-006
2.04425	4.7799999E-006
2.04575	5.2579999E-006
2.04725	4.5410002E-006
2.04875	4.0629998E-006
2.05025	3.5850001E-006
2.05175	3.5850001E-006
2.05325	3.5850001E-006
2.05475	3.3460001E-006
2.05625	3.5850001E-006
2.05775	3.5849998E-006
2.05925	3.5850001E-006
2.06075	3.8240000E-006
2.06225	3.5850001E-006
2.06375	3.8240000E-006
2.06525	3.8240000E-006
2.06675	3.8240000E-006
2.06825	3.3460001E-006
2.06975	3.3460001E-006
2.07125	4.0629998E-006
2.07275	4.0630002E-006
2.07425	3.8240000E-006
2.07575	3.5850001E-006
2.07725	3.8240000E-006
2.07875	3.5850001E-006
2.08025	3.3460001E-006
2.08175	3.8240000E-006
2.08325	4.3019995E-006
2.08475	4.0630002E-006
2.08625	3.8240000E-006
2.08775	4.5410002E-006
2.08925	5.0189997E-006
2.09075	4.3020000E-006
2.09225	4.5410002E-006
2.09375	5.4970001E-006
2.09525	6.2140002E-006
2.09675	5.9750000E-006
2.09825	5.2579999E-006
2.09975	5.0189997E-006
2.10125	4.3020004E-006
2.10275	3.1070001E-006
2.10425	2.6290002E-006
2.10575	2.1510000E-006
2.10725	1.9120000E-006
2.10875	1.9120000E-006
2.11025	2.6289999E-006
2.11175	2.8679999E-006
2.11325	2.6289999E-006
2.11475	2.8679999E-006
2.11625	3.3459999E-006
2.11775	3.5850001E-006
2.11925	3.1070001E-006
2.12075	4.3020000E-006
2.12225	6.4530000E-006
2.12375	7.1700001E-006
2.12525	8.1259996E-006
2.12675	8.8429997E-006
2.12825	1.0277000E-005
2.12975	9.7990005E-006
2.13125	9.0820004E-006
2.13275	1.0277000E-005
2.13425	8.8429997E-006
2.13575	1.0516000E-005
2.13725	9.7990005E-006
2.13875	1.0277000E-005
2.14025	1.0277000E-005
2.14175	8.8429997E-006
2.14325	8.8429997E-006
2.14475	6.9310004E-006
2.14625	6.6920002E-006
2.14775	5.4970001E-006
2.14925	4.5409997E-006
2.15075	3.8240000E-006
2.15225	3.5850001E-006
2.15375	3.1070001E-006
2.15525	2.3900000E-006
2.15675	3.5850001E-006
2.15825	5.0189997E-006
2.15975	6.9309995E-006
2.16125	8.1260005E-006
2.16275	8.6040009E-006
2.16425	1.0994000E-005
2.16575	1.1711000E-005
2.16725	1.0516000E-005
2.16875	1.1472000E-005
2.17025	1.1711000E-005
2.17175	1.1950000E-005
2.17325	1.0516001E-005
2.17475	9.7990005E-006
2.17625	1.1472000E-005
2.17775	1.0037999E-005
2.17925	1.0037999E-005
2.18075	9.7990005E-006
2.18225	1.0277000E-005
2.18375	9.7990005E-006
2.18525	8.8429997E-006
2.18675	7.8870007E-006
2.18825	6.9310004E-006
2.18975	7.6480001E-006
2.19125	6.6920006E-006
2.19275	7.1700001E-006
2.19425	6.2140007E-006
2.19575	7.8869998E-006
2.19725	9.0820004E-006
2.19875	9.5599999E-006
2.20025	1.0277000E-005
2.20175	1.0994000E-005
2.20325	1.2428000E-005
2.20475	1.1232999E-005
2.20625	1.1711000E-005
2.20775	1.2428000E-005
2.20925	1.5057000E-005
2.21075	1.5296000E-005
2.21225	1.5296000E-005
2.21375	1.6491000E-005
2.21525	1.5774000E-005
2.21675	1.4340000E-005
2.21825	1.2906000E-005
2.21975	1.3623001E-005
2.22125	1.3384000E-005
2.22275	1.3384000E-005
2.22425	1.3623000E-005
2.22575	1.3623001E-005
2.22725	1.1710999E-005
2.22875	1.0277000E-005
2.23025	1.0037999E-005
2.23175	8.6040009E-006
2.23325	8.6040000E-006
2.23475	8.3650002E-006
2.23625	8.8430006E-006
2.23775	8.3650002E-006
2.23925	8.3650002E-006
2.24075	9.3209992E-006
2.24225	1.0277000E-005
2.24375	1.1950000E-005
2.24525	1.4818001E-005
2.24675	1.7208000E-005
2.24825	1.9120000E-005
2.24975	2.1271000E-005
2.25125	2.4378000E-005
2.25275	2.5572999E-005
2.25425	2.5572997E-005
2.25575	2.5095002E-005
2.25725	2.5095002E-005
2.25875	2.4617000E-005
2.26025	2.1749001E-005
2.26175	2.0554000E-005
2.26325	2.0075999E-005
2.26475	1.7925000E-005
2.26625	1.5534999E-005
2.26775	1.3862001E-005
2.26925	1.2906000E-005
2.27075	1.1950000E-005
2.27225	9.0820004E-006
2.27375	1.0277000E-005
2.27525	1.0755000E-005
2.27675	1.0994000E-005
2.27825	1.0994000E-005
2.27975	1.0755000E-005
2.28125	1.0994000E-005
2.28275	1.3384000E-005
2.28425	1.6969001E-005
2.28575	2.0075999E-005
2.28725	2.1271000E-005
2.28875	2.4139001E-005
2.29025	2.9158000E-005
2.29175	2.9635999E-005
2.29325	2.9875000E-005
2.29475	3.0114001E-005
2.29625	3.2982000E-005
2.29775	3.3221000E-005
2.29925	3.2265001E-005
2.30075	3.2025997E-005
2.30225	3.0831001E-005
2.30375	2.9875000E-005
2.30525	2.6768001E-005
2.30675	2.3183004E-005
2.30825	2.0792999E-005
2.30975	1.8403000E-005
2.31125	1.7685999E-005
2.31275	1.4579000E-005
2.31425	1.3145000E-005
2.31575	1.7208000E-005
2.31725	1.7685999E-005
2.31875	1.9598001E-005
2.32025	1.9598001E-005
2.32175	2.4856001E-005
2.32325	3.2265001E-005
2.32475	3.5610999E-005
2.32625	4.1346997E-005
2.32775	4.8755999E-005
2.32925	5.5686996E-005
2.33075	6.3813000E-005
2.33225	6.4768996E-005
2.33375	7.1461000E-005
2.33525	7.2416995E-005
2.33675	7.2417002E-005
2.33825	7.2895004E-005
2.33975	7.2178002E-005
2.34125	7.5762997E-005
2.34275	7.0027003E-005
2.34425	6.8353998E-005
2.34575	6.5246997E-005
2.34725	6.3813000E-005
2.34875	5.6403998E-005
2.35025	4.7561000E-005
2.35175	4.2063999E-005
2.35325	3.9435003E-005
2.35475	3.4416003E-005
2.35625	3.3221000E-005
2.35775	3.4416000E-005
2.35925	3.9674000E-005
2.36075	5.0668004E-005
2.36225	6.2139996E-005
2.36375	7.9347992E-005
2.36525	8.8908004E-005
2.36675	1.0994000E-004
2.36825	1.2977701E-004
2.36975	1.4985300E-004
2.37125	1.6992900E-004
2.37275	1.8570300E-004
2.37425	2.0219399E-004
2.37575	2.1438299E-004
2.37725	2.2179201E-004
2.37875	2.2824500E-004
2.38025	2.2896200E-004
2.38175	2.2848400E-004
2.38325	2.2418199E-004
2.38475	2.1533901E-004
2.38625	2.1055898E-004
2.38775	1.8880999E-004
2.38925	1.7494800E-004
2.39075	1.5726199E-004
2.39225	1.4794100E-004
2.39375	1.3407900E-004
2.39525	1.2117301E-004
2.39675	1.2667001E-004
2.39825	1.3216700E-004
2.39975	1.5415500E-004
2.40125	1.7757701E-004
2.40275	2.2107501E-004
2.40425	2.8201999E-004
2.40575	3.4559402E-004
2.40725	4.3282902E-004
2.40875	5.3918402E-004
2.41025	6.6011801E-004
2.41175	7.9419703E-004
2.41325	9.4644004E-004
2.41475	1.1111110E-003
2.41625	1.3015940E-003
2.41775	1.4813221E-003
2.41925	1.6887741E-003
2.42075	1.8928800E-003
2.42225	2.0850359E-003
2.42375	2.2630910E-003
2.42525	2.4315859E-003
2.42675	2.6048610E-003
2.42825	2.7759848E-003
2.42975	2.9048061E-003
2.43125	3.0357779E-003
2.43275	3.1481080E-003
2.43425	3.2267391E-003
2.43575	3.2972442E-003
2.43725	3.3111062E-003
2.43875	3.3323767E-003
2.44025	3.3027409E-003
2.44175	3.2774070E-003
2.44325	3.2109653E-003
2.44475	3.1208619E-003
2.44625	3.0085321E-003
2.44775	2.8777991E-003
2.44925	2.7384618E-003
2.45075	2.5611238E-003
2.45225	2.3964529E-003
2.45375	2.2054920E-003
2.45525	2.0169208E-003
2.45675	1.8252431E-003
2.45825	1.6314141E-003
2.45975	1.4578999E-003
2.46125	1.2631150E-003
2.46275	1.0850601E-003
2.46425	9.1799902E-004
2.46575	7.6073693E-004
2.46725	6.2498503E-004
2.46875	5.0213904E-004
2.47025	4.0606104E-004
2.47175	3.2193304E-004
2.47325	2.5716401E-004
2.47475	2.0076001E-004
2.47625	1.5989100E-004
2.47775	1.2547500E-004
2.47925	1.0587699E-004
2.48075	8.8191002E-005
2.48225	7.4568008E-005
2.48375	7.2895004E-005
2.48525	7.1461000E-005
2.48675	7.1700000E-005
2.48825	7.6002005E-005
2.48975	8.1976999E-005
2.49125	8.9864006E-005
2.49275	9.2253998E-005
2.49425	9.0580994E-005
2.49575	9.4165996E-005
2.49725	9.3926996E-005
2.49875	9.3210001E-005
2.50025	8.8430003E-005
2.50175	8.2693994E-005
2.50325	8.0781996E-005
2.50475	7.5045995E-005
2.50625	6.6681001E-005
2.50775	5.7599002E-005
2.50925	4.7561003E-005
2.51075	4.1825002E-005
2.51225	3.4654997E-005
2.51375	3.0352998E-005
2.51525	2.5572999E-005
2.51675	2.1988000E-005
2.51825	2.0076001E-005
2.51975	2.1749000E-005
2.52125	2.1510001E-005
2.52275	2.4617000E-005
2.52425	2.8679999E-005
2.52575	3.2026001E-005
2.52725	3.4416000E-005
2.52875	3.7523001E-005
2.53025	3.8718001E-005
2.53175	3.7761998E-005
2.53325	3.8000999E-005
2.53475	3.8718001E-005
2.53625	4.0868999E-005
2.53775	3.8239999E-005
2.53925	3.8957001E-005
2.54075	3.5850000E-005
2.54225	3.0114001E-005
2.54375	2.6768001E-005
2.54525	2.4138999E-005
2.54675	2.1271000E-005
2.54825	1.7446999E-005
2.54975	1.5535001E-005
2.55125	1.6013000E-005
2.55275	1.6491000E-005
2.55425	1.4101000E-005
2.55575	1.4340000E-005
2.55725	1.3383999E-005
2.55875	1.4101000E-005
2.56025	1.3384000E-005
2.56175	1.1232999E-005
2.56325	1.0755000E-005
2.56475	1.1232999E-005
2.56625	1.2428000E-005
2.56775	1.4818001E-005
2.56925	1.4340000E-005
2.57075	1.7208002E-005
2.57225	1.9837002E-005
2.57375	2.0554000E-005
2.57525	2.1271000E-005
2.57675	2.0314999E-005
2.57825	2.1031999E-005
2.57975	1.7685999E-005
2.58125	1.6491000E-005
2.58275	1.3623000E-005
2.58425	1.1950000E-005
2.58575	1.1232999E-005
2.58725	1.0994000E-005
2.58875	1.1233001E-005
2.59025	9.0820004E-006
2.59175	8.1260005E-006
2.59325	7.8870007E-006
2.59475	5.7359998E-006
2.59625	4.3020004E-006
2.59775	4.5410002E-006
2.59925	4.7799999E-006
2.60075	5.2579999E-006
2.60225	5.0189997E-006
2.60375	5.7359998E-006
2.60525	5.9750000E-006
2.60675	7.4089999E-006
2.60825	7.6480001E-006
2.60975	8.8429997E-006
2.61125	1.0994000E-005
2.61275	1.0516000E-005
2.61425	1.0755000E-005
2.61575	1.0516001E-005
2.61725	1.0516000E-005
2.61875	1.0037999E-005
2.62025	8.6039990E-006
2.62175	8.8430006E-006
2.62325	8.3650002E-006
2.62475	6.6920002E-006
2.62625	5.7359998E-006
2.62775	5.7359998E-006
2.62925	4.3020000E-006
2.63075	3.8240000E-006
2.63225	3.8240000E-006
2.63375	4.0629998E-006
2.63525	4.0629998E-006
2.63675	3.1070001E-006
2.63825	3.8240000E-006
2.63975	5.2579999E-006
2.64125	5.7359998E-006
2.64275	6.4530000E-006
2.64425	6.4530000E-006
2.64575	6.9310004E-006
2.64725	8.1259996E-006
2.64875	7.4089999E-006
2.65025	6.6919997E-006
2.65175	5.7359998E-006
2.65325	7.8869998E-006
2.65475	8.6040009E-006
2.65625	7.8869998E-006
2.65775	6.9310004E-006
2.65925	7.6480001E-006
2.66075	7.4090008E-006
2.66225	5.9750000E-006
2.66375	5.4970001E-006
2.66525	4.5410002E-006
2.66675	5.4970001E-006
2.66825	4.7799999E-006
2.66975	4.5410002E-006
2.67125	4.0630002E-006
2.67275	3.1070001E-006
2.67425	2.8679999E-006
2.67575	1.9120000E-006
2.67725	2.1509998E-006
2.67875	2.6289999E-006
2.68025	2.3900000E-006
2.68175	3.8240000E-006
2.68325	4.5410002E-006
2.68475	5.4970001E-006
2.68625	6.4529995E-006
2.68775	7.1700001E-006
2.68925	7.8869998E-006
2.69075	7.8869998E-006
2.69225	8.6039990E-006
2.69375	8.1260005E-006
2.69525	7.6480001E-006
2.69675	8.1259996E-006
2.69825	8.3650002E-006
2.69975	6.9310004E-006
2.70125	5.4970001E-006
2.70275	4.7799999E-006
2.70425	4.0630002E-006
2.70575	2.3900002E-006
2.70725	1.4340000E-006
2.70875	1.6729999E-006
2.71025	2.6289999E-006
2.71175	2.6289999E-006
2.71325	2.8679999E-006
2.71475	2.8680004E-006
2.71625	2.8679999E-006
2.71775	3.1070001E-006
2.71925	2.3900000E-006
2.72075	3.8240000E-006
2.72225	4.0630002E-006
2.72375	4.7799999E-006
2.72525	5.7359998E-006
2.72675	5.7359998E-006
2.72825	7.1699997E-006
2.72975	7.1700001E-006
2.73125	7.1699997E-006
2.73275	7.1700010E-006
2.73425	6.6920002E-006
2.73575	7.1700010E-006
2.73725	6.2140007E-006
2.73875	5.4970001E-006
2.74025	5.2579999E-006
2.74175	4.5410002E-006
2.74325	4.3020004E-006
2.74475	3.3460001E-006
2.74625	2.6289999E-006
2.74775	1.9120000E-006
2.74925	1.6730000E-006
2.75075	1.9120000E-006
2.75225	2.1510000E-006
2.75375	2.1510000E-006
2.75525	2.1510002E-006
2.75675	2.1510002E-006
2.75825	3.1070001E-006
2.75975	3.5849998E-006
2.76125	3.3460001E-006
2.76275	3.3460001E-006
2.76425	4.5410002E-006
2.76575	5.2579999E-006
2.76725	4.7799999E-006
2.76875	5.2579999E-006
2.77025	7.1700001E-006
2.77175	8.6040009E-006
2.77325	9.3210001E-006
2.77475	9.3210001E-006
2.77625	1.0038001E-005
2.77775	9.5600008E-006
2.77925	8.3650002E-006
2.78075	6.9310004E-006
2.78225	5.2579999E-006
2.78375	5.2579999E-006
2.78525	4.5409997E-006
2.78675	4.5410002E-006
2.78825	3.5850001E-006
2.78975	3.8240000E-006
2.79125	3.5850001E-006
2.79275	2.8679999E-006
2.79425	2.3900000E-006
2.79575	2.3900000E-006
2.79725	3.1069997E-006
2.79875	2.8679999E-006
2.80025	3.1070001E-006
2.80175	4.3020000E-006
2.80325	5.2579999E-006
2.80475	4.7799999E-006
2.80625	4.7799999E-006
2.80775	5.7359998E-006
2.80925	6.4530000E-006
2.81075	7.1699997E-006
2.81225	7.1700001E-006
2.81375	6.9310004E-006
2.81525	7.4089999E-006
2.81675	8.6040000E-006
2.81825	7.8870007E-006
2.81975	7.1700001E-006
2.82125	6.2140007E-006
2.82275	6.4530000E-006
2.82425	5.2579999E-006
2.82575	3.3460001E-006
2.82725	3.5850001E-006
2.82875	2.6289999E-006
2.83025	2.6289999E-006
2.83175	2.6289999E-006
2.83325	3.1070001E-006
2.83475	2.8679999E-006
2.83625	2.3900000E-006
2.83775	2.6289999E-006
2.83925	3.1070001E-006
2.84075	3.3460001E-006
2.84225	2.8679999E-006
2.84375	3.5849998E-006
2.84525	3.8240000E-006
2.84675	4.3020000E-006
2.84825	4.3019995E-006
2.84975	5.2579999E-006
2.85125	5.7359998E-006
2.85275	5.7360007E-006
2.85425	6.4530009E-006
2.85575	5.9750000E-006
2.85725	6.4530000E-006
2.85875	5.0190001E-006
2.86025	4.7799999E-006
2.86175	5.0190001E-006
2.86325	4.0630002E-006
2.86475	3.8240000E-006
2.86625	3.1070003E-006
2.86775	3.3460001E-006
2.86925	3.1070001E-006
2.87075	2.3900000E-006
2.87225	2.3900000E-006
2.87375	2.3900000E-006
2.87525	2.3900000E-006
2.87675	2.1510000E-006
2.87825	2.1510000E-006
2.87975	1.9120000E-006
2.88125	2.1510000E-006
2.88275	2.8679999E-006
2.88425	3.5849998E-006
2.88575	4.5410002E-006
2.88725	6.2140002E-006
2.88875	7.4089999E-006
2.89025	7.1699997E-006
2.89175	6.2140002E-006
2.89325	6.4530000E-006
2.89475	5.9750000E-006
2.89625	4.5410002E-006
2.89775	3.5850001E-006
2.89925	4.5410002E-006
2.90075	5.0189997E-006
2.90225	5.0190001E-006
2.90375	4.7799999E-006
2.90525	5.2580003E-006
2.90675	5.7359998E-006
2.90825	4.7799999E-006
2.90975	4.5410002E-006
2.91125	3.3460001E-006
2.91275	3.1070001E-006
2.91425	3.1070001E-006
2.91575	2.8679999E-006
2.91725	2.8679999E-006
2.91875	3.1070001E-006
2.92025	4.0629998E-006
2.92175	4.5409997E-006
2.92325	4.3020004E-006
2.92475	3.8240000E-006
2.92625	4.0630002E-006
2.92775	4.0630002E-006
2.92925	4.3020000E-006
2.93075	4.5410002E-006
2.93225	5.0189997E-006
2.93375	5.4970001E-006
2.93525	6.6920002E-006
2.93675	6.9309995E-006
2.93825	7.1700001E-006
2.93975	7.4090003E-006
2.94125	7.4090003E-006
2.94275	7.6480001E-006
2.94425	6.6920002E-006
2.94575	6.4530000E-006
2.94725	6.2140002E-006
2.94875	5.2579999E-006
2.95025	4.5410002E-006
2.95175	3.8240000E-006
2.95325	4.0629998E-006
2.95475	4.0630002E-006
2.95625	3.3460001E-006
2.95775	3.8240000E-006
2.95925	4.3020000E-006
2.96075	4.3020000E-006
2.96225	3.8240000E-006
2.96375	4.7799999E-006
2.96525	5.0190001E-006
2.96675	6.6920002E-006
2.96825	6.6920002E-006
2.96975	7.4090003E-006
2.97125	9.7990005E-006
2.97275	1.0037999E-005
2.97425	1.0277000E-005
2.97575	9.0820004E-006
2.97725	9.7990005E-006
2.97875	9.5599999E-006
2.98025	8.6040000E-006
2.98175	7.6480001E-006
2.98325	7.6480001E-006
2.98475	6.9310004E-006
2.98625	5.9750000E-006
2.98775	5.7359998E-006
2.98925	4.7799999E-006
2.99075	4.5409997E-006
2.99225	4.0630002E-006
2.99375	4.0630002E-006
2.99525	3.5850001E-006
2.99675	3.5850001E-006
2.99825	3.8240000E-006
2.99975	3.5850001E-006
3.00125	3.5850001E-006
3.00275	4.0629998E-006
3.00425	4.3020000E-006
3.00575	5.4970005E-006
3.00725	5.0189997E-006
3.00875	5.4970005E-006
3.01025	5.2579999E-006
3.01175	5.9750000E-006
3.01325	6.6920006E-006
3.01475	6.6920002E-006
3.01625	7.4089999E-006
3.01775	7.4090003E-006
3.01925	7.6480001E-006
3.02075	6.9310004E-006
3.02225	6.9310004E-006
3.02375	6.2140002E-006
3.02525	5.7359998E-006
3.02675	5.4970001E-006
3.02825	6.2140002E-006
3.02975	5.7359998E-006
3.03125	5.4970001E-006
3.03275	4.7799999E-006
3.03425	4.5409997E-006
3.03575	4.3020004E-006
3.03725	3.5850001E-006
3.03875	4.5410002E-006
3.04025	5.4970001E-006
3.04175	5.9750000E-006
3.04325	5.9750000E-006
3.04475	6.9309995E-006
3.04625	6.9310004E-006
3.04775	6.2140002E-006
3.04925	5.0190006E-006
3.05075	5.7359998E-006
3.05225	6.9310004E-006
3.05375	6.4530000E-006
3.05525	7.1700001E-006
3.05675	8.3649993E-006
3.05825	1.0755000E-005
3.05975	1.0994000E-005
3.06125	1.0754999E-005
3.06275	1.0755000E-005
3.06425	1.1711000E-005
3.06575	1.0038000E-005
3.06725	8.3650002E-006
3.06875	8.1260005E-006
3.07025	6.9310004E-006
3.07175	6.9310004E-006
3.07325	5.2579999E-006
3.07475	6.2140002E-006
3.07625	5.2579999E-006
3.07775	5.0190001E-006
3.07925	5.0190001E-006
3.08075	4.3020004E-006
3.08225	4.3020004E-006
3.08375	5.0189997E-006
3.08525	5.7359998E-006
3.08675	6.6920002E-006
3.08825	7.6480001E-006
3.08975	9.0819995E-006
3.09125	1.0037999E-005
3.09275	9.7990005E-006
3.09425	1.2189000E-005
3.09575	1.2428000E-005
3.09725	1.3384001E-005
3.09875	1.3145001E-005
3.10025	1.3384000E-005
3.10175	1.4101001E-005
3.10325	1.1472000E-005
3.10475	1.0755000E-005
3.10625	1.0277000E-005
3.10775	1.0276999E-005
3.10925	9.3210001E-006
3.11075	8.3650002E-006
3.11225	8.6040000E-006
3.11375	7.8870007E-006
3.11525	8.1259996E-006
3.11675	7.1699997E-006
3.11825	6.4530000E-006
3.11975	6.9310004E-006
3.12125	8.3650002E-006
3.12275	8.8429997E-006
3.12425	8.1260005E-006
3.12575	8.6040009E-006
3.12725	1.0994000E-005
3.12875	1.0755000E-005
3.13025	9.7989987E-006
3.13175	9.7990005E-006
3.13325	1.1472000E-005
3.13475	1.2428000E-005
3.13625	1.3623000E-005
3.13775	1.6969001E-005
3.13925	1.8164001E-005
3.14075	1.9598001E-005
3.14225	2.0076002E-005
3.14375	2.1510001E-005
3.14525	2.0076001E-005
3.14675	1.7208002E-005
3.14825	1.6013000E-005
3.14975	1.4579000E-005
3.15125	1.2666999E-005
3.15275	1.1233001E-005
3.15425	1.0754999E-005
3.15575	1.0994000E-005
3.15725	1.0516000E-005
3.15875	1.1711000E-005
3.16025	1.1233001E-005
3.16175	1.1711000E-005
3.16325	1.2428000E-005
3.16475	1.4101000E-005
3.16625	1.6013000E-005
3.16775	1.7208000E-005
3.16925	2.0314999E-005
3.17075	2.3421999E-005
3.17225	2.4617000E-005
3.17375	2.6529000E-005
3.17525	3.1787000E-005
3.17675	3.4893998E-005
3.17825	4.0152001E-005
3.17975	4.1824998E-005
3.18125	4.3737000E-005
3.18275	4.2781001E-005
3.18425	4.5171004E-005
3.18575	4.7561000E-005
3.18725	4.3976004E-005
3.18875	4.3020002E-005
3.19025	4.1108000E-005
3.19175	4.0391002E-005
3.19325	3.2982000E-005
3.19475	2.7007000E-005
3.19625	2.5812000E-005
3.19775	2.5333999E-005
3.19925	2.5334002E-005
3.20075	2.7007000E-005
3.20225	2.9396999E-005
3.20375	3.3460001E-005
3.20525	3.7284000E-005
3.20675	4.1824998E-005
3.20825	5.1624000E-005
3.20975	6.0944996E-005
3.21125	7.3372998E-005
3.21275	8.8669003E-005
3.21425	1.0539900E-004
3.21575	1.2619200E-004
3.21725	1.4722400E-004
3.21875	1.7040700E-004
3.22025	1.9502400E-004
3.22175	2.1175400E-004
3.22325	2.4186798E-004
3.22475	2.7389399E-004
3.22625	2.9516499E-004
3.22775	3.1763103E-004
3.22925	3.4344301E-004
3.23075	3.7905399E-004
3.23225	3.8765799E-004
3.23375	3.9315503E-004
3.23525	4.1323106E-004
3.23675	4.2781001E-004
3.23825	4.3593603E-004
3.23975	4.3665300E-004
3.24125	4.4477903E-004
3.24275	4.4525697E-004
3.24425	4.3880401E-004
3.24575	4.1992299E-004
3.24725	4.0414903E-004
3.24875	3.8622401E-004
3.25025	3.6949400E-004
3.25175	3.5897802E-004
3.25325	3.3340498E-004
3.25475	3.2432299E-004
3.25625	3.0161801E-004
3.25775	2.7508903E-004
3.25925	2.5095002E-004
3.26075	2.1725101E-004
3.26225	1.9789200E-004
3.26375	1.6658301E-004
3.26525	1.4674601E-004
3.26675	1.2786500E-004
3.26825	1.0826700E-004
3.26975	9.3687995E-005
3.27125	7.5762997E-005
3.27275	6.8114998E-005
3.27425	5.7360001E-005
3.27575	4.9234004E-005
3.27725	4.0390998E-005
3.27875	3.2982000E-005
3.28025	2.9397002E-005
3.28175	2.2943999E-005
3.28325	1.6968999E-005
3.28475	1.4818000E-005
3.28625	1.3384000E-005
3.28775	1.0754999E-005
3.28925	8.8429997E-006
3.29075	7.6480001E-006
3.29225	8.6040000E-006
3.29375	7.4089999E-006
3.29525	7.6480001E-006
3.29675	9.7989996E-006
3.29825	1.0037999E-005
3.29975	1.2189000E-005
3.30125	1.1710999E-005
3.30275	1.2906000E-005
3.30425	1.3145001E-005
3.30575	1.0994000E-005
3.30725	1.1232999E-005
3.30875	8.3650002E-006
3.31025	6.4530000E-006
3.31175	5.2580003E-006
3.31325	3.8240000E-006
3.31475	4.5410002E-006
3.31625	3.1070001E-006
3.31775	3.1070001E-006
3.31925	3.8240000E-006
3.32075	3.3460001E-006
3.32225	3.5850001E-006
3.32375	3.1070001E-006
3.32525	4.0629998E-006
3.32675	4.5409997E-006
3.32825	4.3020004E-006
3.32975	4.7799999E-006
3.33125	4.5410002E-006
3.33275	5.0189997E-006
3.33425	5.2579999E-006
3.33575	5.0190001E-006
3.33725	4.7799999E-006
3.33875	4.0630002E-006
3.34025	3.8240000E-006
3.34175	3.5850001E-006
3.34325	2.3900000E-006
3.34475	2.3900000E-006
3.34625	2.3900000E-006
3.34775	2.6289999E-006
3.34925	2.8679999E-006
3.35075	2.6289999E-006
3.35225	2.6289999E-006
3.35375	2.8679999E-006
3.35525	3.1070001E-006
3.35675	3.1070001E-006
3.35825	4.0629998E-006
3.35975	3.8240000E-006
3.36125	3.8240000E-006
3.36275	3.8240000E-006
3.36425	3.5850001E-006
3.36575	3.8240000E-006
3.36725	3.1070001E-006
3.36875	3.8240000E-006
3.37025	4.0629998E-006
3.37175	4.3020000E-006
3.37325	4.3020000E-006
3.37475	4.0630002E-006
3.37625	3.8240000E-006
3.37775	3.1070001E-006
3.37925	2.8679999E-006
3.38075	2.3900000E-006
3.38225	2.1510000E-006
3.38375	1.9120000E-006
3.38525	1.6730000E-006
3.38675	2.1510000E-006
3.38825	2.3900000E-006
3.38975	2.1510000E-006
3.39125	2.6289999E-006
3.39275	2.6289999E-006
3.39425	2.6289999E-006
3.39575	2.1510002E-006
3.39725	1.9120000E-006
3.39875	1.9120000E-006
3.40025	1.4340000E-006
3.40175	1.4340000E-006
3.40325	1.6729999E-006
3.40475	1.6730000E-006
3.40625	1.6730000E-006
3.40775	1.6730000E-006
3.40925	1.9120000E-006
3.41075	1.9120000E-006
3.41225	1.6730000E-006
3.41375	1.6730000E-006
3.41525	1.6730000E-006
3.41675	1.6730000E-006
3.41825	1.4340000E-006
3.41975	1.4340000E-006
3.42125	1.4340000E-006
3.42275	1.4340000E-006
3.42425	2.1509998E-006
3.42575	2.1510000E-006
3.42725	2.1510002E-006
3.42875	2.1510002E-006
3.43025	2.3900000E-006
3.43175	2.6289999E-006
3.43325	1.9120000E-006
3.43475	1.9120000E-006
3.43625	2.3900000E-006
3.43775	2.6289999E-006
3.43925	2.6289999E-006
3.44075	2.6289999E-006
3.44225	2.6289999E-006
3.44375	3.1070001E-006
3.44525	2.6289999E-006
3.44675	2.6289999E-006
3.44825	2.3900000E-006
3.44975	2.1510000E-006
3.45125	2.1510002E-006
3.45275	1.6730000E-006
3.45425	1.6730000E-006
3.45575	1.4340000E-006
3.45725	1.4340000E-006
3.45875	1.4340000E-006
3.46025	1.4340000E-006
3.46175	1.6729999E-006
3.46325	1.6730000E-006
3.46475	1.6730000E-006
3.46625	2.1510000E-006
3.46775	2.1510000E-006
3.46925	2.1510002E-006
3.47075	1.9120000E-006
3.47225	1.9120000E-006
3.47375	1.9120000E-006
3.47525	1.6729999E-006
3.47675	2.1510000E-006
3.47825	2.1510000E-006
3.47975	2.1510002E-006
3.48125	2.1510002E-006
3.48275	2.1510002E-006
3.48425	1.9120000E-006
3.48575	1.6729999E-006
3.48725	1.6730000E-006
3.48875	1.6730000E-006
3.49025	1.6730000E-006
3.49175	2.3900000E-006
3.49325	2.3900000E-006
3.49475	2.1510002E-006
3.49625	2.1510002E-006
3.49775	2.1510002E-006
3.49925	2.3900000E-006
3.50075	1.6730000E-006
3.50225	1.6730000E-006
3.50375	1.6730000E-006
3.50525	1.6730000E-006
3.50675	1.6730000E-006
3.50825	1.4340000E-006
3.50975	1.4340000E-006
3.51125	1.4340000E-006
3.51275	1.4340000E-006
3.51425	1.4340000E-006
3.51575	1.6729999E-006
3.51725	1.9120000E-006
3.51875	1.9120000E-006
3.52025	1.9120000E-006
3.52175	2.1510000E-006
3.52325	2.1510000E-006
3.52475	2.1510000E-006
3.52625	1.9120000E-006
3.52775	1.9120000E-006
3.52925	1.9120000E-006
3.53075	1.9120000E-006
3.53225	1.9120000E-006
3.53375	1.6730000E-006
3.53525	1.6730000E-006
3.53675	1.6730000E-006
3.53825	1.6730000E-006
3.53975	1.6729999E-006
3.54125	1.9120000E-006
3.54275	1.9120000E-006
3.54425	1.9120000E-006
3.54575	1.9120000E-006
3.54725	1.9120000E-006
3.54875	1.6730000E-006
3.55025	1.4340000E-006
3.55175	1.4340000E-006
3.55325	1.4340000E-006
3.55475	1.4340000E-006
3.55625	1.4340000E-006
3.55775	1.4340000E-006
3.55925	1.9120000E-006
3.56075	1.9120000E-006
3.56225	1.9120000E-006
3.56375	1.9120000E-006
3.56525	1.9120000E-006
3.56675	1.9120000E-006
3.56825	1.4340000E-006
3.56975	1.4340000E-006
3.57125	1.4340000E-006
3.57275	1.4340000E-006
3.57425	1.4340000E-006
3.57575	1.4340000E-006
3.57725	1.6729999E-006
3.57875	1.6730000E-006
3.58025	1.6730000E-006
3.58175	1.6730000E-006
3.58325	1.6730000E-006
3.58475	1.6730000E-006
3.58625	1.4340000E-006
3.58775	1.4340000E-006
3.58925	1.4340000E-006
3.59075	1.4340000E-006
3.59225	1.4340000E-006
3.59375	1.4340000E-006
3.59525	1.4340000E-006
3.59675	1.4340000E-006
3.59825	1.4340000E-006
3.59975	1.4340000E-006
3.60125	1.4340000E-006
3.60275	1.4340000E-006
3.60425	1.4340000E-006
3.60575	1.4340000E-006
3.60725	1.4340000E-006
3.60875	1.6729999E-006
3.61025	1.6730000E-006
3.61175	1.6730000E-006
3.61325	1.6730000E-006
3.61475	2.1510000E-006
3.61625	2.6289999E-006
3.61775	2.3900000E-006
3.61925	2.6289999E-006
3.62075	2.6289999E-006
3.62225	2.6289999E-006
3.62375	2.1510002E-006
3.62525	1.6730000E-006
3.62675	1.9120000E-006
3.62825	1.9120000E-006
3.62975	2.1509998E-006
3.63125	2.1510000E-006
3.63275	2.1510000E-006
3.63425	2.1510002E-006
3.63575	1.9120000E-006
3.63725	1.6730000E-006
3.63875	1.4340000E-006
3.64025	1.6729999E-006
3.64175	1.9120000E-006
3.64325	1.9120000E-006
3.64475	1.9120000E-006
3.64625	1.9120000E-006
3.64775	1.9120000E-006
3.64925	1.9120000E-006
3.65075	1.9120000E-006
3.65225	1.9120000E-006
3.65375	2.1510000E-006
3.65525	2.1510000E-006
3.65675	2.1510000E-006
3.65825	1.9120000E-006
3.65975	1.6730000E-006
3.66125	2.1510000E-006
3.66275	2.1510000E-006
3.66425	2.1510000E-006
3.66575	2.1510000E-006
3.66725	2.1510002E-006
3.66875	2.1510002E-006
3.67025	1.6730000E-006
3.67175	1.4340000E-006
3.67325	1.4340000E-006
3.67475	1.4340000E-006
3.67625	1.4340000E-006
3.67775	1.4340000E-006
3.67925	1.6729999E-006
3.68075	1.6730000E-006
3.68225	1.6730000E-006
3.68375	1.6730000E-006
3.68525	2.1510000E-006
3.68675	2.1510000E-006
3.68825	1.9120000E-006
3.68975	1.9120000E-006
3.69125	1.9120000E-006
3.69275	1.9120000E-006
3.69425	1.6729999E-006
3.69575	1.6730000E-006
3.69725	1.6730000E-006
3.69875	1.6730000E-006
3.70025	1.6730000E-006
3.70175	1.6730000E-006
3.70325	1.9120000E-006
3.70475	1.9120000E-006
3.70625	1.9120000E-006
3.70775	1.9120000E-006
3.70925	1.9120000E-006
3.71075	1.9120000E-006
3.71225	1.4340000E-006
3.71375	1.4340000E-006
3.71525	1.4340000E-006
3.71675	1.4340000E-006
3.71825	1.4340000E-006
3.71975	1.4340000E-006
3.72125	1.4340000E-006
3.72275	1.4340000E-006
3.72425	1.6729999E-006
3.72575	1.6730000E-006
3.72725	1.6730000E-006
3.72875	1.6730000E-006
3.73025	1.6730000E-006
3.73175	1.6730000E-006
3.73325	1.4340000E-006
3.73475	1.4340000E-006
3.73625	1.4340000E-006
3.73775	1.4340000E-006
3.73925	1.4340000E-006
3.74075	1.4340000E-006
3.74225	1.4340000E-006
3.74375	1.4340000E-006
3.74525	1.4340000E-006
3.74675	1.6729999E-006
3.74825	1.6730000E-006
3.74975	1.6730000E-006
3.75125	1.6730000E-006
3.75275	1.6730000E-006
3.75425	1.6730000E-006
3.75575	1.4340000E-006
3.75725	1.6729999E-006
3.75875	1.6730000E-006
3.76025	1.6730000E-006
3.76175	1.6730000E-006
3.76325	1.6730000E-006
3.76475	1.6730000E-006
3.76625	1.4340000E-006
3.76775	1.4340000E-006
3.76925	1.4340000E-006
3.77075	1.4340000E-006
3.77225	1.4340000E-006
3.77375	1.6729999E-006
3.77525	1.6730000E-006
3.77675	1.6730000E-006
3.77825	1.6730000E-006
3.77975	1.6730000E-006
3.78125	1.6730000E-006
3.78275	1.6729999E-006
3.78425	2.1510000E-006
3.78575	2.3900000E-006
3.78725	2.6289999E-006
3.78875	2.6289999E-006
3.79025	2.6289999E-006
3.79175	3.1070001E-006
3.79325	2.6289999E-006
3.79475	2.3900000E-006
3.79625	2.1510002E-006
3.79775	2.1510002E-006
3.79925	2.1510002E-006
3.80075	1.4340000E-006
3.80225	1.4340000E-006
3.80375	1.4340000E-006
3.80525	1.4340000E-006
3.80675	1.4340000E-006
3.80825	1.4340000E-006
3.80975	1.4340000E-006
3.81125	1.4340000E-006
3.81275	1.4340000E-006
3.81425	1.4340000E-006
3.81575	1.6729999E-006
3.81725	1.6730000E-006
3.81875	1.6730000E-006
3.82025	1.6730000E-006
3.82175	1.6730000E-006
3.82325	1.6730000E-006
3.82475	1.4340000E-006
3.82625	1.4340000E-006
3.82775	1.4340000E-006
3.82925	1.4340000E-006
3.83075	1.4340000E-006
3.83225	1.6729999E-006
3.83375	2.1510000E-006
3.83525	2.1510000E-006
3.83675	2.1510002E-006
3.83825	2.1510002E-006
3.83975	2.1510002E-006
3.84125	2.3900000E-006
3.84275	1.9120000E-006
3.84425	1.9120000E-006
3.84575	1.9120000E-006
3.84725	1.9120000E-006
3.84875	1.9120000E-006
3.85025	1.9120000E-006
3.85175	2.1510000E-006
3.85325	2.1510000E-006
3.85475	2.1510000E-006
3.85625	2.1510002E-006
3.85775	2.3900000E-006
3.85925	1.9120000E-006
3.86075	1.6730000E-006
3.86225	1.9120000E-006
3.86375	2.1509998E-006
3.86525	2.1510000E-006
3.86675	2.1510000E-006
3.86825	2.1510000E-006
3.86975	2.1510000E-006
3.87125	1.9120000E-006
3.87275	1.6730000E-006
3.87425	1.6730000E-006
3.87575	1.9120000E-006
3.87725	2.1510000E-006
3.87875	2.1510000E-006
3.88025	2.1510000E-006
3.88175	2.1510002E-006
3.88325	2.3900000E-006
3.88475	1.9120000E-006
3.88625	1.6730000E-006
3.88775	1.6730000E-006
3.88925	1.6730000E-006
3.89075	2.1510000E-006
3.89225	1.9120000E-006
3.89375	1.9120000E-006
3.89525	1.9120000E-006
3.89675	1.9120000E-006
3.89825	2.6289999E-006
3.89975	2.6289999E-006
3.90125	2.6289999E-006
3.90275	2.6289999E-006
3.90425	2.8679999E-006
3.90575	2.8680004E-006
3.90725	2.1510000E-006
3.90875	1.6730000E-006
3.91025	1.6730000E-006
3.91175	1.9120000E-006
3.91325	1.6730000E-006
3.91475	1.6730000E-006
3.91625	1.6730000E-006
3.91775	1.6730000E-006
3.91925	2.6289999E-006
3.92075	2.3900000E-006
3.92225	2.3900002E-006
3.92375	2.3900002E-006
3.92525	2.3900002E-006
3.92675	2.6290002E-006
3.92825	1.6730000E-006
3.92975	2.3900000E-006
3.93125	2.3900000E-006
3.93275	2.6289999E-006
3.93425	3.3460001E-006
3.93575	3.3460001E-006
3.93725	3.5850001E-006
3.93875	3.5849998E-006
3.94025	3.8240000E-006
3.94175	3.5850001E-006
3.94325	2.8679999E-006
3.94475	2.6289999E-006
3.94625	2.6290002E-006
3.94775	1.9120000E-006
3.94925	1.9120000E-006
3.95075	1.9120000E-006
3.95225	2.8679999E-006
3.95375	2.8679999E-006
3.95525	2.8679999E-006
3.95675	2.8680004E-006
3.95825	2.8679999E-006
3.95975	3.1070001E-006
3.96125	3.3460001E-006
3.96275	3.3460001E-006
3.96425	3.1070001E-006
3.96575	3.3460001E-006
3.96725	3.3460001E-006
3.96875	3.8240000E-006
3.97025	2.6289999E-006
3.97175	2.8679999E-006
3.97325	2.8679999E-006
3.97475	3.1070001E-006
3.97625	3.8240000E-006
3.97775	3.8240000E-006
3.97925	4.3019995E-006
3.98075	4.7799999E-006
3.98225	5.2579999E-006
3.98375	5.9749996E-006
3.98525	6.4530000E-006
3.98675	6.9310008E-006
3.98825	7.6480001E-006
3.98975	8.3650002E-006
3.99125	9.5599999E-006
3.99275	9.0820004E-006
3.99425	8.1260005E-006
3.99575	7.4090003E-006
3.99725	6.9310004E-006
3.99875	5.4970005E-006
4.00025	4.7799999E-006
4.00175	4.0629998E-006
4.00325	3.8240000E-006
4.00475	3.3460001E-006
4.00625	2.8679999E-006
4.00775	3.8240000E-006
4.00925	4.3020000E-006
4.01075	4.5410002E-006
4.01225	5.7359998E-006
4.01375	6.6920006E-006
4.01525	8.8429997E-006
4.01675	1.1233001E-005
4.01825	1.3384000E-005
4.01975	1.5535001E-005
4.02125	1.6012998E-005
4.02275	1.8880999E-005
4.02425	2.0554000E-005
4.02575	2.3421999E-005
4.02725	2.4139001E-005
4.02875	2.9636001E-005
4.03025	3.7762002E-005
4.03175	4.1824998E-005
4.03325	4.5648998E-005
4.03475	4.7561000E-005
4.03625	5.0429004E-005
4.03775	5.3058000E-005
4.03925	5.1145998E-005
4.04075	5.2101997E-005
4.04225	5.2818999E-005
4.04375	5.4014003E-005
4.04525	5.5209002E-005
4.04675	5.5925997E-005
4.04825	6.2378997E-005
4.04975	6.4291002E-005
4.05125	6.8114998E-005
4.05275	6.6203000E-005
4.05425	6.9549002E-005
4.05575	6.4529995E-005
4.05725	5.7359997E-005
4.05875	5.4492000E-005
4.06025	4.9712002E-005
4.06175	5.0428996E-005
4.06325	4.3737000E-005
4.06475	4.2303000E-005
4.06625	3.8717997E-005
4.06775	3.6089001E-005
4.06925	3.1308999E-005
4.07075	2.7485001E-005
4.07225	2.5095002E-005
4.07375	2.2704999E-005
4.07525	2.0314999E-005
4.07675	1.6491000E-005
4.07825	1.5534999E-005
4.07975	1.1950000E-005
4.08125	9.5599999E-006
4.08275	8.3650002E-006
4.08425	7.4090003E-006
4.08575	6.2140002E-006
4.08725	4.7800004E-006
4.08875	5.0190001E-006
4.09025	5.0190001E-006
4.09175	3.8240000E-006
4.09325	3.3460001E-006
4.09475	3.1070001E-006
4.09625	2.6290002E-006
4.09775	1.9120000E-006
4.09925	1.9120000E-006
4.10075	1.9120000E-006
4.10225	1.9120000E-006
4.10375	2.6289999E-006
4.10525	2.8679999E-006
4.10675	3.1070001E-006
4.10825	2.8679999E-006
4.10975	3.1070001E-006
4.11125	3.1070001E-006
4.11275	2.3900000E-006
4.11425	2.1510002E-006
4.11575	1.6730000E-006
4.11725	1.6730000E-006
4.11875	1.4340000E-006
4.12025	1.4340000E-006
4.12175	1.4340000E-006
4.12325	1.4340000E-006
4.12475	1.4340000E-006
4.12625	1.4340000E-006
4.12775	1.6729999E-006
4.12925	1.6730000E-006
4.13075	1.6730000E-006
4.13225	1.6730000E-006
4.13375	1.6730000E-006
4.13525	1.6730000E-006
4.13675	1.4340000E-006
4.13825	1.4340000E-006
4.13975	1.4340000E-006
4.14125	1.4340000E-006
4.14275	1.4340000E-006
4.14425	1.4340000E-006
4.14575	1.4340000E-006
4.14725	1.6729999E-006
4.14875	1.9120000E-006
4.15025	1.9120000E-006
4.15175	1.9120000E-006
4.15325	1.9120000E-006
4.15475	2.1510000E-006
4.15625	1.9120000E-006
4.15775	1.9120000E-006
4.15925	1.9120000E-006
4.16075	1.9120000E-006
4.16225	1.9120000E-006
4.16375	1.9120000E-006
4.16525	1.9120000E-006
4.16675	1.6730000E-006
4.16825	1.6730000E-006
4.16975	1.6730000E-006
4.17125	1.6730000E-006
4.17275	1.4340000E-006
4.17425	1.4340000E-006
4.17575	1.4340000E-006
4.17725	1.4340000E-006
4.17875	1.4340000E-006
4.18025	1.4340000E-006
4.18175	1.4340000E-006
4.18325	1.4340000E-006
4.18475	1.4340000E-006
4.18625	1.4340000E-006
4.18775	1.4340000E-006
4.18925	1.4340000E-006
4.19075	1.4340000E-006
4.19225	1.4340000E-006
4.19375	1.4340000E-006
4.19525	1.4340000E-006
4.19675	1.4340000E-006
4.19825	1.4340000E-006
4.19975	1.4340000E-006
4.20125	1.4340000E-006
4.20275	1.4340000E-006
4.20425	1.4340000E-006
4.20575	1.4340000E-006
4.20725	1.6729999E-006
4.20875	1.6730000E-006
4.21025	1.6730000E-006
4.21175	1.6730000E-006
4.21325	1.6730000E-006
4.21475	1.6730000E-006
4.21625	1.4340000E-006
4.21775	1.4340000E-006
4.21925	1.4340000E-006
4.22075	1.4340000E-006
4.22225	1.4340000E-006
4.22375	1.4340000E-006
4.22525	1.4340000E-006
4.22675	1.4340000E-006
4.22825	1.4340000E-006
4.22975	1.4340000E-006
4.23125	1.4340000E-006
4.23275	1.4340000E-006
4.23425	1.4340000E-006
4.23575	1.4340000E-006
4.23725	1.4340000E-006
4.23875	1.4340000E-006
4.24025	1.4340000E-006
4.24175	1.4340000E-006
4.24325	1.6729999E-006
4.24475	1.6730000E-006
4.24625	1.6730000E-006
4.24775	1.6730000E-006
4.24925	1.9120000E-006
4.25075	1.9120000E-006
4.25225	1.6730000E-006
4.25375	1.6730000E-006
4.25525	1.6730000E-006
4.25675	1.6730000E-006
4.25825	1.4340000E-006
4.25975	1.4340000E-006
4.26125	1.4340000E-006
4.26275	1.4340000E-006
4.26425	1.4340000E-006
4.26575	1.4340000E-006
4.26725	1.4340000E-006
4.26875	1.4340000E-006
4.27025	1.4340000E-006
4.27175	1.4340000E-006
4.27325	1.4340000E-006
4.27475	1.6729999E-006
4.27625	1.6730000E-006
4.27775	1.6730000E-006
4.27925	1.6730000E-006
4.28075	1.6730000E-006
4.28225	1.6730000E-006
4.28375	1.4340000E-006
4.28525	1.4340000E-006
4.28675	1.6729999E-006
4.28825	1.6730000E-006
4.28975	1.6730000E-006
4.29125	1.6730000E-006
4.29275	1.6730000E-006
4.29425	1.6730000E-006
4.29575	1.4340000E-006
4.29725	1.4340000E-006
4.29875	1.4340000E-006
4.30025	1.4340000E-006
4.30175	1.4340000E-006
4.30325	1.4340000E-006
4.30475	1.4340000E-006
4.30625	1.4340000E-006
4.30775	1.4340000E-006
4.30925	1.9120000E-006
4.31075	1.9120000E-006
4.31225	1.9120000E-006
4.31375	1.9120000E-006
4.31525	1.9120000E-006
4.31675	1.9120000E-006
4.31825	1.4340000E-006
4.31975	1.4340000E-006
4.32125	1.4340000E-006
4.32275	1.4340000E-006
4.32425	1.4340000E-006
4.32575	1.4340000E-006
4.32725	1.6729999E-006
4.32875	1.6730000E-006
4.33025	1.6730000E-006
4.33175	2.1510000E-006
4.33325	2.1510000E-006
4.33475	2.1510002E-006
4.33625	1.9120000E-006
4.33775	2.1510000E-006
4.33925	2.3900000E-006
4.34075	1.9120000E-006
4.34225	1.9120000E-006
4.34375	1.9120000E-006
4.34525	2.1510000E-006
4.34675	1.9120000E-006
4.34825	1.6730000E-006
4.34975	1.6730000E-006
4.35125	1.6730000E-006
4.35275	1.6730000E-006
4.35425	1.4340000E-006
4.35575	1.4340000E-006
4.35725	1.4340000E-006
4.35875	1.4340000E-006
4.36025	1.4340000E-006
4.36175	1.4340000E-006
4.36325	1.6729999E-006
4.36475	1.6730000E-006
4.36625	1.6730000E-006
4.36775	1.6730000E-006
4.36925	1.6730000E-006
4.37075	1.6730000E-006
4.37225	1.4340000E-006
4.37375	1.4340000E-006
4.37525	1.4340000E-006
4.37675	1.4340000E-006
4.37825	1.4340000E-006
4.37975	1.4340000E-006
4.38125	1.4340000E-006
4.38275	1.4340000E-006
4.38425	1.4340000E-006
4.38575	1.4340000E-006
4.38725	1.6729999E-006
4.38875	1.6730000E-006
4.39025	1.6730000E-006
4.39175	1.6730000E-006
4.39325	1.6730000E-006
4.39475	1.6730000E-006
4.39625	1.4340000E-006
4.39775	1.4340000E-006
4.39925	1.9120000E-006
4.40075	1.9120000E-006
4.40225	1.9120000E-006
4.40375	1.9120000E-006
4.40525	2.1510000E-006
4.40675	2.1510000E-006
4.40825	1.6730000E-006
4.40975	1.6730000E-006
4.41125	1.6730000E-006
4.41275	1.6730000E-006
4.41425	1.4340000E-006
4.41575	1.4340000E-006
4.41725	1.6729999E-006
4.41875	1.6730000E-006
4.42025	1.6730000E-006
4.42175	1.6730000E-006
4.42325	1.6730000E-006
4.42475	1.6730000E-006
4.42625	1.4340000E-006
4.42775	1.4340000E-006
4.42925	1.4340000E-006
4.43075	1.4340000E-006
4.43225	1.4340000E-006
4.43375	1.4340000E-006
4.43525	1.4340000E-006
4.43675	1.4340000E-006
4.43825	1.4340000E-006
4.43975	1.4340000E-006
4.44125	1.4340000E-006
4.44275	1.4340000E-006
4.44425	1.4340000E-006
4.44575	1.4340000E-006
4.44725	1.4340000E-006
4.44875	1.4340000E-006
4.45025	1.4340000E-006
4.45175	1.4340000E-006
4.45325	1.4340000E-006
4.45475	1.4340000E-006
4.45625	1.4340000E-006
4.45775	1.4340000E-006
4.45925	1.6729999E-006
4.46075	2.1510000E-006
4.46225	2.1510000E-006
4.46375	2.1510002E-006
4.46525	2.1510002E-006
4.46675	2.1510002E-006
4.46825	1.9120000E-006
4.46975	1.6729999E-006
4.47125	1.9120000E-006
4.47275	1.9120000E-006
4.47425	1.9120000E-006
4.47575	1.9120000E-006
4.47725	1.9120000E-006
4.47875	1.6730000E-006
4.48025	1.4340000E-006
4.48175	1.4340000E-006
4.48325	1.4340000E-006
4.48475	1.4340000E-006
4.48625	1.4340000E-006
4.48775	1.6729999E-006
4.48925	1.6730000E-006
4.49075	1.6730000E-006
4.49225	1.6730000E-006
4.49375	1.9120000E-006
4.49525	1.9120000E-006
4.49675	1.6730000E-006
4.49825	1.6730000E-006
4.49975	1.6730000E-006
4.50125	1.6730000E-006
4.50275	1.4340000E-006
4.50425	1.4340000E-006
4.50575	1.4340000E-006
4.50725	1.4340000E-006
4.50875	1.4340000E-006
4.51025	1.4340000E-006
4.51175	1.4340000E-006
4.51325	1.4340000E-006
4.51475	1.4340000E-006
4.51625	1.4340000E-006
4.51775	1.4340000E-006
4.51925	1.4340000E-006
4.52075	1.4340000E-006
4.52225	1.4340000E-006
4.52375	1.4340000E-006
4.52525	1.4340000E-006
4.52675	1.4340000E-006
4.52825	1.4340000E-006
4.52975	1.4340000E-006
4.53125	1.4340000E-006
4.53275	1.4340000E-006
4.53425	1.4340000E-006
4.53575	1.4340000E-006
4.53725	1.4340000E-006
4.53875	1.4340000E-006
4.54025	1.4340000E-006
4.54175	1.4340000E-006
4.54325	1.4340000E-006
4.54475	1.4340000E-006
4.54625	1.4340000E-006
4.54775	1.4340000E-006
4.54925	1.4340000E-006
4.55075	1.4340000E-006
4.55225	1.4340000E-006
4.55375	1.4340000E-006
4.55525	1.4340000E-006
4.55675	1.4340000E-006
4.55825	1.4340000E-006
4.55975	1.4340000E-006
4.56125	1.4340000E-006
4.56275	1.4340000E-006
4.56425	1.4340000E-006
4.56575	1.4340000E-006
4.56725	1.4340000E-006
4.56875	1.4340000E-006
4.57025	1.4340000E-006
4.57175	1.4340000E-006
4.57325	1.6729999E-006
4.57475	1.6730000E-006
4.57625	1.6730000E-006
4.57775	1.9120000E-006
4.57925	1.9120000E-006
4.58075	1.9120000E-006
4.58225	1.6730000E-006
4.58375	1.6730000E-006
4.58525	1.6730000E-006
4.58675	1.4340000E-006
4.58825	1.4340000E-006
4.58975	1.6729999E-006
4.59125	1.6730000E-006
4.59275	1.6730000E-006
4.59425	1.6730000E-006
4.59575	1.6730000E-006
4.59725	1.6730000E-006
4.59875	1.4340000E-006
4.60025	1.4340000E-006
4.60175	1.4340000E-006
4.60325	1.4340000E-006
4.60475	1.4340000E-006
4.60625	1.4340000E-006
4.60775	1.6729999E-006
4.60925	1.6730000E-006
4.61075	1.6730000E-006
4.61225	1.6730000E-006
4.61375	1.6730000E-006
4.61525	1.6730000E-006
4.61675	1.4340000E-006
4.61825	1.4340000E-006
4.61975	1.4340000E-006
4.62125	1.4340000E-006
4.62275	1.6729999E-006
4.62425	1.6730000E-006
4.62575	1.6730000E-006
4.62725	1.6730000E-006
4.62875	1.6730000E-006
4.63025	1.6730000E-006
4.63175	1.4340000E-006
4.63325	1.4340000E-006
4.63475	1.4340000E-006
4.63625	1.4340000E-006
4.63775	1.4340000E-006
4.63925	1.4340000E-006
4.64075	1.6729999E-006
4.64225	1.6730000E-006
4.64375	1.6730000E-006
4.64525	1.6730000E-006
4.64675	1.6730000E-006
4.64825	1.6730000E-006
4.64975	1.4340000E-006
4.65125	1.4340000E-006
4.65275	1.4340000E-006
4.65425	1.4340000E-006
4.65575	1.4340000E-006
4.65725	1.4340000E-006
4.65875	1.4340000E-006
4.66025	1.4340000E-006
4.66175	1.4340000E-006
4.66325	1.4340000E-006
4.66475	1.4340000E-006
4.66625	1.4340000E-006
4.66775	1.4340000E-006
4.66925	1.4340000E-006
4.67075	1.4340000E-006
4.67225	1.4340000E-006
4.67375	1.4340000E-006
4.67525	1.4340000E-006
4.67675	1.4340000E-006
4.67825	1.4340000E-006
4.67975	1.4340000E-006
4.68125	1.4340000E-006
4.68275	1.4340000E-006
4.68425	1.4340000E-006
4.68575	1.4340000E-006
4.68725	1.4340000E-006
4.68875	1.4340000E-006
4.69025	1.4340000E-006
4.69175	1.4340000E-006
4.69325	1.4340000E-006
4.69475	1.6729999E-006
4.69625	1.6730000E-006
4.69775	1.6730000E-006
4.69925	1.6730000E-006
4.70075	1.6730000E-006
4.70225	1.9120000E-006
4.70375	1.6730000E-006
4.70525	2.1510000E-006
4.70675	2.3900000E-006
4.70825	2.3900000E-006
4.70975	2.3900000E-006
4.71125	2.1510002E-006
4.71275	2.1510002E-006
4.71425	1.6730000E-006
4.71575	1.6729999E-006
4.71725	1.6730000E-006
4.71875	1.6730000E-006
4.72025	1.6730000E-006
4.72175	1.6730000E-006
4.72325	1.6730000E-006
4.72475	1.4340000E-006
4.72625	1.4340000E-006
4.72775	1.4340000E-006
4.72925	1.6729999E-006
4.73075	1.9120000E-006
4.73225	1.9120000E-006
4.73375	1.9120000E-006
4.73525	1.9120000E-006
4.73675	1.9120000E-006
4.73825	1.6730000E-006
4.73975	1.4340000E-006
4.74125	1.4340000E-006
4.74275	1.6729999E-006
4.74425	1.6730000E-006
4.74575	1.6730000E-006
4.74725	1.6730000E-006
4.74875	1.6730000E-006
4.75025	1.6730000E-006
4.75175	1.4340000E-006
4.75325	1.4340000E-006
4.75475	1.4340000E-006
4.75625	1.4340000E-006
4.75775	1.4340000E-006
4.75925	1.4340000E-006
4.76075	1.4340000E-006
4.76225	1.4340000E-006
4.76375	1.4340000E-006
4.76525	1.4340000E-006
4.76675	1.4340000E-006
4.76825	1.4340000E-006
4.76975	1.4340000E-006
4.77125	1.4340000E-006
4.77275	1.4340000E-006
4.77425	1.4340000E-006
4.77575	1.4340000E-006
4.77725	1.4340000E-006
4.77875	1.6729999E-006
4.78025	1.9120000E-006
4.78175	1.9120000E-006
4.78325	1.9120000E-006
4.78475	1.9120000E-006
4.78625	1.9120000E-006
4.78775	1.6730000E-006
4.78925	1.4340000E-006
4.79075	1.4340000E-006
4.79225	1.4340000E-006
4.79375	1.4340000E-006
4.79525	1.9120000E-006
4.79675	1.9120000E-006
4.79825	1.9120000E-006
4.79975	2.3900000E-006
4.80125	2.3900000E-006
4.80275	2.6289999E-006
4.80425	2.6289999E-006
4.80575	2.6289999E-006
4.80725	2.6289999E-006
4.80875	2.1510002E-006
4.81025	2.1510002E-006
4.81175	2.6289999E-006
4.81325	2.1510000E-006
4.81475	2.1510002E-006
4.81625	2.1510002E-006
4.81775	2.6289999E-006
4.81925	2.8679999E-006
4.82075	2.1510000E-006
4.82225	2.1510000E-006
4.82375	3.1070001E-006
4.82525	3.8240000E-006
4.82675	3.8240000E-006
4.82825	4.5410002E-006
4.82975	6.2140002E-006
4.83125	7.1700001E-006
4.83275	6.4530000E-006
4.83425	6.6920002E-006
4.83575	7.4089999E-006
4.83725	7.8869998E-006
4.83875	8.1259996E-006
4.84025	9.0820004E-006
4.84175	1.0037999E-005
4.84325	1.0994000E-005
4.84475	1.1472000E-005
4.84625	1.1232999E-005
4.84775	1.0994000E-005
4.84925	1.0754999E-005
4.85075	1.1472000E-005
4.85225	1.1232999E-005
4.85375	1.1710999E-005
4.85525	1.1711000E-005
4.85675	1.1472000E-005
4.85825	1.1710999E-005
4.85975	1.1472000E-005
4.86125	1.1233001E-005
4.86275	1.0755000E-005
4.86425	1.0994000E-005
4.86575	1.1233001E-005
4.86725	9.7990005E-006
4.86875	1.0277000E-005
4.87025	9.3210001E-006
4.87175	8.1260005E-006
4.87325	7.6480001E-006
4.87475	6.4530009E-006
4.87625	7.4089999E-006
4.87775	5.9750000E-006
4.87925	5.7359998E-006
4.88075	5.2579999E-006
4.88225	4.7800004E-006
4.88375	4.3020004E-006
4.88525	3.1070001E-006
4.88675	2.3900000E-006
4.88825	2.3900000E-006
4.88975	2.3900000E-006
4.89125	2.1510000E-006
4.89275	2.1510000E-006
4.89425	1.9120000E-006
4.89575	2.3900000E-006
4.89725	2.1510000E-006
4.89875	2.1510002E-006
4.90025	2.1510000E-006
4.90175	2.1510000E-006
4.90325	2.1510000E-006
4.90475	1.6730000E-006
4.90625	1.6730000E-006
4.90775	1.6730000E-006
4.90925	1.4340000E-006
4.91075	1.4340000E-006
4.91225	1.4340000E-006
4.91375	1.4340000E-006
4.91525	1.4340000E-006
4.91675	1.4340000E-006
4.91825	1.4340000E-006
4.91975	1.4340000E-006
4.92125	1.4340000E-006
4.92275	1.4340000E-006
4.92425	1.4340000E-006
4.92575	1.4340000E-006
4.92725	1.4340000E-006
4.92875	1.4340000E-006
4.93025	1.4340000E-006
4.93175	1.4340000E-006
4.93325	1.4340000E-006
4.93475	1.4340000E-006
4.93625	1.4340000E-006
4.93775	1.4340000E-006
4.93925	1.4340000E-006
4.94075	1.4340000E-006
4.94225	1.4340000E-006
4.94375	1.4340000E-006
4.94525	1.4340000E-006
4.94675	1.4340000E-006
4.94825	1.4340000E-006
4.94975	1.4340000E-006
4.95125	1.4340000E-006
4.95275	1.4340000E-006
4.95425	1.4340000E-006
4.95575	1.4340000E-006
4.95725	1.4340000E-006
4.95875	1.4340000E-006
4.96025	1.4340000E-006
4.96175	1.4340000E-006
4.96325	1.4340000E-006
4.96475	1.4340000E-006
4.96625	1.4340000E-006
4.96775	1.4340000E-006
4.96925	1.4340000E-006
4.97075	1.4340000E-006
4.97225	1.4340000E-006
4.97375	1.4340000E-006
4.97525	1.4340000E-006
4.97675	1.4340000E-006
4.97825	1.4340000E-006
4.97975	1.4340000E-006
4.98125	1.4340000E-006
4.98275	1.6729999E-006
4.98425	1.6730000E-006
4.98575	1.6730000E-006
4.98725	1.6730000E-006
4.98875	1.6730000E-006
4.99025	1.6730000E-006
4.99175	1.4340000E-006
4.99325	1.4340000E-006
4.99475	1.4340000E-006
4.99625	1.4340000E-006
4.99775	1.4340000E-006
4.99925	1.4340000E-006
5.00075	1.4340000E-006
5.00225	1.4340000E-006
5.00375	1.4340000E-006
5.00525	1.4340000E-006
5.00675	1.4340000E-006
5.00825	1.4340000E-006
5.00975	1.4340000E-006
5.01125	1.4340000E-006
5.01275	1.4340000E-006
5.01425	1.4340000E-006
5.01575	1.6729999E-006
5.01725	1.6730000E-006
5.01875	1.6730000E-006
5.02025	1.6730000E-006
5.02175	1.9120000E-006
5.02325	1.9120000E-006
5.02475	1.6730000E-006
5.02625	1.6730000E-006
5.02775	1.6730000E-006
5.02925	1.6730000E-006
5.03075	1.4340000E-006
5.03225	1.4340000E-006
5.03375	1.4340000E-006
5.03525	1.4340000E-006
5.03675	1.4340000E-006
5.03825	1.4340000E-006
5.03975	1.4340000E-006
5.04125	1.6729999E-006
5.04275	1.6730000E-006
5.04425	1.6730000E-006
5.04575	1.6730000E-006
5.04725	1.6730000E-006
5.04875	1.6730000E-006
5.05025	1.4340000E-006
5.05175	1.4340000E-006
5.05325	1.4340000E-006
5.05475	1.4340000E-006
5.05625	1.4340000E-006
5.05775	1.4340000E-006
5.05925	1.4340000E-006
5.06075	1.4340000E-006
5.06225	1.4340000E-006
5.06375	1.4340000E-006
5.06525	1.4340000E-006
5.06675	1.4340000E-006
5.06825	1.4340000E-006
5.06975	1.4340000E-006
5.07125	1.4340000E-006
5.07275	1.4340000E-006
5.07425	1.4340000E-006
5.07575	1.4340000E-006
5.07725	1.4340000E-006
5.07875	1.4340000E-006
5.08025	1.4340000E-006
5.08175	1.4340000E-006
5.08325	1.4340000E-006
5.08475	1.4340000E-006
5.08625	1.4340000E-006
5.08775	1.4340000E-006
5.08925	1.4340000E-006
5.09075	1.4340000E-006
5.09225	1.4340000E-006
5.09375	1.4340000E-006
5.09525	1.4340000E-006
5.09675	1.4340000E-006
5.09825	1.4340000E-006
5.09975	1.4340000E-006
5.10125	1.4340000E-006
5.10275	1.4340000E-006
5.10425	1.4340000E-006
5.10575	1.4340000E-006
5.10725	1.4340000E-006
5.10875	1.4340000E-006
5.11025	1.4340000E-006
5.11175	1.4340000E-006
5.11325	1.4340000E-006
5.11475	1.4340000E-006
5.11625	1.4340000E-006
5.11775	1.4340000E-006
5.11925	1.4340000E-006
5.12075	1.4340000E-006
5.12225	1.4340000E-006
5.12375	1.4340000E-006
5.12525	1.4340000E-006
5.12675	1.4340000E-006
5.12825	1.4340000E-006
5.12975	1.4340000E-006
5.13125	1.4340000E-006
5.13275	1.4340000E-006
5.13425	1.4340000E-006
5.13575	1.4340000E-006
5.13725	1.4340000E-006
5.13875	1.4340000E-006
5.14025	1.4340000E-006
5.14175	1.4340000E-006
5.14325	1.4340000E-006
5.14475	1.4340000E-006
5.14625	1.4340000E-006
5.14775	1.4340000E-006
5.14925	1.4340000E-006
5.15075	1.4340000E-006
5.15225	1.4340000E-006
5.15375	1.4340000E-006
5.15525	1.4340000E-006
5.15675	1.4340000E-006
5.15825	1.4340000E-006
5.15975	1.4340000E-006
5.16125	1.4340000E-006
5.16275	1.4340000E-006
5.16425	1.4340000E-006
5.16575	1.4340000E-006
5.16725	1.4340000E-006
5.16875	1.4340000E-006
5.17025	1.4340000E-006
5.17175	1.4340000E-006
5.17325	1.4340000E-006
5.17475	1.4340000E-006
5.17625	1.4340000E-006
5.17775	1.4340000E-006
5.17925	1.4340000E-006
5.18075	1.4340000E-006
5.18225	1.4340000E-006
5.18375	1.4340000E-006
5.18525	1.4340000E-006
5.18675	1.4340000E-006
5.18825	1.4340000E-006
5.18975	1.4340000E-006
5.19125	1.4340000E-006
5.19275	1.4340000E-006
5.19425	1.4340000E-006
5.19575	1.4340000E-006
5.19725	1.4340000E-006
5.19875	1.4340000E-006
5.20025	1.4340000E-006
5.20175	1.4340000E-006
5.20325	1.4340000E-006
5.20475	1.6729999E-006
5.20625	1.6730000E-006
5.20775	1.6730000E-006
5.20925	1.6730000E-006
5.21075	1.6730000E-006
5.21225	1.6730000E-006
5.21375	1.4340000E-006
5.21525	1.4340000E-006
5.21675	1.4340000E-006
5.21825	1.4340000E-006
5.21975	1.4340000E-006
5.22125	1.4340000E-006
5.22275	1.4340000E-006
5.22425	1.4340000E-006
5.22575	1.4340000E-006
5.22725	1.4340000E-006
5.22875	1.4340000E-006
5.23025	1.4340000E-006
5.23175	1.4340000E-006
5.23325	1.6729999E-006
5.23475	1.6730000E-006
5.23625	1.6730000E-006
5.23775	1.6730000E-006
5.23925	1.9120000E-006
5.24075	1.9120000E-006
5.24225	1.6730000E-006
5.24375	1.6730000E-006
5.24525	1.6730000E-006
5.24675	1.6730000E-006
5.24825	1.4340000E-006
5.24975	1.4340000E-006
5.25125	1.4340000E-006
5.25275	1.4340000E-006
5.25425	1.4340000E-006
5.25575	1.4340000E-006
5.25725	1.4340000E-006
5.25875	1.4340000E-006
5.26025	1.4340000E-006
5.26175	1.4340000E-006
5.26325	1.4340000E-006
5.26475	1.4340000E-006
5.26625	1.4340000E-006
5.26775	1.4340000E-006
5.26925	1.4340000E-006
5.27075	1.4340000E-006
5.27225	1.4340000E-006
5.27375	1.4340000E-006
5.27525	1.4340000E-006
5.27675	1.4340000E-006
5.27825	1.4340000E-006
5.27975	1.4340000E-006
5.28125	1.4340000E-006
5.28275	1.4340000E-006
5.28425	1.4340000E-006
5.28575	1.4340000E-006
5.28725	1.4340000E-006
5.28875	1.4340000E-006
5.29025	1.4340000E-006
5.29175	1.4340000E-006
5.29325	1.4340000E-006
5.29475	1.4340000E-006
5.29625	1.4340000E-006
5.29775	1.4340000E-006
5.29925	1.4340000E-006
5.30075	1.4340000E-006
5.30225	1.4340000E-006
5.30375	1.4340000E-006
5.30525	1.6729999E-006
5.30675	1.6730000E-006
5.30825	1.6730000E-006
5.30975	1.6730000E-006
5.31125	1.6730000E-006
5.31275	1.6730000E-006
5.31425	1.4340000E-006
5.31575	1.4340000E-006
5.31725	1.4340000E-006
5.31875	1.4340000E-006
5.32025	1.4340000E-006
5.32175	1.4340000E-006
5.32325	1.4340000E-006
5.32475	1.4340000E-006
5.32625	1.4340000E-006
5.32775	1.4340000E-006
5.32925	1.4340000E-006
5.33075	1.4340000E-006
5.33225	1.4340000E-006
5.33375	1.4340000E-006
5.33525	1.4340000E-006
5.33675	1.4340000E-006
5.33825	1.4340000E-006
5.33975	1.4340000E-006
5.34125	1.4340000E-006
5.34275	1.4340000E-006
5.34425	1.4340000E-006
5.34575	1.4340000E-006
5.34725	1.4340000E-006
5.34875	1.4340000E-006
5.35025	1.4340000E-006
5.35175	1.4340000E-006
5.35325	1.4340000E-006
5.35475	1.4340000E-006
5.35625	1.4340000E-006
5.35775	1.4340000E-006
5.35925	1.4340000E-006
5.36075	1.4340000E-006
5.36225	1.6729999E-006
5.36375	1.6730000E-006
5.36525	1.6730000E-006
5.36675	1.6730000E-006
5.36825	2.1510000E-006
5.36975	2.1510000E-006
5.37125	1.9120000E-006
5.37275	1.9120000E-006
5.37425	1.9120000E-006
5.37575	1.9120000E-006
5.37725	1.4340000E-006
5.37875	1.4340000E-006
5.38025	1.4340000E-006
5.38175	1.4340000E-006
5.38325	1.4340000E-006
5.38475	1.4340000E-006
5.38625	1.4340000E-006
5.38775	1.4340000E-006
5.38925	1.4340000E-006
5.39075	1.4340000E-006
5.39225	1.4340000E-006
5.39375	1.4340000E-006
5.39525	1.4340000E-006
5.39675	1.4340000E-006
5.39825	1.4340000E-006
5.39975	1.4340000E-006
5.40125	1.4340000E-006
5.40275	1.4340000E-006
5.40425	1.4340000E-006
5.40575	1.4340000E-006
5.40725	1.4340000E-006
5.40875	1.4340000E-006
5.41025	1.4340000E-006
5.41175	1.4340000E-006
5.41325	1.4340000E-006
5.41475	1.4340000E-006
5.41625	1.4340000E-006
5.41775	1.4340000E-006
5.41925	1.4340000E-006
5.42075	1.4340000E-006
5.42225	1.4340000E-006
5.42375	1.4340000E-006
5.42525	1.4340000E-006
5.42675	1.4340000E-006
5.42825	1.4340000E-006
5.42975	1.4340000E-006
5.43125	1.4340000E-006
5.43275	1.4340000E-006
5.43425	1.6729999E-006
5.43575	1.6730000E-006
5.43725	1.6730000E-006
5.43875	1.6730000E-006
5.44025	1.6730000E-006
5.44175	1.6730000E-006
5.44325	1.4340000E-006
5.44475	1.4340000E-006
5.44625	1.4340000E-006
5.44775	1.4340000E-006
5.44925	1.4340000E-006
5.45075	1.6729999E-006
5.45225	1.6730000E-006
5.45375	1.6730000E-006
5.45525	1.6730000E-006
5.45675	1.6730000E-006
5.45825	1.6730000E-006
5.45975	1.4340000E-006
5.46125	1.4340000E-006
5.46275	1.4340000E-006
5.46425	1.4340000E-006
5.46575	1.4340000E-006
5.46725	1.4340000E-006
5.46875	1.4340000E-006
5.47025	1.4340000E-006
5.47175	1.4340000E-006
5.47325	1.4340000E-006
5.47475	1.4340000E-006
5.47625	1.4340000E-006
5.47775	1.4340000E-006
5.47925	1.4340000E-006
5.48075	1.4340000E-006
5.48225	1.4340000E-006
5.48375	1.4340000E-006
5.48525	1.4340000E-006
5.48675	1.4340000E-006
5.48825	1.4340000E-006
5.48975	1.4340000E-006
5.49125	1.4340000E-006
5.49275	1.4340000E-006
5.49425	1.4340000E-006
5.49575	1.4340000E-006
5.49725	1.4340000E-006
5.49875	1.4340000E-006
