theta_deg	log10_I_minus_log10_R
0.20825	1.4852323E-002
0.20975	1.6130991E-002
0.21125	1.7897863E-002
0.21275	1.9612968E-002
0.21425	2.0158727E-002
0.21575	2.2003330E-002
0.21725	2.4081878E-002
0.21875	2.5205396E-002
0.22025	2.7131341E-002
0.22175	2.8344601E-002
0.22325	2.8143562E-002
0.22475	2.8705806E-002
0.22625	2.9158808E-002
0.22775	3.0146345E-002
0.22925	3.0103095E-002
0.23075	3.1900108E-002
0.23225	3.3677809E-002
0.23375	3.5453901E-002
0.23525	3.5775602E-002
0.23675	3.6857285E-002
0.23825	3.8251847E-002
0.23975	3.9323367E-002
0.24125	4.0812008E-002
0.24275	4.2593524E-002
0.24425	4.2438619E-002
0.24575	4.3892749E-002
0.24725	4.4715613E-002
0.24875	4.5562401E-002
0.25025	4.6012200E-002
0.25175	4.6365067E-002
0.25325	4.7228009E-002
0.25475	4.8266649E-002
0.25625	4.9797118E-002
0.25775	5.1442116E-002
0.25925	5.3174354E-002
0.26075	5.4554321E-002
0.26225	5.5742003E-002
0.26375	5.7006985E-002
0.26525	5.8418706E-002
0.26675	5.9846282E-002
0.26825	6.1686724E-002
0.26975	6.3524246E-002
0.27125	6.5300956E-002
0.27275	6.6823080E-002
0.27425	6.7919716E-002
0.27575	6.8868592E-002
0.27725	6.9427371E-002
0.27875	7.6521203E-002
0.28025	7.7997908E-002
0.28175	7.9686418E-002
0.28325	8.1165016E-002
0.28475	8.2634538E-002
0.28625	8.3683997E-002
0.28775	9.2781186E-002
0.28925	9.2416883E-002
0.29075	9.1268539E-002
0.29225	8.9693785E-002
0.29375	8.7123245E-002
0.29525	9.3081772E-002
0.29675	8.9495212E-002
0.29825	8.5216701E-002
0.29975	8.8832676E-002
0.30125	8.3394825E-002
0.30275	7.8193039E-002
0.30425	8.1052005E-002
0.30575	7.5544775E-002
0.30725	7.0437014E-002
0.30875	5.4012895E-002
0.31025	5.1846743E-002
0.31175	4.9517691E-002
0.31325	4.7190905E-002
0.31475	4.4916153E-002
0.31625	4.2180061E-002
0.31775	4.0249527E-002
0.31925	3.8192689E-002
0.32075	3.6197960E-002
0.32225	3.3969402E-002
0.32375	3.1293690E-002
0.32525	2.8293431E-002
0.32675	2.4932444E-002
0.32825	2.1503329E-002
0.32975	1.8168032E-002
0.33125	1.5943468E-002
0.33275	1.4784098E-002
0.33425	1.4512599E-002
0.33575	1.4017820E-002
0.33725	1.3566792E-002
0.33875	1.3446331E-002
0.34025	1.1977255E-002
0.34175	1.0250330E-002
0.34325	7.5347424E-003
0.34475	5.0159693E-003
0.34625	1.9618273E-003
0.34775	-1.4278889E-003
0.34925	-4.1664839E-003
0.35075	-7.1392059E-003
0.35225	-8.7164640E-003
0.35375	-1.0173321E-002
0.35525	-1.0509968E-002
0.35675	-9.9118948E-003
0.35825	-8.5247755E-003
0.35975	-7.3134899E-003
0.36125	-7.2523355E-003
0.36275	-7.3251724E-003
0.36425	-8.2378387E-003
0.36575	-1.0805011E-002
0.36725	-1.4952660E-002
0.36875	-1.8608928E-002
0.37025	-2.1296978E-002
0.37175	-2.4844766E-002
0.37325	-2.7116299E-002
0.37475	-2.8056979E-002
0.37625	-2.7208805E-002
0.37775	-2.5916338E-002
0.37925	-2.3960829E-002
0.38075	-1.9901991E-002
0.38225	-1.5526772E-002
0.38375	-1.0827541E-002
0.38525	-7.1657896E-003
0.38675	-4.1726828E-003
0.38825	-2.4669170E-003
0.38975	-2.0802021E-003
0.39125	-3.9933920E-003
0.39275	-6.8330765E-003
0.39425	-9.8216534E-003
0.39575	-1.3253570E-002
0.39725	-1.6023874E-002
0.39875	-1.8298388E-002
0.40025	-1.8504262E-002
0.40175	-1.8376231E-002
0.40325	-1.6203046E-002
0.40475	-1.3649821E-002
0.40625	-9.5312595E-003
0.40775	-4.2506456E-003
0.40925	6.7102909E-004
0.41075	5.4222345E-003
0.41225	8.6023808E-003
0.41375	1.0322452E-002
0.41525	1.0801315E-002
0.41675	8.7871552E-003
0.41825	4.8325062E-003
0.41975	1.5661716E-003
0.42125	-3.2224655E-003
0.42275	-6.6106319E-003
0.42425	-1.1225462E-002
0.42575	-1.6543269E-002
0.42725	-1.9101977E-002
0.42875	-2.2574425E-002
0.43025	-2.2359014E-002
0.43175	-2.0270705E-002
0.43325	-1.7336130E-002
0.43475	-1.1576414E-002
0.43625	-5.6898594E-003
0.43775	1.6523600E-003
0.43925	6.3105822E-003
0.44075	9.8422766E-003
0.44225	1.2189507E-002
0.44375	1.2374878E-002
0.44525	9.7882748E-003
0.44675	4.6075583E-003
0.44825	-1.1361837E-003
0.44975	-8.7907314E-003
0.45125	-1.7954946E-002
0.45275	-2.7086616E-002
0.45425	-3.5108447E-002
0.45575	-4.2629242E-002
0.45725	-4.7209024E-002
0.45875	-4.9570322E-002
0.46025	-4.8086524E-002
0.46175	-4.3910265E-002
0.46325	-3.6715508E-002
0.46475	-2.8258920E-002
0.46625	-2.0215750E-002
0.46775	-1.3444901E-002
0.46925	-7.9025030E-003
0.47075	-4.5237541E-003
0.47225	-3.4831762E-003
0.47375	-3.3010244E-003
0.47525	-5.0301552E-003
0.47675	-7.9997778E-003
0.47825	-1.3623118E-002
0.47975	-1.9495368E-002
0.48125	-2.7128220E-002
0.48275	-3.6684394E-002
0.48425	-4.8710823E-002
0.48575	-5.9292316E-002
0.48725	-6.7016244E-002
0.48875	-7.5487852E-002
0.49025	-8.1856489E-002
0.49175	-8.3209753E-002
0.49325	-7.8351974E-002
0.49475	-7.0983887E-002
0.49625	-6.1306119E-002
0.49775	-4.8799992E-002
0.49925	-3.7328362E-002
0.50075	-2.5364637E-002
0.50225	-1.7261386E-002
0.50375	-1.1502385E-002
0.50525	-9.9127293E-003
0.50675	-1.0316730E-002
0.50825	-1.1388421E-002
0.50975	-1.6225457E-002
0.51125	-2.3970127E-002
0.51275	-3.3050060E-002
0.51425	-4.3900132E-002
0.51575	-5.7041168E-002
0.51725	-7.1416378E-002
0.51875	-8.7017179E-002
0.52025	-9.8937392E-002
0.52175	-1.1028945E-001
0.52325	-1.1573088E-001
0.52475	-1.1413479E-001
0.52625	-1.0656893E-001
0.52775	-9.3547463E-002
0.52925	-7.9914451E-002
0.53075	-6.2124729E-002
0.53225	-4.8381209E-002
0.53375	-3.5502911E-002
0.53525	-2.5913835E-002
0.53675	-2.1416187E-002
0.53825	-1.5237689E-002
0.53975	-1.5718699E-002
0.54125	-1.6762137E-002
0.54275	-2.1978617E-002
0.54425	-3.0794859E-002
0.54575	-4.0575266E-002
0.54725	-5.5351853E-002
0.54875	-7.0140481E-002
0.55025	-8.6112261E-002
0.55175	-1.0320282E-001
0.55325	-1.1970758E-001
0.55475	-1.3228393E-001
0.55625	-1.4213419E-001
0.55775	-1.4624882E-001
0.55925	-1.4551878E-001
0.56075	-1.3584018E-001
0.56225	-1.1918497E-001
0.56375	-9.9640608E-002
0.56525	-7.9365730E-002
0.56675	-6.1835527E-002
0.56825	-4.5440912E-002
0.56975	-3.4504294E-002
0.57125	-2.7273417E-002
0.57275	-2.4350762E-002
0.57425	-2.4353981E-002
0.57575	-2.7609944E-002
0.57725	-3.2792687E-002
0.57875	-4.1407704E-002
0.58025	-5.1110148E-002
0.58175	-6.4946413E-002
0.58325	-8.0907941E-002
0.58475	-9.7976685E-002
0.58625	-1.1858249E-001
0.58775	-1.3760638E-001
0.58925	-1.5760231E-001
0.59075	-1.7295241E-001
0.59225	-1.8167067E-001
0.59375	-1.8454885E-001
0.59525	-1.7254710E-001
0.59675	-1.5366721E-001
0.59825	-1.2998319E-001
0.59975	-1.0384989E-001
0.60125	-7.9568624E-002
0.60275	-5.6847334E-002
0.60425	-3.9529562E-002
0.60575	-2.8455019E-002
0.60725	-2.2141457E-002
0.60875	-2.0831585E-002
0.61025	-2.2790432E-002
0.61175	-2.8064013E-002
0.61325	-3.8577199E-002
0.61475	-4.8803449E-002
0.61625	-6.2916994E-002
0.61775	-7.8003645E-002
0.61925	-9.6677542E-002
0.62075	-1.1822939E-001
0.62225	-1.4257622E-001
0.62375	-1.6898537E-001
0.62525	-1.9318795E-001
0.62675	-2.1271706E-001
0.62825	-2.2629309E-001
0.62975	-2.2496700E-001
0.63125	-2.1177173E-001
0.63275	-1.8813825E-001
0.63425	-1.6125441E-001
0.63575	-1.3042641E-001
0.63725	-1.0322142E-001
0.63875	-8.2724094E-002
0.64025	-6.4156055E-002
0.64175	-5.0348282E-002
0.64325	-4.0218830E-002
0.64475	-3.5489202E-002
0.64625	-3.5446882E-002
0.64775	-3.7204981E-002
0.64925	-4.2656183E-002
0.65075	-5.3339005E-002
0.65225	-6.5189838E-002
0.65375	-8.0930948E-002
0.65525	-9.8675489E-002
0.65675	-1.2098765E-001
0.65825	-1.4706445E-001
0.65975	-1.7150784E-001
0.66125	-2.0012379E-001
0.66275	-2.2531986E-001
0.66425	-2.4330521E-001
0.66575	-2.4807525E-001
0.66725	-2.3445773E-001
0.66875	-2.1188188E-001
0.67025	-1.8066096E-001
0.67175	-1.4679265E-001
0.67325	-1.1342669E-001
0.67475	-8.6046934E-002
0.67625	-6.5915823E-002
0.67775	-5.1065922E-002
0.67925	-4.0666342E-002
0.68075	-3.3030748E-002
0.68225	-3.0577898E-002
0.68375	-3.0747533E-002
0.68525	-3.4990907E-002
0.68675	-4.1447401E-002
0.68825	-4.9730182E-002
0.68975	-6.3585162E-002
0.69125	-7.9435349E-002
0.69275	-9.8894596E-002
0.69425	-1.2064004E-001
0.69575	-1.4852667E-001
0.69725	-1.7868328E-001
0.69875	-2.1267009E-001
0.70025	-2.4155641E-001
0.70175	-2.6504493E-001
0.70325	-2.7041149E-001
0.70475	-2.5541639E-001
0.70625	-2.3138189E-001
0.70775	-1.9636297E-001
0.70925	-1.6247010E-001
0.71075	-1.3150001E-001
0.71225	-1.0736680E-001
0.71375	-8.6537719E-002
0.71525	-6.9694996E-002
0.71675	-5.7818055E-002
0.71825	-5.0696492E-002
0.71975	-4.6090841E-002
0.72125	-4.6198487E-002
0.72275	-4.8884511E-002
0.72425	-5.4031253E-002
0.72575	-6.2831044E-002
0.72725	-7.2726727E-002
0.72875	-8.7749243E-002
0.73025	-1.0323203E-001
0.73175	-1.2565541E-001
0.73325	-1.5392041E-001
0.73475	-1.8317497E-001
0.73625	-2.1759343E-001
0.73775	-2.4709058E-001
0.73925	-2.6854157E-001
0.74075	-2.6846862E-001
0.74225	-2.4873829E-001
0.74375	-2.1767485E-001
0.74525	-1.8221509E-001
0.74675	-1.4827216E-001
0.74825	-1.1839759E-001
0.74975	-9.3464255E-002
0.75125	-7.6162815E-002
0.75275	-6.1784983E-002
0.75425	-5.0910115E-002
0.75575	-4.1710138E-002
0.75725	-3.5627127E-002
0.75875	-3.3411741E-002
0.76025	-3.2103300E-002
0.76175	-3.3497334E-002
0.76325	-3.7565470E-002
0.76475	-4.5332193E-002
0.76625	-5.5768967E-002
0.76775	-6.9457769E-002
0.76925	-8.7436914E-002
0.77075	-1.1121011E-001
0.77225	-1.3963974E-001
0.77375	-1.7135811E-001
0.77525	-2.0519710E-001
0.77675	-2.2708046E-001
0.77825	-2.3623514E-001
0.77975	-2.2261608E-001
0.78125	-1.9692981E-001
0.78275	-1.6349292E-001
0.78425	-1.3037944E-001
0.78575	-1.0277927E-001
0.78725	-7.8503728E-002
0.78875	-5.9443235E-002
0.79025	-4.2885780E-002
0.79175	-2.9427648E-002
0.79325	-1.7343402E-002
0.79475	-7.5230598E-003
0.79625	1.3376474E-003
0.79775	8.5211992E-003
0.79925	1.3237715E-002
0.80075	1.6020179E-002
0.80225	1.5323400E-002
0.80375	1.1465073E-002
0.80525	7.5519085E-004
0.80675	-1.7700791E-002
0.80825	-4.4847727E-002
0.80975	-8.3280444E-002
0.81125	-1.3105178E-001
0.81275	-1.8091691E-001
0.81425	-2.2124577E-001
0.81575	-2.4301517E-001
0.81725	-2.4454439E-001
0.81875	-2.3076773E-001
0.82025	-2.0767105E-001
0.82175	-1.8261796E-001
0.82325	-1.5792400E-001
0.82475	-1.3530719E-001
0.82625	-1.1571097E-001
0.82775	-9.7878575E-002
0.82925	-8.2166255E-002
0.83075	-6.8626463E-002
0.83225	-5.6255221E-002
0.83375	-4.5765162E-002
0.83525	-3.6112458E-002
0.83675	-2.8387696E-002
0.83825	-2.1995902E-002
0.83975	-1.6791672E-002
0.84125	-1.2959272E-002
0.84275	-9.5758438E-003
0.84425	-6.9133639E-003
0.84575	-4.1567087E-003
0.84725	-1.9200742E-003
0.84875	6.6751242E-004
0.85025	2.9169619E-003
0.85175	4.6761930E-003
0.85325	5.8674514E-003
0.85475	6.1284006E-003
0.85625	6.4099431E-003
0.85775	6.1971545E-003
0.85925	6.1429441E-003
0.86075	5.5854023E-003
0.86225	4.8803389E-003
0.86375	4.2393506E-003
0.86525	2.9766560E-003
0.86675	1.2335181E-003
0.86825	-1.2942255E-003
0.86975	-3.4592748E-003
0.87125	-5.6200027E-003
0.87275	-8.0277920E-003
0.87425	-1.0719955E-002
0.87575	-1.3959527E-002
0.87725	-1.7176032E-002
0.87875	-2.1810353E-002
0.88025	-2.7413547E-002
0.88175	-3.4250855E-002
0.88325	-4.1721880E-002
0.88475	-4.9967885E-002
0.88625	-6.0270190E-002
0.88775	-7.0777178E-002
0.88925	-8.2365036E-002
0.89075	-9.5050812E-002
0.89225	-1.0844553E-001
0.89375	-1.2195063E-001
0.89525	-1.3167834E-001
0.89675	-1.3742507E-001
0.89825	-1.3804591E-001
0.89975	-1.2856400E-001
0.90125	-1.1441445E-001
0.90275	-9.7141027E-002
0.90425	-8.0256343E-002
0.90575	-6.3965559E-002
0.90725	-5.1653862E-002
0.90875	-4.3241143E-002
0.91025	-3.7287951E-002
0.91175	-3.2868266E-002
0.91325	-3.2060504E-002
0.91475	-3.2977223E-002
0.91625	-3.4213185E-002
0.91775	-3.7568450E-002
0.91925	-4.1167378E-002
0.92075	-4.5509338E-002
0.92225	-4.8451066E-002
0.92375	-5.2156091E-002
0.92525	-5.6006432E-002
0.92675	-5.7850599E-002
0.92825	-5.9823394E-002
0.92975	-5.8644891E-002
0.93125	-5.7821155E-002
0.93275	-5.2906990E-002
0.93425	-4.2471409E-002
0.93575	-2.6653051E-002
0.93725	-1.1709452E-002
0.93875	1.7499924E-004
0.94025	1.2139320E-002
0.94175	1.9231081E-002
0.94325	2.1448612E-002
0.94475	2.0588875E-002
0.94625	2.0286083E-002
0.94775	1.7920732E-002
0.94925	1.5871882E-002
0.95075	1.5279293E-002
0.95225	1.1111259E-002
0.95375	7.0753098E-003
0.95525	2.4394989E-003
0.95675	-1.9803047E-003
0.95825	-6.6428185E-003
0.95975	-1.1501551E-002
0.96125	-1.3665438E-002
0.96275	-1.6037226E-002
0.96425	-1.6539097E-002
0.96575	-1.5559912E-002
0.96725	-1.0949850E-002
0.96875	-5.7098866E-003
0.97025	1.9347668E-003
0.97175	1.4588356E-002
0.97325	2.7339697E-002
0.97475	3.8718224E-002
0.97625	4.3114185E-002
0.97775	4.5949697E-002
0.97925	4.4012785E-002
0.98075	4.5428514E-002
0.98225	4.0609598E-002
0.98375	3.4717560E-002
0.98525	3.0823708E-002
0.98675	2.8037071E-002
0.98825	2.7759075E-002
0.98975	1.9667387E-002
0.99125	1.7477036E-002
0.99275	1.7567635E-002
0.99425	1.4643192E-002
0.99575	1.0023832E-002
0.99725	6.4015388E-003
0.99875	6.6602230E-003
1.00025	5.1875114E-003
1.00175	4.9407482E-003
1.00325	9.6771717E-003
1.00475	1.4093161E-002
1.00625	1.7345905E-002
1.00775	2.8497934E-002
1.00925	4.1311741E-002
1.01075	4.9533606E-002
1.01225	5.8738947E-002
1.01375	6.2923431E-002
1.01525	6.9123983E-002
1.01675	6.4894915E-002
1.01825	5.7684660E-002
1.01975	4.9922705E-002
1.02125	3.5731316E-002
1.02275	2.6694298E-002
1.02425	1.6530514E-002
1.02575	7.9522133E-003
1.02725	1.4948845E-003
1.02875	-3.9970875E-003
1.03025	-1.0263681E-002
1.03175	-1.3546467E-002
1.03325	-1.7102480E-002
1.03475	-1.9005775E-002
1.03625	-2.1572828E-002
1.03775	-2.5322676E-002
1.03925	-2.1040916E-002
1.04075	-2.2310734E-002
1.04225	-1.5866756E-002
1.04375	-8.6627007E-003
1.04525	2.9501915E-003
1.04675	2.5001526E-002
1.04825	4.2666435E-002
1.04975	7.5527668E-002
1.05125	8.8893414E-002
1.05275	9.9321365E-002
1.05425	1.0769463E-001
1.05575	1.0424256E-001
1.05725	9.7644091E-002
1.05875	8.2977772E-002
1.06025	7.0106983E-002
1.06175	5.3524017E-002
1.06325	3.6224127E-002
1.06475	1.6906023E-002
1.06625	3.8275719E-003
1.06775	-8.4481239E-003
1.06925	-1.7301083E-002
1.07075	-1.9947052E-002
1.07225	-2.4056673E-002
1.07375	-2.6171207E-002
1.07525	-2.6634216E-002
1.07675	-2.6933670E-002
1.07825	-2.2928238E-002
1.07975	-2.0973206E-002
1.08125	-9.9105835E-003
1.08275	7.4293613E-003
1.08425	2.6123524E-002
1.08575	4.9554348E-002
1.08725	8.1352472E-002
1.08875	1.0935211E-001
1.09025	1.2960362E-001
1.09175	1.3503933E-001
1.09325	1.3507652E-001
1.09475	1.3251495E-001
1.09625	1.1613297E-001
1.09775	9.9591970E-002
1.09925	8.1488132E-002
1.10075	6.6566467E-002
1.10225	5.1602602E-002
1.10375	3.3351660E-002
1.10525	1.3775110E-002
1.10675	-4.2843819E-003
1.10825	-1.7495394E-002
1.10975	-2.8652668E-002
1.11125	-4.1432381E-002
1.11275	-5.3736925E-002
1.11425	-5.7715893E-002
1.11575	-5.6468248E-002
1.11725	-5.9293747E-002
1.11875	-5.5091143E-002
1.12025	-4.9194098E-002
1.12175	-2.6509047E-002
1.12325	3.8883686E-003
1.12475	3.3632994E-002
1.12625	7.3104382E-002
1.12775	1.1024070E-001
1.12925	1.4567852E-001
1.13075	1.5930462E-001
1.13225	1.6593838E-001
1.13375	1.6015649E-001
1.13525	1.4705062E-001
1.13675	1.2661195E-001
1.13825	1.0743642E-001
1.13975	8.5010529E-002
1.14125	6.0729504E-002
1.14275	4.2795181E-002
1.14425	2.3979664E-002
1.14575	3.2997131E-003
1.14725	-2.0152807E-002
1.14875	-2.7531147E-002
1.15025	-4.3699741E-002
1.15175	-5.4110050E-002
1.15325	-6.7959070E-002
1.15475	-6.7947865E-002
1.15625	-6.2821865E-002
1.15775	-6.6060543E-002
1.15925	-4.6463966E-002
1.16075	-3.3928633E-002
1.16225	7.8105927E-004
1.16375	4.0141821E-002
1.16525	7.7690840E-002
1.16675	1.1561704E-001
1.16825	1.5796542E-001
1.16975	1.8113494E-001
1.17125	1.8948483E-001
1.17275	1.8638229E-001
1.17425	1.7642498E-001
1.17575	1.5529943E-001
1.17725	1.2834573E-001
1.17875	1.1238146E-001
1.18025	8.3915234E-002
1.18175	5.8934212E-002
1.18325	3.7223101E-002
1.18475	2.1386862E-002
1.18625	6.3219070E-003
1.18775	-2.8420448E-002
1.18925	-4.1681051E-002
1.19075	-5.8087349E-002
1.19225	-7.5903416E-002
1.19375	-8.5130692E-002
1.19525	-9.8296165E-002
1.19675	-7.7937365E-002
1.19825	-6.0436249E-002
1.19975	-3.6071539E-002
1.20125	-9.4461441E-004
1.20275	3.7201405E-002
1.20425	8.8381052E-002
1.20575	1.3572049E-001
1.20725	1.6730833E-001
1.20875	2.0024395E-001
1.21025	2.0152712E-001
1.21175	2.0408034E-001
1.21325	1.8880606E-001
1.21475	1.7126083E-001
1.21625	1.5279078E-001
1.21775	1.2622404E-001
1.21925	1.1574817E-001
1.22075	8.1430674E-002
1.22225	6.1342716E-002
1.22375	3.0525684E-002
1.22525	6.2918663E-003
1.22675	-1.9467592E-002
1.22825	-4.7151089E-002
1.22975	-5.6190968E-002
1.23125	-8.3337069E-002
1.23275	-1.0233140E-001
1.23425	-1.2439823E-001
1.23575	-1.2577796E-001
1.23725	-1.2347889E-001
1.23875	-1.1672044E-001
1.24025	-6.5970898E-002
1.24175	-4.8413277E-003
1.24325	6.6698551E-002
1.24475	1.2495661E-001
1.24625	1.6645074E-001
1.24775	2.0536566E-001
1.24925	2.1335053E-001
1.25075	2.1011353E-001
1.25225	2.0637822E-001
1.25375	1.8312955E-001
1.25525	1.5587234E-001
1.25675	1.2688231E-001
1.25825	1.0627031E-001
1.25975	8.2494497E-002
1.26125	4.9525261E-002
1.26275	3.1907082E-002
1.26425	1.2570858E-002
1.26575	-1.5206099E-002
1.26725	-3.8808823E-002
1.26875	-5.5953979E-002
1.27025	-7.2280645E-002
1.27175	-1.0447526E-001
1.27325	-1.1653185E-001
1.27475	-1.1993384E-001
1.27625	-1.2050271E-001
1.27775	-1.1262870E-001
1.27925	-1.0044289E-001
1.28075	-3.6499977E-002
1.28225	3.3487558E-002
1.28375	8.7925196E-002
1.28525	1.3746381E-001
1.28675	1.7610121E-001
1.28825	1.9555211E-001
1.28975	1.9804811E-001
1.29125	1.8715024E-001
1.29275	1.7276692E-001
1.29425	1.4884329E-001
1.29575	1.1552691E-001
1.29725	9.1245890E-002
1.29875	6.7970514E-002
1.30025	3.9932966E-002
1.30175	1.9518375E-002
1.30325	-8.8465214E-003
1.30475	-2.6848555E-002
1.30625	-4.8408031E-002
1.30775	-6.6939116E-002
1.30925	-9.3938112E-002
1.31075	-1.1619091E-001
1.31225	-1.2043166E-001
1.31375	-1.3209462E-001
1.31525	-1.3023639E-001
1.31675	-1.3021803E-001
1.31825	-9.6101999E-002
1.31975	-5.9872389E-002
1.32125	-1.2144566E-002
1.32275	4.8710346E-002
1.32425	9.7510338E-002
1.32575	1.4694524E-001
1.32725	1.8497157E-001
1.32875	2.0284343E-001
1.33025	1.9582748E-001
1.33175	1.8073416E-001
1.33325	1.7207074E-001
1.33475	1.3800812E-001
1.33625	1.0191679E-001
1.33775	7.8621387E-002
1.33925	5.4729462E-002
1.34075	3.8889647E-002
1.34225	8.9175701E-003
1.34375	-1.0976315E-002
1.34525	-3.0531168E-002
1.34675	-6.7472219E-002
1.34825	-9.3459368E-002
1.34975	-1.2877464E-001
1.35125	-1.5356350E-001
1.35275	-1.7741489E-001
1.35425	-1.8116283E-001
1.35575	-1.6624117E-001
1.35725	-1.3430953E-001
1.35875	-9.1815948E-002
1.36025	-5.5199623E-002
1.36175	1.7524481E-002
1.36325	8.2348585E-002
1.36475	1.2221766E-001
1.36625	1.3890886E-001
1.36775	1.6149592E-001
1.36925	1.5976620E-001
1.37075	1.5659857E-001
1.37225	1.3972139E-001
1.37375	1.3218546E-001
1.37525	1.1912847E-001
1.37675	9.9885225E-002
1.37825	9.1540575E-002
1.37975	6.4205408E-002
1.38125	3.9957762E-002
1.38275	1.4846087E-002
1.38425	-8.8822842E-003
1.38575	-3.0614853E-002
1.38725	-6.3236713E-002
1.38875	-8.1073999E-002
1.39025	-1.0295844E-001
1.39175	-1.2925839E-001
1.39325	-1.4668345E-001
1.39475	-1.7372894E-001
1.39625	-1.7545724E-001
1.39775	-1.3917947E-001
1.39925	-8.4799767E-002
1.40075	-1.5841484E-002
1.40225	8.0697536E-002
1.40375	1.3268256E-001
1.40525	1.6685557E-001
1.40675	1.7726040E-001
1.40825	1.8962693E-001
1.40975	1.7761159E-001
1.41125	1.5280962E-001
1.41275	1.3282919E-001
1.41425	1.2958312E-001
1.41575	1.1737537E-001
1.41725	9.1431856E-002
1.41875	8.2784891E-002
1.42025	7.0709229E-002
1.42175	4.5721054E-002
1.42325	1.6001225E-002
1.42475	-1.1230707E-002
1.42625	-3.0018806E-002
1.42775	-7.0348263E-002
1.42925	-1.0455513E-001
1.43075	-1.0063267E-001
1.43225	-1.2067175E-001
1.43375	-1.4073753E-001
1.43525	-1.5527940E-001
1.43675	-1.4134717E-001
1.43825	-1.1941671E-001
1.43975	-1.0018539E-001
1.44125	-3.8952351E-002
1.44275	3.6314011E-002
1.44425	1.0904503E-001
1.44575	1.3293815E-001
1.44725	1.5139771E-001
1.44875	1.6068935E-001
1.45025	1.5682793E-001
1.45175	1.4121342E-001
1.45325	1.2595844E-001
1.45475	1.2183309E-001
1.45625	1.1140776E-001
1.45775	9.4845533E-002
1.45925	8.0141544E-002
1.46075	6.5248489E-002
1.46225	3.6422491E-002
1.46375	1.2898922E-002
1.46525	-1.4867067E-002
1.46675	-4.1536331E-002
1.46825	-6.9982767E-002
1.46975	-9.3465328E-002
1.47125	-9.7399712E-002
1.47275	-1.1409783E-001
1.47425	-1.2196922E-001
1.47575	-1.0937810E-001
1.47725	-7.4816465E-002
1.47875	-4.1285038E-002
1.48025	-1.7040730E-002
1.48175	3.1814814E-002
1.48325	6.9623470E-002
1.48475	9.0317011E-002
1.48625	1.0425091E-001
1.48775	1.1503959E-001
1.48925	1.2580156E-001
1.49075	1.3283563E-001
1.49225	1.2558270E-001
1.49375	1.1722565E-001
1.49525	9.6205950E-002
1.49675	7.1772575E-002
1.49825	5.2567244E-002
1.49975	3.0455589E-002
1.50125	8.9752674E-003
1.50275	-4.1210651E-003
1.50425	-2.1993160E-002
1.50575	-2.7822256E-002
1.50725	-5.4467440E-002
1.50875	-7.2196960E-002
1.51025	-8.3808184E-002
1.51175	-1.0823083E-001
1.51325	-1.0232902E-001
1.51475	-1.2232494E-001
1.51625	-1.0151410E-001
1.51775	-1.0745811E-001
1.51925	-7.8000307E-002
1.52075	-2.7342081E-002
1.52225	2.0585060E-003
1.52375	5.2621603E-002
1.52525	7.4828863E-002
1.52675	8.7410688E-002
1.52825	1.0366440E-001
1.52975	1.0510302E-001
1.53125	9.3561172E-002
1.53275	8.1290483E-002
1.53425	7.4441195E-002
1.53575	6.7167044E-002
1.53725	5.3611279E-002
1.53875	3.6780834E-002
1.54025	3.1921864E-002
1.54175	2.3590326E-002
1.54325	7.6799393E-003
1.54475	-2.0418167E-003
1.54625	-1.8528223E-002
1.54775	-2.6176453E-002
1.54925	-3.3719063E-002
1.55075	-5.2974224E-002
1.55225	-5.8676958E-002
1.55375	-7.3089600E-002
1.55525	-7.1954966E-002
1.55675	-6.9484711E-002
1.55825	-5.9412241E-002
1.55975	-8.7087154E-003
1.56125	2.1368742E-002
1.56275	5.1958084E-002
1.56425	7.4261189E-002
1.56575	9.4307899E-002
1.56725	1.1129451E-001
1.56875	1.1858153E-001
1.57025	1.2541723E-001
1.57175	1.2166166E-001
1.57325	1.1389828E-001
1.57475	1.0760450E-001
1.57625	1.0106230E-001
1.57775	9.2208385E-002
1.57925	8.2234621E-002
1.58075	7.7914715E-002
1.58225	7.9451799E-002
1.58375	7.6916218E-002
1.58525	7.3027134E-002
1.58675	7.2033167E-002
1.58825	7.1831942E-002
1.58975	6.6789865E-002
1.59125	5.5255890E-002
1.59275	3.9461374E-002
1.59425	2.8785706E-002
1.59575	9.1581345E-003
1.59725	-1.4872551E-002
1.59875	-3.6792278E-002
1.60025	-4.6246290E-002
1.60175	-4.8084259E-002
1.60325	-5.0143719E-002
1.60475	-4.9997091E-002
1.60625	-3.8828850E-002
1.60775	-2.7128220E-002
1.60925	-2.0314455E-002
1.61075	-1.5919447E-002
1.61225	-1.3108492E-002
1.61375	-1.2269735E-002
1.61525	-9.5038414E-003
1.61675	-9.7823143E-003
1.61825	-1.0538101E-002
1.61975	-8.4590912E-003
1.62125	-5.4244995E-003
1.62275	-4.1840076E-003
1.62425	-6.1888695E-003
1.62575	-7.0078373E-003
1.62725	-6.2377453E-003
1.62875	-6.0764551E-003
1.63025	-6.0743093E-003
1.63175	-3.8043261E-003
1.63325	-1.6801357E-003
1.63475	-2.3841858E-005
1.63625	1.6039610E-003
1.63775	9.0014935E-004
1.63925	-4.7779083E-004
1.64075	-2.5900602E-003
1.64225	-2.8328896E-003
1.64375	-2.3741722E-003
1.64525	-2.2557974E-003
1.64675	-2.5155544E-003
1.64825	-2.0902157E-003
1.64975	-1.8260479E-003
1.65125	-2.0802021E-003
1.65275	-1.9083023E-003
1.65425	-3.2758713E-003
1.65575	2.7847290E-004
1.65725	3.3423901E-003
1.65875	6.3169003E-003
1.66025	6.4225197E-003
1.66175	6.1635971E-003
1.66325	7.6587200E-003
1.66475	5.8255196E-003
1.66625	1.7149448E-003
1.66775	1.1625290E-003
1.66925	6.1683655E-003
1.67075	3.9842129E-003
1.67225	-1.7607212E-003
1.67375	-7.3492527E-003
1.67525	-2.0180941E-002
1.67675	-3.3264875E-002
1.67825	-6.4096212E-002
1.67975	-8.1570387E-002
1.68125	-1.1875844E-001
1.68275	-1.1973977E-001
1.68425	-1.1422181E-001
1.68575	-1.4108658E-001
1.68725	-1.1808753E-001
1.68875	-1.0847950E-001
1.69025	-8.0810308E-002
1.69175	-8.1669807E-002
1.69325	-6.6390991E-002
1.69475	-4.8866749E-002
1.69625	-4.4890642E-002
1.69775	-4.2668104E-002
1.69925	-4.3089151E-002
1.70075	-4.2151690E-002
1.70225	-4.0107727E-002
1.70375	-3.9070845E-002
1.70525	-4.4101715E-002
1.70675	-3.5182953E-002
1.70825	-2.6841879E-002
1.70975	-2.3462057E-002
1.71125	-1.6221523E-002
1.71275	5.4135323E-003
1.71425	8.4843636E-003
1.71575	4.7642708E-002
1.71725	8.4001541E-002
1.71875	9.9388599E-002
1.72025	1.0655212E-001
1.72175	1.1112165E-001
1.72325	1.3315964E-001
1.72475	1.1402416E-001
1.72625	6.5054417E-002
1.72775	5.2527905E-002
1.72925	4.1617393E-002
1.73075	3.0315399E-002
1.73225	2.3813248E-002
1.73375	6.8521500E-003
1.73525	2.7029514E-002
1.73675	9.5496178E-003
1.73825	1.1677265E-002
1.73975	2.2067547E-002
1.74125	2.2410393E-002
1.74275	2.1473885E-002
1.74425	5.7549477E-003
1.74575	9.5767975E-003
1.74725	1.1779785E-002
1.74875	1.6021729E-004
1.75025	-3.0982971E-002
1.75175	-4.0645599E-003
1.75325	3.7274837E-002
1.75475	5.3717613E-002
1.75625	6.9623947E-002
1.75775	7.5016975E-002
1.75925	8.6047173E-002
1.76075	4.0877342E-002
1.76225	1.3833046E-002
1.76375	7.2745800E-002
1.76525	7.3620796E-002
1.76675	1.0128832E-001
1.76825	1.2006044E-001
1.76975	1.3217545E-001
1.77125	1.2261772E-001
1.77275	1.2254906E-001
1.77425	1.1997080E-001
1.77575	1.2202597E-001
1.77725	9.9044800E-002
1.77875	9.2777729E-002
1.78025	1.1352491E-001
1.78175	1.0670137E-001
1.78325	1.0939550E-001
1.78475	1.0251570E-001
1.78625	1.1574507E-001
1.78775	1.2911654E-001
1.78925	1.0702419E-001
1.79075	9.2275143E-002
1.79225	7.1046829E-002
1.79375	3.6537647E-002
1.79525	3.2341003E-002
1.79675	6.1095238E-002
1.79825	2.4021149E-002
1.79975	5.3181171E-002
1.80125	5.7959557E-002
1.80275	7.0693016E-002
1.80425	6.6915512E-002
1.80575	1.8423080E-002
1.80725	5.2437782E-003
1.80875	6.1045647E-002
1.81025	7.2002888E-002
1.81175	5.4313660E-002
1.81325	2.0367622E-002
1.81475	1.7426968E-002
1.81625	5.0224781E-002
1.81775	-1.9576550E-002
1.81925	-3.1017780E-002
1.82075	-4.4089317E-002
1.82225	-6.2122345E-003
1.82375	3.0460358E-002
1.82525	2.2458076E-002
1.82675	4.6967506E-002
1.82825	6.7516804E-002
1.82975	1.1395025E-001
1.83125	9.4591618E-002
1.83275	7.4980736E-002
1.83425	7.1890354E-002
1.83575	1.1122704E-001
1.83725	7.3636055E-002
1.83875	-6.4425945E-002
1.84025	1.2706947E-001
1.84175	1.5108919E-001
1.84325	1.7197657E-001
1.84475	2.1993446E-001
1.84625	2.2250175E-001
1.84775	2.8160763E-001
1.84925	1.8375635E-001
1.85075	1.5312815E-001
1.85225	9.6560478E-002
1.85375	7.9836845E-002
1.85525	3.7280083E-002
1.85675	-7.8087330E-002
1.85825	-1.6222477E-002
1.85975	-5.2593708E-002
1.86125	-1.6102791E-002
1.86275	-9.8469734E-002
1.86425	-7.3194981E-002
1.86575	-4.0520191E-002
1.86725	-5.1853180E-002
1.86875	4.5777321E-002
1.87025	6.4615250E-002
1.87175	8.4960461E-002
1.87325	8.2725048E-002
1.87475	1.1723185E-001
1.87625	6.4802170E-002
1.87775	-7.3314190E-002
1.87925	-1.4974689E-001
1.88075	-5.2767277E-002
1.88225	4.1551113E-002
1.88375	-2.8527260E-002
1.88525	-3.9153576E-002
1.88675	5.2210331E-002
1.88825	1.0852528E-001
1.88975	4.2012691E-002
1.89125	-2.0445347E-002
1.89275	1.9202232E-002
1.89425	5.4481506E-002
1.89575	-3.1872272E-002
1.89725	-8.2499981E-002
1.89875	-7.0858955E-002
1.90025	-1.0788298E-001
1.90175	-1.1971712E-001
1.90325	-1.9554996E-001
1.90475	-1.0155296E-001
1.90625	-9.3118668E-002
1.90775	-1.0376835E-001
1.90925	-8.6118221E-002
1.91075	-9.4852924E-002
1.91225	-1.2032032E-002
1.91375	-9.2821121E-002
1.91525	-8.2863331E-002
1.91675	2.6826859E-003
1.91825	3.4524441E-002
1.91975	8.7450981E-002
1.92125	4.5390129E-003
1.92275	-1.7106056E-002
1.92425	9.3126774E-002
1.92575	7.7941418E-002
1.92725	1.5339947E-001
1.92875	1.2482071E-001
1.93025	1.5344572E-001
1.93175	1.6024399E-001
1.93325	7.4562550E-002
1.93475	4.4838428E-002
1.93625	-1.3903618E-002
1.93775	-1.0504723E-002
1.93925	-7.6005936E-002
1.94075	-7.5885296E-002
1.94225	-1.1159420E-001
1.94375	-9.6245289E-002
1.94525	-1.4805365E-001
1.94675	-1.7597485E-001
1.94825	-8.1090450E-002
1.94975	-1.2827873E-001
1.95125	-4.8197746E-002
1.95275	-6.4181328E-002
1.95425	-1.2861729E-002
1.95575	6.9869995E-002
1.95725	-4.0259361E-003
1.95875	1.0246611E-001
1.96025	1.1317015E-001
1.96175	1.7260551E-001
1.96325	2.3249674E-001
1.96475	1.4047098E-001
1.96625	1.2237215E-001
1.96775	1.2358856E-001
1.96925	4.8847675E-002
1.97075	2.6604176E-002
1.97225	-1.5667439E-002
1.97375	-2.8396606E-002
1.97525	-5.7760239E-002
1.97675	-1.2811756E-001
1.97825	-5.0828457E-002
1.97975	-7.8795433E-002
1.98125	-7.7816010E-002
1.98275	-6.9085598E-002
1.98425	-3.1484127E-002
1.98575	-5.1012516E-002
1.98725	-6.8152905E-002
1.98875	-5.4636002E-003
1.99025	-1.2925625E-002
1.99175	7.1716309E-003
1.99325	-4.5237541E-003
1.99475	7.7425480E-002
1.99625	9.0327263E-002
1.99775	1.2091160E-002
1.99925	-1.1958599E-002
2.00075	-5.8671474E-002
2.00225	1.0384512E-001
2.00375	3.6547661E-002
2.00525	9.9941730E-002
2.00675	1.8419600E-001
2.00825	1.5549660E-001
2.00975	2.0235729E-001
2.01125	1.1958075E-001
2.01275	1.4787483E-001
2.01425	9.6485138E-002
2.01575	-4.0316582E-003
2.01725	-4.4760704E-002
2.01875	-1.4939070E-001
2.02025	-1.5446854E-001
2.02175	-2.0607853E-001
2.02325	-2.5766802E-001
2.02475	-2.0719337E-001
2.02625	-1.5138960E-001
2.02775	-1.4830446E-001
2.02925	-1.7559671E-001
2.03075	-1.6812944E-001
2.03225	-1.6025496E-001
2.03375	-2.0628738E-001
2.03525	-1.5719557E-001
2.03675	-1.1429071E-001
2.03825	5.5749416E-002
2.03975	2.0648384E-001
2.04125	3.0681038E-001
2.04275	2.8634024E-001
2.04425	2.7305937E-001
2.04575	2.6850700E-001
2.04725	1.5345812E-001
2.04875	5.2610397E-002
2.05025	-5.2207470E-002
2.05175	-9.8314285E-002
2.05325	-1.3857174E-001
2.05475	-2.0200491E-001
2.05625	-1.9816065E-001
2.05775	-2.1660805E-001
2.05925	-2.2721243E-001
2.06075	-2.0186424E-001
2.06225	-2.2462940E-001
2.06375	-1.8342829E-001
2.06525	-1.6245270E-001
2.06675	-1.3389349E-001
2.06825	-1.5615463E-001
2.06975	-1.1397219E-001
2.07125	1.7784119E-002
2.07275	6.8570137E-002
2.07425	9.3520641E-002
2.07575	1.1327553E-001
2.07725	1.8059063E-001
2.07875	1.7805862E-001
2.08025	1.5561581E-001
2.08175	2.0162010E-001
2.08325	2.2305536E-001
2.08475	1.5511608E-001
2.08625	7.7588081E-002
2.08775	9.7880840E-002
2.08925	8.7766171E-002
2.09075	-2.9224396E-002
2.09225	-5.0412655E-002
2.09375	-5.5785179E-003
2.09525	1.6746521E-002
2.09675	-2.3593903E-002
2.09825	-9.4590187E-002
2.09975	-1.2233734E-001
2.10125	-1.8884516E-001
2.10275	-3.2174969E-001
2.10425	-3.7793303E-001
2.10575	-4.4089079E-001
2.10725	-4.6027470E-001
2.10875	-4.2140341E-001
2.11025	-2.3797035E-001
2.11175	-1.5021467E-001
2.11325	-1.3547945E-001
2.11475	-4.6037197E-002
2.11625	6.6972256E-002
2.11775	1.3172197E-001
2.11925	8.7573528E-002
2.12075	2.2660732E-001
2.12225	3.8010597E-001
2.12375	3.8648748E-001
2.12525	3.9021158E-001
2.12675	3.7074947E-001
2.12825	3.7902117E-001
2.12975	3.0397272E-001
2.13125	2.2152424E-001
2.13275	2.3210192E-001
2.13425	1.3090944E-001
2.13575	1.7788649E-001
2.13725	1.2684584E-001
2.13875	1.3518333E-001
2.14025	1.3091898E-001
2.14175	6.9490433E-002
2.14325	8.1425190E-002
2.14475	-4.3964386E-003
2.14625	8.2607269E-003
2.14775	-4.1644573E-002
2.14925	-8.2031727E-002
2.15075	-1.0805082E-001
2.15225	-8.3216667E-002
2.15375	-9.1129780E-002
2.15525	-1.5376806E-001
2.15675	6.4950466E-002
2.15825	2.3859692E-001
2.15975	3.8588905E-001
2.16125	4.3971014E-001
2.16275	4.2922878E-001
2.16425	4.8582888E-001
2.16575	4.5529938E-001
2.16725	3.4812307E-001
2.16875	3.2718945E-001
2.17025	2.8190374E-001
2.17175	2.4262285E-001
2.17325	1.4622307E-001
2.17475	8.2381725E-002
2.17625	1.2564993E-001
2.17775	5.0582409E-002
2.17925	4.1677952E-002
2.18075	3.0504704E-002
2.18225	5.8690071E-002
2.18375	5.3708553E-002
2.18525	3.2979965E-002
2.18675	1.5144348E-002
2.18825	-1.4734268E-003
2.18975	8.7703228E-002
2.19125	8.1717491E-002
2.19275	1.6692734E-001
2.19425	1.5949202E-001
2.19575	3.1170273E-001
2.19725	4.0869617E-001
2.19875	4.4699907E-001
2.20025	4.7073269E-001
2.20175	4.6938848E-001
2.20325	4.7412968E-001
2.20475	3.7087917E-001
2.20625	3.2537317E-001
2.20775	2.8830004E-001
2.20925	3.1278563E-001
2.21075	2.6680994E-001
2.21225	2.2116327E-001
2.21375	2.1595478E-001
2.21525	1.6683292E-001
2.21675	1.0381603E-001
2.21825	4.4679642E-002
2.21975	6.3052177E-002
2.22125	5.8549404E-002
2.22275	7.0043564E-002
2.22425	9.7535133E-002
2.22575	1.2558937E-001
2.22725	9.6013069E-002
2.22875	8.2952976E-002
2.23025	1.2297630E-001
2.23175	1.1099625E-001
2.23325	1.6749239E-001
2.23475	2.0826483E-001
2.23625	2.7500248E-001
2.23775	2.7532673E-001
2.23925	2.7567196E-001
2.24075	2.9761028E-001
2.24225	2.9366255E-001
2.24375	2.9884291E-001
2.24525	3.2549334E-001
2.24675	3.2313967E-001
2.24825	3.0506039E-001
2.24975	2.9338217E-001
2.25125	3.0180979E-001
2.25275	2.7969265E-001
2.25425	2.4499130E-001
2.25575	2.1042204E-001
2.25725	1.9241142E-001
2.25875	1.7442226E-001
2.26025	1.1937332E-001
2.26175	1.0198021E-001
2.26325	1.0733175E-001
2.26475	8.2090855E-002
2.26625	5.2216530E-002
2.26775	4.2982578E-002
2.26925	5.9452057E-002
2.27075	7.9337597E-002
2.27225	1.6626835E-002
2.27375	1.2555265E-001
2.27525	1.9276762E-001
2.27675	2.3387957E-001
2.27825	2.4203825E-001
2.27975	2.1375847E-001
2.28125	1.8018150E-001
2.28275	2.0515728E-001
2.28425	2.3867798E-001
2.28575	2.3994493E-001
2.28725	1.9585752E-001
2.28875	1.8705320E-001
2.29025	2.1243811E-001
2.29175	1.7075872E-001
2.29325	1.3379812E-001
2.29475	1.0524750E-001
2.29625	1.2122011E-001
2.29775	1.0929537E-001
2.29925	9.0030193E-002
2.30075	8.8708401E-002
2.30225	8.2619190E-002
2.30375	8.7902069E-002
2.30525	6.7664623E-002
2.30675	4.0965557E-002
2.30825	3.7230492E-002
2.30975	3.4365177E-002
2.31125	7.1744442E-002
2.31275	4.3139458E-002
2.31425	4.8099041E-002
2.31575	2.0146370E-001
2.31725	2.2764254E-001
2.31875	2.5888443E-001
2.32025	2.1856213E-001
2.32175	2.6087189E-001
2.32325	3.0140781E-001
2.32475	2.6746368E-001
2.32625	2.5706863E-001
2.32775	2.5838852E-001
2.32925	2.5276423E-001
2.33075	2.5646067E-001
2.33225	2.1579170E-001
2.33375	2.1986103E-001
2.33525	1.9552803E-001
2.33675	1.7394257E-001
2.33825	1.6372871E-001
2.33975	1.5489531E-001
2.34125	1.7998028E-001
2.34275	1.5844202E-001
2.34425	1.6922808E-001
2.34575	1.7884493E-001
2.34725	2.0718718E-001
2.34875	1.9887829E-001
2.35025	1.7560148E-001
2.35175	1.7517853E-001
2.35325	1.9658613E-001
2.35475	1.7525387E-001
2.35625	1.7656040E-001
2.35775	1.8010044E-001
2.35925	2.0041895E-001
2.36075	2.4134064E-001
2.36225	2.5006485E-001
2.36375	2.7051735E-001
2.36525	2.3482943E-001
2.36675	2.4655128E-001
2.36825	2.4490476E-001
2.36975	2.4159002E-001
2.37125	2.3879671E-001
2.37275	2.2849894E-001
2.37425	2.2516084E-001
2.37575	2.1882391E-001
2.37725	2.1032023E-001
2.37875	2.0801616E-001
2.38025	2.0315075E-001
2.38175	2.0459557E-001
2.38325	2.0729423E-001
2.38475	2.0928192E-001
2.38625	2.2714877E-001
2.38775	2.1464324E-001
2.38925	2.2162557E-001
2.39075	2.1692276E-001
2.39225	2.2701049E-001
2.39375	2.0650363E-001
2.39525	1.5958953E-001
2.39675	1.4308810E-001
2.39825	9.3066931E-002
2.39975	6.6444874E-002
2.40125	2.0058870E-002
2.40275	2.1886826E-003
2.40425	-4.1742325E-003
2.40575	-2.3589849E-002
2.40725	-2.7431488E-002
2.40875	-2.6820421E-002
2.41025	-2.6850224E-002
2.41175	-2.7728558E-002
2.41325	-2.6310205E-002
2.41475	-2.5288582E-002
2.41625	-1.9443750E-002
2.41775	-2.0689726E-002
2.41925	-1.6024113E-002
2.42075	-1.3825417E-002
2.42225	-1.4515638E-002
2.42375	-1.7140627E-002
2.42525	-1.9879580E-002
2.42675	-1.9781351E-002
2.42825	-1.7951250E-002
2.42975	-2.0174265E-002
2.43125	-1.9160986E-002
2.43275	-1.7814636E-002
2.43425	-1.7886162E-002
2.43575	-1.5680313E-002
2.43725	-1.7462015E-002
2.43875	-1.4719009E-002
2.44025	-1.5067339E-002
2.44175	-1.1294127E-002
2.44325	-9.4537735E-003
2.44475	-7.4152946E-003
2.44625	-5.2094460E-003
2.44775	-2.5737286E-003
2.44925	1.7035007E-003
2.45075	2.4755001E-003
2.45225	7.6162815E-003
2.45375	9.8712444E-003
2.45525	1.3877869E-002
2.45675	1.8056154E-002
2.45825	2.1820307E-002
2.45975	3.0763626E-002
2.46125	3.1839132E-002
2.46275	3.5143852E-002
2.46425	3.8136244E-002
2.46575	3.8822651E-002
2.46725	4.2785406E-002
2.46875	4.4321537E-002
2.47025	5.5867434E-002
2.47175	6.5382957E-002
2.47325	8.2996845E-002
2.47475	9.1787577E-002
2.47625	1.0375524E-001
2.47775	9.3660831E-002
2.47925	8.7594748E-002
2.48075	4.0164471E-002
2.48225	-3.5785198E-002
2.48375	-7.4494362E-002
2.48525	-1.2571716E-001
2.48675	-1.7066836E-001
2.48825	-1.8914676E-001
2.48975	-1.9387674E-001
2.49125	-1.8363214E-001
2.49275	-1.9318056E-001
2.49425	-2.1313190E-001
2.49575	-1.9932175E-001
2.49725	-1.9458389E-001
2.49875	-1.8324876E-001
2.50025	-1.8265820E-001
2.50175	-1.7951608E-001
2.50325	-1.4851856E-001
2.50475	-1.3035011E-001
2.50625	-1.2242556E-001
2.50775	-1.1766911E-001
2.50925	-1.2366915E-001
2.51075	-9.4348431E-002
2.51225	-8.4877968E-002
2.51375	-4.9224854E-002
2.51525	-3.5257339E-002
2.51675	-2.7576923E-002
2.51825	-2.0610809E-002
2.51975	2.6007175E-002
2.52125	-4.2486191E-004
2.52275	1.2329102E-002
2.52425	2.0373821E-002
2.52575	7.1244240E-003
2.52725	-1.9501686E-002
2.52875	-3.3154488E-002
2.53025	-6.2374592E-002
2.53175	-1.0702467E-001
2.53325	-1.2883759E-001
2.53475	-1.3605738E-001
2.53625	-1.1880016E-001
2.53775	-1.4488459E-001
2.53925	-1.2506819E-001
2.54075	-1.4046288E-001
2.54225	-1.8647814E-001
2.54375	-1.9882822E-001
2.54525	-1.9572783E-001
2.54675	-1.9343185E-001
2.54825	-2.1319818E-001
2.54975	-1.8881845E-001
2.55125	-9.3809128E-002
2.55275	4.9152374E-003
2.55425	2.1547794E-002
2.55575	1.0350227E-001
2.55725	1.2701368E-001
2.55875	1.7195702E-001
2.56025	1.3718987E-001
2.56175	2.0442963E-002
2.56325	-5.6671619E-002
2.56475	-1.0293674E-001
2.56625	-1.2348127E-001
2.56775	-1.0629272E-001
2.56925	-1.7208862E-001
2.57075	-1.3570547E-001
2.57225	-1.0758018E-001
2.57375	-1.1651945E-001
2.57525	-1.1678791E-001
2.57675	-1.4281940E-001
2.57825	-1.2479782E-001
2.57975	-1.8811178E-001
2.58125	-1.9756794E-001
2.58275	-2.5057268E-001
2.58425	-2.6839352E-001
2.58575	-2.4702835E-001
2.58725	-1.9906282E-001
2.58875	-1.2372780E-001
2.59025	-1.4232302E-001
2.59175	-1.1122847E-001
2.59325	-4.2976856E-002
2.59475	-1.0476685E-001
2.59625	-1.6732693E-001
2.59775	-1.0618830E-001
2.59925	-7.8238010E-002
2.60075	-6.2697411E-002
2.60225	-1.3240814E-001
2.60375	-1.3693953E-001
2.60525	-1.8559313E-001
2.60675	-1.5620279E-001
2.60825	-2.0046663E-001
2.60975	-1.8758821E-001
2.61125	-1.3444281E-001
2.61275	-1.8606234E-001
2.61425	-1.9945717E-001
2.61575	-2.2326374E-001
2.61725	-2.2828197E-001
2.61875	-2.4453735E-001
2.62025	-2.9859591E-001
2.62175	-2.6485682E-001
2.62325	-2.5816584E-001
2.62475	-3.1524706E-001
2.62625	-3.3342361E-001
2.62775	-2.7597380E-001
2.62925	-3.3544683E-001
2.63075	-3.1451797E-001
2.63225	-2.3847294E-001
2.63375	-1.3672972E-001
2.63525	-6.9047451E-002
2.63675	-1.3484001E-001
2.63825	-1.9859791E-002
2.63975	1.1287022E-001
2.64125	1.1739874E-001
2.64275	1.1579037E-001
2.64425	5.3026676E-002
2.64575	1.9063950E-002
2.64725	2.6133060E-002
2.64875	-6.9915295E-002
2.65025	-1.6229725E-001
2.65175	-2.6885271E-001
2.65325	-1.6124630E-001
2.65475	-1.4514637E-001
2.65625	-1.9563007E-001
2.65775	-2.5549650E-001
2.65925	-2.0759630E-001
2.66075	-2.0736027E-001
2.66225	-2.7789259E-001
2.66375	-2.8236723E-001
2.66525	-3.2483339E-001
2.66675	-1.9280148E-001
2.66825	-1.9639826E-001
2.66975	-1.5454865E-001
2.67125	-1.3358116E-001
2.67275	-1.7889166E-001
2.67425	-1.4562273E-001
2.67575	-2.6397276E-001
2.67725	-1.7359686E-001
2.67875	-7.2476864E-002
2.68025	-1.2718916E-001
2.68175	4.0128708E-002
2.68325	6.2047482E-002
2.68475	8.4462166E-002
2.68625	9.2190266E-002
2.68775	7.9133987E-002
2.68925	6.7542553E-002
2.69075	2.1950245E-002
2.69225	2.2366047E-002
2.69375	-3.1210899E-002
2.69525	-7.7511787E-002
2.69675	-6.2327862E-002
2.69825	-5.2061081E-002
2.69975	-1.2724686E-001
2.70125	-2.1264744E-001
2.70275	-2.4932384E-001
2.70425	-2.8721428E-001
2.70575	-4.7650051E-001
2.70725	-6.4912653E-001
2.70875	-5.2568531E-001
2.71025	-2.6702881E-001
2.71175	-2.0114613E-001
2.71325	-9.7637653E-002
2.71475	-3.7383556E-002
2.71625	1.0707378E-002
2.71775	7.4569702E-002
2.71925	-3.3891201E-002
2.72075	1.5178537E-001
2.72225	1.3990545E-001
2.72375	1.5916777E-001
2.72525	1.8068695E-001
2.72675	1.2215233E-001
2.72825	1.6351175E-001
2.72975	1.1343765E-001
2.73125	7.0351601E-002
2.73275	3.5122395E-002
2.73425	-2.1746159E-002
2.73575	-1.0132313E-002
2.73725	-8.1974506E-002
2.73875	-1.3622856E-001
2.74025	-1.4786482E-001
2.74175	-1.9522810E-001
2.74325	-1.9385576E-001
2.74475	-2.6978445E-001
2.74625	-3.3329296E-001
2.74775	-4.2299175E-001
2.74925	-4.2608452E-001
2.75075	-3.0864859E-001
2.75225	-1.9619799E-001
2.75375	-1.3692474E-001
2.75525	-8.4785938E-002
2.75675	-4.5628548E-002
2.75825	1.3494444E-001
2.75975	1.9670820E-001
2.76125	1.4570951E-001
2.76275	1.0792780E-001
2.76425	1.9166088E-001
2.76575	2.0099974E-001
2.76725	1.0454321E-001
2.76875	9.3600750E-002
2.77025	1.8105173E-001
2.77175	2.1959019E-001
2.77325	2.2124386E-001
2.77475	1.9621086E-001
2.77625	2.1173096E-001
2.77775	1.8238688E-001
2.77925	1.2479877E-001
2.78075	5.2075863E-002
2.78225	-5.0487041E-002
2.78375	-2.4771214E-002
2.78525	-5.4724216E-002
2.78675	-1.3529301E-002
2.78825	-6.8382263E-002
2.78975	1.2705326E-002
2.79125	4.0931702E-002
2.79275	5.3596497E-004
2.79425	-2.5785446E-002
2.79575	1.8691063E-002
2.79725	1.6381931E-001
2.79875	1.4300346E-001
2.80025	1.7274904E-001
2.80175	2.9123640E-001
2.80325	3.4127474E-001
2.80475	2.5327921E-001
2.80625	2.0198488E-001
2.80775	2.2926617E-001
2.80925	2.3104334E-001
2.81075	2.3218203E-001
2.81225	1.9382668E-001
2.81375	1.4798212E-001
2.81525	1.5365124E-001
2.81675	2.0346689E-001
2.81825	1.5889740E-001
2.81975	1.1913157E-001
2.82125	6.6993713E-002
2.82275	1.0166073E-001
2.82425	3.9025307E-002
2.82575	-1.2335443E-001
2.82725	-5.2555084E-002
2.82875	-1.4057255E-001
2.83025	-8.9649677E-002
2.83175	-3.6758900E-002
2.83325	8.7603569E-002
2.83475	9.9792480E-002
2.83625	5.8475971E-002
2.83775	1.2462950E-001
2.83925	2.0594645E-001
2.84075	2.2997475E-001
2.84225	1.3928461E-001
2.84375	2.0002365E-001
2.84525	1.8355036E-001
2.84675	1.8602467E-001
2.84825	1.3681030E-001
2.84975	1.7710543E-001
2.85125	1.7254400E-001
2.85275	1.3620520E-001
2.85425	1.5803576E-001
2.85575	1.0294819E-001
2.85725	1.2274837E-001
2.85875	8.2230568E-003
2.86025	-1.0033131E-002
2.86175	2.2365093E-002
2.86325	-5.0082207E-002
2.86475	-4.9290180E-002
2.86625	-1.0508966E-001
2.86775	-3.2127380E-002
2.86925	-1.8416882E-002
2.87075	-8.3178997E-002
2.87225	-3.3183098E-002
2.87375	1.4498711E-002
2.87525	5.6227207E-002
2.87675	4.2478561E-002
2.87825	6.1493874E-002
2.87975	1.4303207E-002
2.88125	5.4048061E-002
2.88275	1.5371847E-001
2.88425	2.1441460E-001
2.88575	2.7355289E-001
2.88725	3.6263227E-001
2.88875	3.9156055E-001
2.89025	3.3222914E-001
2.89175	2.2940445E-001
2.89325	2.1100330E-001
2.89475	1.4967823E-001
2.89625	1.0129929E-002
2.89775	-1.0496283E-001
2.89925	-6.5965652E-003
2.90075	4.0768623E-002
2.90225	5.2798271E-002
2.90375	5.1561832E-002
2.90525	1.2044668E-001
2.90675	1.9263411E-001
2.90825	1.5379047E-001
2.90975	1.7638016E-001
2.91125	9.1198921E-002
2.91275	1.0648775E-001
2.91425	1.5088129E-001
2.91575	1.5395737E-001
2.91725	1.8180323E-001
2.91875	2.3159599E-001
2.92025	3.4870577E-001
2.92175	3.8317823E-001
2.92325	3.3302259E-001
2.92475	2.4515676E-001
2.92625	2.2815752E-001
2.92775	1.8168211E-001
2.92925	1.5999508E-001
2.93075	1.3948631E-001
2.93225	1.4344549E-001
2.93375	1.4935160E-001
2.93525	2.0806074E-001
2.93675	2.0409679E-001
2.93825	2.0751810E-001
2.93975	2.1855545E-001
2.94125	2.2350168E-001
2.94275	2.5030136E-001
2.94425	2.1314764E-001
2.94575	2.2558498E-001
2.94725	2.4411678E-001
2.94875	2.1211720E-001
2.95025	1.9310570E-001
2.95175	1.6516352E-001
2.95325	2.3755741E-001
2.95475	2.7981615E-001
2.95625	2.3048449E-001
2.95775	3.1288862E-001
2.95925	3.7529898E-001
2.96075	3.7211704E-001
2.96225	3.0366516E-001
2.96375	3.7100792E-001
2.96525	3.5330534E-001
2.96675	4.3346786E-001
2.96825	3.8620615E-001
2.96975	3.8365889E-001
2.97125	4.6127033E-001
2.97275	4.3270826E-001
2.97425	4.1000700E-001
2.97575	3.3041239E-001
2.97725	3.4509659E-001
2.97875	3.2399988E-001
2.98025	2.7598953E-001
2.98175	2.3074293E-001
2.98325	2.4471617E-001
2.98475	2.2376251E-001
2.98625	1.8848372E-001
2.98775	2.0659447E-001
2.98925	1.6881800E-001
2.99075	1.9192839E-001
2.99225	1.9082355E-001
2.99375	2.3703003E-001
2.99525	2.2451162E-001
2.99675	2.5830078E-001
2.99825	3.0857658E-001
2.99975	2.8862715E-001
3.00125	2.8141403E-001
3.00275	3.1395817E-001
3.00425	3.0469322E-001
3.00575	3.6816311E-001
3.00725	2.8050089E-001
3.00875	2.7019978E-001
3.01025	2.0239973E-001
3.01175	2.1305752E-001
3.01325	2.2275829E-001
3.01475	1.8977022E-001
3.01625	2.0830536E-001
3.01775	1.9045305E-001
3.01925	1.9449568E-001
3.02075	1.5024805E-001
3.02225	1.5703011E-001
3.02375	1.2457800E-001
3.02525	1.1275434E-001
3.02675	1.2475872E-001
3.02825	2.1534586E-001
3.02975	2.2369337E-001
3.03125	2.5247478E-001
3.03275	2.4091196E-001
3.03425	2.6658964E-001
3.03575	2.8608799E-001
3.03725	2.4066305E-001
3.03875	3.6380053E-001
3.04025	4.5103264E-001
3.04175	4.7434139E-001
3.04325	4.4564962E-001
3.04475	4.6887922E-001
3.04625	4.1932154E-001
3.04775	3.1825876E-001
3.04925	1.7148542E-001
3.05075	1.7799187E-001
3.05225	2.1336603E-001
3.05375	1.4167452E-001
3.05525	1.5391302E-001
3.05675	1.9509792E-001
3.05825	2.8661013E-001
3.05975	2.8686285E-001
3.06125	2.7646399E-001
3.06275	2.8407001E-001
3.06425	3.3705568E-001
3.06575	2.9433441E-001
3.06725	2.4726105E-001
3.06875	2.7405643E-001
3.07025	2.5062943E-001
3.07175	3.0095720E-001
3.07325	2.3357391E-001
3.07475	3.5753965E-001
3.07625	3.3067513E-001
3.07775	3.4508467E-001
3.07925	3.6343575E-001
3.08075	2.9505920E-001
3.08225	2.7334452E-001
3.08375	3.0102777E-001
3.08525	3.0710697E-001
3.08675	3.1497526E-001
3.08825	3.1161547E-001
3.08975	3.2642555E-001
3.09125	3.1429338E-001
3.09275	2.5425291E-001
3.09425	3.0662251E-001
3.09575	2.8048372E-001
3.09725	2.8633690E-001
3.09875	2.6063967E-001
3.10025	2.5917339E-001
3.10175	2.8119278E-001
3.10325	1.9961739E-001
3.10475	1.8829966E-001
3.10625	1.9386673E-001
3.10775	2.2757006E-001
3.10925	2.2680807E-001
3.11075	2.2851706E-001
3.11225	2.9496193E-001
3.11375	3.1427145E-001
3.11525	3.8311958E-001
3.11675	3.7757063E-001
3.11825	3.6633110E-001
3.11975	4.1065311E-001
3.12125	4.8039770E-001
3.12275	4.6835327E-001
3.12425	3.7659740E-001
3.12575	3.3486748E-001
3.12725	3.7009335E-001
3.12875	2.8985643E-001
3.13025	1.8277693E-001
3.13175	1.2233543E-001
3.13325	1.3781643E-001
3.13475	1.2775087E-001
3.13625	1.3128519E-001
3.13775	1.9897938E-001
3.13925	2.0956039E-001
3.14075	2.3233843E-001
3.14225	2.4137402E-001
3.14375	2.7875090E-001
3.14525	2.6510096E-001
3.14675	2.2338820E-001
3.14825	2.2620487E-001
3.14975	2.2805786E-001
3.15125	2.1734858E-001
3.15275	2.2164392E-001
3.15425	2.6231670E-001
3.15575	3.2929564E-001
3.15725	3.5742521E-001
3.15875	4.3182230E-001
3.16025	4.1301250E-001
3.16175	3.9908504E-001
3.16325	3.6609507E-001
3.16475	3.4461880E-001
3.16625	3.1552124E-001
3.16775	2.6172876E-001
3.16925	2.5267935E-001
3.17075	2.3990536E-001
3.17225	1.9485188E-001
3.17375	1.6921377E-001
3.17525	1.9838762E-001
3.17675	1.9834423E-001
3.17825	2.2753096E-001
3.17975	2.2222757E-001
3.18125	2.2733879E-001
3.18275	2.1220398E-001
3.18425	2.3911858E-001
3.18575	2.7375317E-001
3.18725	2.6095438E-001
3.18875	2.8154278E-001
3.19025	3.0036736E-001
3.19175	3.3850193E-001
3.19325	3.0080843E-001
3.19475	2.6373625E-001
3.19625	2.8461885E-001
3.19775	2.9598856E-001
3.19925	2.8282833E-001
3.20075	2.5984383E-001
3.20225	2.1347523E-001
3.20375	1.6562319E-001
3.20525	9.9264145E-002
3.20675	3.4817219E-002
3.20825	1.5680790E-002
3.20975	-1.6586304E-002
3.21125	-3.3177853E-002
3.21275	-4.0762901E-002
3.21425	-4.8316002E-002
3.21575	-4.5867920E-002
3.21725	-4.8185825E-002
3.21875	-4.7849894E-002
3.22025	-4.6697855E-002
3.22175	-6.3013077E-002
3.22325	-5.2234411E-002
3.22475	-4.0371180E-002
3.22625	-4.5434952E-002
3.22775	-4.6731234E-002
3.22925	-4.1737795E-002
3.23075	-2.3765564E-002
3.23225	-3.4957647E-002
3.23375	-4.5956612E-002
3.23525	-3.7704706E-002
3.23675	-3.2358170E-002
3.23825	-3.0286789E-002
3.23975	-3.2100916E-002
3.24125	-2.3072720E-002
3.24275	-1.8049002E-002
3.24425	-1.6292095E-002
3.24575	-2.3740530E-002
3.24725	-2.5130749E-002
3.24875	-2.5964022E-002
3.25025	-2.2633791E-002
3.25175	-8.8374615E-003
3.25325	-1.0723352E-002
3.25475	1.1486769E-002
3.25625	1.8308878E-002
3.25775	2.0971775E-002
3.25925	2.8227806E-002
3.26075	1.7455816E-002
3.26225	3.3732414E-002
3.26375	2.0975590E-002
3.26525	3.3486605E-002
3.26675	4.7113895E-002
3.26825	5.4515123E-002
3.26975	7.7918053E-002
3.27125	7.8755379E-002
3.27275	1.3259697E-001
3.27425	1.6482925E-001
3.27575	2.1133232E-001
3.27725	2.4215460E-001
3.27875	2.7086020E-001
3.28025	3.3053780E-001
3.28175	3.1545258E-001
3.28325	2.4902964E-001
3.28475	2.2024727E-001
3.28625	1.7365217E-001
3.28775	5.3078651E-002
3.28925	-6.9574833E-002
3.29075	-1.7331886E-001
3.29225	-1.6010332E-001
3.29375	-2.5697184E-001
3.29525	-2.6747370E-001
3.29675	-1.7577839E-001
3.29825	-1.7266178E-001
3.29975	-8.7082863E-002
3.30125	-9.4663620E-002
3.30275	-3.4228802E-002
3.30425	3.3712387E-004
3.30575	-4.2387962E-002
3.30725	1.0024071E-002
3.30875	-6.6890717E-002
3.31025	-1.2072182E-001
3.31175	-1.4356661E-001
3.31325	-2.0951128E-001
3.31475	-5.7894230E-002
3.31625	-1.4372206E-001
3.31775	-6.6676617E-002
3.31925	9.3261242E-002
3.32075	9.1489792E-002
3.32225	1.5842676E-001
3.32375	1.1091518E-001
3.32525	2.2063875E-001
3.32675	2.4520493E-001
3.32825	1.8714523E-001
3.32975	1.9337606E-001
3.33125	1.3130903E-001
3.33275	1.3802814E-001
3.33425	1.2669086E-001
3.33575	8.1483841E-002
3.33725	4.2598248E-002
3.33875	-3.7966728E-002
3.34025	-6.6404343E-002
3.34175	-8.8667870E-002
3.34325	-2.5125790E-001
3.34475	-2.3029375E-001
3.34625	-2.0230722E-001
3.34775	-1.2656641E-001
3.34925	-4.9016953E-002
3.35075	-4.2935371E-002
3.35225	3.3493042E-003
3.35375	8.7779045E-002
3.35525	1.6724968E-001
3.35675	2.0775461E-001
3.35825	3.5862780E-001
3.35975	3.5921955E-001
3.36125	3.7814474E-001
3.36275	3.8921499E-001
3.36425	3.6502600E-001
3.36575	3.9054823E-001
3.36725	2.9252720E-001
3.36875	3.7061644E-001
3.37025	3.8182211E-001
3.37175	3.8981295E-001
3.37325	3.7267876E-001
3.37475	3.3182478E-001
3.37625	2.9186058E-001
3.37775	1.9152021E-001
3.37925	1.5084982E-001
3.38075	7.0462227E-002
3.38225	2.8287888E-002
3.38375	-1.4763832E-002
3.38525	-6.0752392E-002
3.38675	6.3386917E-002
3.38825	1.2599850E-001
3.38975	9.7713470E-002
3.39125	2.0175600E-001
3.39275	2.1706057E-001
3.39425	2.3008633E-001
3.39575	1.5336609E-001
3.39725	1.1007977E-001
3.39875	1.1567450E-001
3.40025	-5.5060387E-003
3.40175	-3.1185150E-003
3.40325	6.5263748E-002
3.40475	6.6081524E-002
3.40625	6.6523552E-002
3.40775	6.6749573E-002
3.40925	1.2485170E-001
3.41075	1.2490225E-001
3.41225	6.6932201E-002
3.41375	6.6941738E-002
3.41525	6.6945076E-002
3.41675	6.6946507E-002
3.41825	0.0000000E+000
3.41975	0.0000000E+000
3.42125	0.0000000E+000
3.42275	0.0000000E+000
3.42425	1.7609119E-001
3.42575	1.7609119E-001
3.42725	1.7609119E-001
3.42875	1.7609119E-001
3.43025	2.2184896E-001
3.43175	2.6324129E-001
3.43325	1.2493896E-001
3.43475	1.2493896E-001
3.43625	2.2184896E-001
3.43775	2.6324129E-001
3.43925	2.6324129E-001
3.44075	2.6324129E-001
3.44225	2.6324129E-001
3.44375	3.3579206E-001
3.44525	2.6324129E-001
3.44675	2.6324129E-001
3.44825	2.2184896E-001
3.44975	1.7609119E-001
3.45125	1.7609119E-001
3.45275	6.6946983E-002
3.45425	6.6946983E-002
3.45575	0.0000000E+000
3.45725	0.0000000E+000
3.45875	0.0000000E+000
3.46025	0.0000000E+000
3.46175	6.6946983E-002
3.46325	6.6946983E-002
3.46475	6.6946983E-002
3.46625	1.7609119E-001
3.46775	1.7609119E-001
3.46925	1.7609119E-001
3.47075	1.2493896E-001
3.47225	1.2493896E-001
3.47375	1.2493896E-001
3.47525	6.6946983E-002
3.47675	1.7609119E-001
3.47825	1.7609119E-001
3.47975	1.7609119E-001
3.48125	1.7609119E-001
3.48275	1.7609119E-001
3.48425	1.2493896E-001
3.48575	6.6946983E-002
3.48725	6.6946983E-002
3.48875	6.6946983E-002
3.49025	6.6946983E-002
3.49175	2.2184896E-001
3.49325	2.2184896E-001
3.49475	1.7609119E-001
3.49625	1.7609119E-001
3.49775	1.7609119E-001
3.49925	2.2184896E-001
3.50075	6.6946983E-002
3.50225	6.6946983E-002
3.50375	6.6946983E-002
3.50525	6.6946983E-002
3.50675	6.6946983E-002
3.50825	0.0000000E+000
3.50975	0.0000000E+000
3.51125	0.0000000E+000
3.51275	0.0000000E+000
3.51425	0.0000000E+000
3.51575	6.6946983E-002
3.51725	1.2493896E-001
3.51875	1.2493896E-001
3.52025	1.2493896E-001
3.52175	1.7609119E-001
3.52325	1.7609119E-001
3.52475	1.7609119E-001
3.52625	1.2493896E-001
3.52775	1.2493896E-001
3.52925	1.2493896E-001
3.53075	1.2493896E-001
3.53225	1.2493896E-001
3.53375	6.6946983E-002
3.53525	6.6946983E-002
3.53675	6.6946983E-002
3.53825	6.6946983E-002
3.53975	6.6946983E-002
3.54125	1.2493896E-001
3.54275	1.2493896E-001
3.54425	1.2493896E-001
3.54575	1.2493896E-001
3.54725	1.2493896E-001
3.54875	6.6946983E-002
3.55025	0.0000000E+000
3.55175	0.0000000E+000
3.55325	0.0000000E+000
3.55475	0.0000000E+000
3.55625	0.0000000E+000
3.55775	0.0000000E+000
3.55925	1.2493896E-001
3.56075	1.2493896E-001
3.56225	1.2493896E-001
3.56375	1.2493896E-001
3.56525	1.2493896E-001
3.56675	1.2493896E-001
3.56825	0.0000000E+000
3.56975	0.0000000E+000
3.57125	0.0000000E+000
3.57275	0.0000000E+000
3.57425	0.0000000E+000
3.57575	0.0000000E+000
3.57725	6.6946983E-002
3.57875	6.6946983E-002
3.58025	6.6946983E-002
3.58175	6.6946983E-002
3.58325	6.6946983E-002
3.58475	6.6946983E-002
3.58625	0.0000000E+000
3.58775	0.0000000E+000
3.58925	0.0000000E+000
3.59075	0.0000000E+000
3.59225	0.0000000E+000
3.59375	0.0000000E+000
3.59525	0.0000000E+000
3.59675	0.0000000E+000
3.59825	0.0000000E+000
3.59975	0.0000000E+000
3.60125	0.0000000E+000
3.60275	0.0000000E+000
3.60425	0.0000000E+000
3.60575	0.0000000E+000
3.60725	0.0000000E+000
3.60875	6.6946983E-002
3.61025	6.6946983E-002
3.61175	6.6946983E-002
3.61325	6.6946983E-002
3.61475	1.7609119E-001
3.61625	2.6324129E-001
3.61775	2.2184896E-001
3.61925	2.6324129E-001
3.62075	2.6324129E-001
3.62225	2.6324129E-001
3.62375	1.7609119E-001
3.62525	6.6946983E-002
3.62675	1.2493896E-001
3.62825	1.2493896E-001
3.62975	1.7609119E-001
3.63125	1.7609119E-001
3.63275	1.7609119E-001
3.63425	1.7609119E-001
3.63575	1.2493896E-001
3.63725	6.6946983E-002
3.63875	0.0000000E+000
3.64025	6.6946983E-002
3.64175	1.2493896E-001
3.64325	1.2493896E-001
3.64475	1.2493896E-001
3.64625	1.2493896E-001
3.64775	1.2493896E-001
3.64925	1.2493896E-001
3.65075	1.2493896E-001
3.65225	1.2493896E-001
3.65375	1.7609119E-001
3.65525	1.7609119E-001
3.65675	1.7609119E-001
3.65825	1.2493896E-001
3.65975	6.6946983E-002
3.66125	1.7609119E-001
3.66275	1.7609119E-001
3.66425	1.7609119E-001
3.66575	1.7609119E-001
3.66725	1.7609119E-001
3.66875	1.7609119E-001
3.67025	6.6946983E-002
3.67175	0.0000000E+000
3.67325	0.0000000E+000
3.67475	0.0000000E+000
3.67625	0.0000000E+000
3.67775	0.0000000E+000
3.67925	6.6946983E-002
3.68075	6.6946983E-002
3.68225	6.6946983E-002
3.68375	6.6946983E-002
3.68525	1.7609119E-001
3.68675	1.7609119E-001
3.68825	1.2493896E-001
3.68975	1.2493896E-001
3.69125	1.2493896E-001
3.69275	1.2493896E-001
3.69425	6.6946983E-002
3.69575	6.6946983E-002
3.69725	6.6946983E-002
3.69875	6.6946983E-002
3.70025	6.6946983E-002
3.70175	6.6946983E-002
3.70325	1.2493896E-001
3.70475	1.2493896E-001
3.70625	1.2493896E-001
3.70775	1.2493896E-001
3.70925	1.2493896E-001
3.71075	1.2493896E-001
3.71225	0.0000000E+000
3.71375	0.0000000E+000
3.71525	0.0000000E+000
3.71675	0.0000000E+000
3.71825	0.0000000E+000
3.71975	0.0000000E+000
3.72125	0.0000000E+000
3.72275	0.0000000E+000
3.72425	6.6946983E-002
3.72575	6.6946983E-002
3.72725	6.6946983E-002
3.72875	6.6946983E-002
3.73025	6.6946983E-002
3.73175	6.6946983E-002
3.73325	0.0000000E+000
3.73475	0.0000000E+000
3.73625	0.0000000E+000
3.73775	0.0000000E+000
3.73925	0.0000000E+000
3.74075	0.0000000E+000
3.74225	0.0000000E+000
3.74375	0.0000000E+000
3.74525	0.0000000E+000
3.74675	6.6946983E-002
3.74825	6.6946983E-002
3.74975	6.6946983E-002
3.75125	6.6946983E-002
3.75275	6.6946983E-002
3.75425	6.6946983E-002
3.75575	0.0000000E+000
3.75725	6.6946983E-002
3.75875	6.6946983E-002
3.76025	6.6946983E-002
3.76175	6.6946983E-002
3.76325	6.6946983E-002
3.76475	6.6946983E-002
3.76625	0.0000000E+000
3.76775	0.0000000E+000
3.76925	0.0000000E+000
3.77075	0.0000000E+000
3.77225	0.0000000E+000
3.77375	6.6946983E-002
3.77525	6.6946983E-002
3.77675	6.6946983E-002
3.77825	6.6946983E-002
3.77975	6.6946983E-002
3.78125	6.6946983E-002
3.78275	6.6946983E-002
3.78425	1.7609119E-001
3.78575	2.2184896E-001
3.78725	2.6324129E-001
3.78875	2.6324129E-001
3.79025	2.6324129E-001
3.79175	3.3579206E-001
3.79325	2.6324129E-001
3.79475	2.2184896E-001
3.79625	1.7609119E-001
3.79775	1.7609119E-001
3.79925	1.7609119E-001
3.80075	0.0000000E+000
3.80225	0.0000000E+000
3.80375	0.0000000E+000
3.80525	0.0000000E+000
3.80675	0.0000000E+000
3.80825	0.0000000E+000
3.80975	0.0000000E+000
3.81125	0.0000000E+000
3.81275	0.0000000E+000
3.81425	0.0000000E+000
3.81575	6.6946983E-002
3.81725	6.6946983E-002
3.81875	6.6946983E-002
3.82025	6.6946983E-002
3.82175	6.6946983E-002
3.82325	6.6946983E-002
3.82475	0.0000000E+000
3.82625	0.0000000E+000
3.82775	0.0000000E+000
3.82925	0.0000000E+000
3.83075	0.0000000E+000
3.83225	6.6946983E-002
3.83375	1.7609119E-001
3.83525	1.7609119E-001
3.83675	1.7609119E-001
3.83825	1.7609119E-001
3.83975	1.7609119E-001
3.84125	2.2184896E-001
3.84275	1.2493896E-001
3.84425	1.2493896E-001
3.84575	1.2493896E-001
3.84725	1.2493896E-001
3.84875	1.2493896E-001
3.85025	1.2493896E-001
3.85175	1.7609119E-001
3.85325	1.7609119E-001
3.85475	1.7609119E-001
3.85625	1.7609119E-001
3.85775	2.2184896E-001
3.85925	1.2493896E-001
3.86075	6.6946983E-002
3.86225	1.2493896E-001
3.86375	1.7609119E-001
3.86525	1.7609119E-001
3.86675	1.7609119E-001
3.86825	1.7609119E-001
3.86975	1.7609119E-001
3.87125	1.2493896E-001
3.87275	6.6946983E-002
3.87425	6.6946983E-002
3.87575	1.2493896E-001
3.87725	1.7609119E-001
3.87875	1.7609119E-001
3.88025	1.7609119E-001
3.88175	1.7609119E-001
3.88325	2.2184896E-001
3.88475	1.2493896E-001
3.88625	6.6946983E-002
3.88775	6.6946983E-002
3.88925	6.6946983E-002
3.89075	1.7609119E-001
3.89225	1.2493896E-001
3.89375	1.2493896E-001
3.89525	1.2493896E-001
3.89675	1.2493896E-001
3.89825	2.6324129E-001
3.89975	2.6324129E-001
3.90125	2.6324129E-001
3.90275	2.6324129E-001
3.90425	3.0103016E-001
3.90575	3.0103016E-001
3.90725	1.7609119E-001
3.90875	6.6946983E-002
3.91025	6.6946983E-002
3.91175	1.2493896E-001
3.91325	6.6946983E-002
3.91475	6.6946983E-002
3.91625	6.6946983E-002
3.91775	6.6946983E-002
3.91925	2.6324034E-001
3.92075	2.2184610E-001
3.92225	2.2184181E-001
3.92375	2.2183180E-001
3.92525	2.2181129E-001
3.92675	2.6316166E-001
3.92825	6.6788673E-002
3.92975	2.2154999E-001
3.93125	2.2131348E-001
3.93275	2.6233053E-001
3.93425	3.6650753E-001
3.93575	3.6572838E-001
3.93725	3.9467525E-001
3.93875	3.9344072E-001
3.94025	4.2008448E-001
3.94175	3.9063549E-001
3.94325	2.9242086E-001
3.94475	2.5360584E-001
3.94625	2.5299931E-001
3.94775	1.1459780E-001
3.94925	1.1502028E-001
3.95075	1.1590052E-001
3.95225	2.9320192E-001
3.95375	2.9457426E-001
3.95525	2.9593086E-001
3.95675	2.9710007E-001
3.95825	2.9791975E-001
3.95975	3.3297157E-001
3.96125	3.6467838E-001
3.96275	3.6307430E-001
3.96425	3.2762861E-001
3.96575	3.5415936E-001
3.96725	3.4520149E-001
3.96875	3.8995743E-001
3.97025	2.0887852E-001
3.97175	2.2275066E-001
3.97325	1.9342375E-001
3.97475	1.9429636E-001
3.97625	2.4747419E-001
3.97775	2.0919514E-001
3.97925	2.2272635E-001
3.98075	2.3333645E-001
3.98225	2.4361038E-001
3.98375	2.7327490E-001
3.98525	2.8703928E-001
3.98675	3.0526018E-001
3.98825	3.4245586E-001
3.98975	3.8326788E-001
3.99125	4.5057011E-001
3.99275	4.4470930E-001
3.99425	4.1923809E-001
3.99575	4.0713692E-001
3.99725	4.0933132E-001
3.99875	3.3978701E-001
4.00025	3.0556631E-001
4.00175	2.5075388E-001
4.00325	2.2276783E-001
4.00475	1.4018774E-001
4.00625	2.3704529E-002
4.00775	7.6637268E-002
4.00925	3.9107323E-002
4.01075	-3.6001205E-002
4.01225	-3.7123680E-002
4.01375	-7.2405338E-002
4.01525	-5.0412178E-002
4.01675	-4.0728092E-002
4.01825	-5.3148270E-002
4.01975	-7.0880890E-002
4.02125	-1.3408279E-001
4.02275	-1.3293266E-001
4.02425	-1.6072655E-001
4.02575	-1.6318941E-001
4.02725	-2.0407820E-001
4.02875	-1.6401339E-001
4.03025	-1.0310459E-001
4.03175	-9.8557472E-002
4.03325	-9.6094608E-002
4.03475	-1.0967350E-001
4.03625	-1.1165524E-001
4.03775	-1.1313057E-001
4.03925	-1.4885569E-001
4.04075	-1.5692234E-001
4.04225	-1.6348553E-001
4.04375	-1.6271019E-001
4.04525	-1.5862417E-001
4.04675	-1.5493441E-001
4.04825	-1.0592890E-001
4.04975	-8.7733269E-002
4.05125	-5.4035664E-002
4.05275	-5.4237366E-002
4.05425	-1.7053604E-002
4.05575	-3.0138969E-002
4.05725	-5.8091640E-002
4.05875	-5.3310871E-002
4.06025	-6.2147617E-002
4.06175	-2.0776749E-002
4.06325	-4.3175220E-002
4.06475	-1.3753414E-002
4.06625	-3.6330223E-003
4.06775	1.9323826E-002
4.06925	1.6287327E-002
4.07075	2.3831844E-002
4.07225	5.4159164E-002
4.07375	8.6485386E-002
4.07525	1.2008142E-001
4.07675	1.1751270E-001
4.07825	1.8537664E-001
4.07975	1.7025995E-001
4.08125	1.7568970E-001
4.08275	2.2095871E-001
4.08425	2.6842356E-001
4.08575	2.8357172E-001
4.08725	2.4599075E-001
4.08875	3.2239676E-001
4.09025	3.5327387E-001
4.09175	2.4274731E-001
4.09325	1.7374945E-001
4.09475	1.1837816E-001
4.09625	1.6592026E-002
4.09775	-1.5211535E-001
4.09925	-1.8021441E-001
4.10075	-2.0369911E-001
4.10225	-2.2112322E-001
4.10375	-9.3341351E-002
4.10525	-5.8754444E-002
4.10675	-1.9776821E-002
4.10825	-4.3068409E-002
4.10975	1.0008812E-002
4.11125	3.4498215E-002
4.11275	-4.9745083E-002
4.11425	-6.1872005E-002
4.11575	-1.3504457E-001
4.11725	-9.8563194E-002
4.11875	-1.3043499E-001
4.12025	-9.8529816E-002
4.12175	-7.1143150E-002
4.12325	-4.9003601E-002
4.12475	-3.2162666E-002
4.12625	-2.0104885E-002
4.12775	5.4977417E-002
4.12925	6.0158730E-002
4.13075	6.3279152E-002
4.13225	6.5059185E-002
4.13375	6.6021442E-002
4.13525	6.6514969E-002
4.13675	-1.9168854E-004
4.13825	-8.1062317E-005
4.13975	-3.2424927E-005
4.14125	-1.2397766E-005
4.14275	-4.2915344E-006
4.14425	-1.4305115E-006
4.14575	-4.7683716E-007
4.14725	6.6946983E-002
4.14875	1.2493896E-001
4.15025	1.2493896E-001
4.15175	1.2493896E-001
4.15325	1.2493896E-001
4.15475	1.7609119E-001
4.15625	1.2493896E-001
4.15775	1.2493896E-001
4.15925	1.2493896E-001
4.16075	1.2493896E-001
4.16225	1.2493896E-001
4.16375	1.2493896E-001
4.16525	1.2493896E-001
4.16675	6.6946983E-002
4.16825	6.6946983E-002
4.16975	6.6946983E-002
4.17125	6.6946983E-002
4.17275	0.0000000E+000
4.17425	0.0000000E+000
4.17575	0.0000000E+000
4.17725	0.0000000E+000
4.17875	0.0000000E+000
4.18025	0.0000000E+000
4.18175	0.0000000E+000
4.18325	0.0000000E+000
4.18475	0.0000000E+000
4.18625	0.0000000E+000
4.18775	0.0000000E+000
4.18925	0.0000000E+000
4.19075	0.0000000E+000
4.19225	0.0000000E+000
4.19375	0.0000000E+000
4.19525	0.0000000E+000
4.19675	0.0000000E+000
4.19825	0.0000000E+000
4.19975	0.0000000E+000
4.20125	0.0000000E+000
4.20275	0.0000000E+000
4.20425	0.0000000E+000
4.20575	0.0000000E+000
4.20725	6.6946983E-002
4.20875	6.6946983E-002
4.21025	6.6946983E-002
4.21175	6.6946983E-002
4.21325	6.6946983E-002
4.21475	6.6946983E-002
4.21625	0.0000000E+000
4.21775	0.0000000E+000
4.21925	0.0000000E+000
4.22075	0.0000000E+000
4.22225	0.0000000E+000
4.22375	0.0000000E+000
4.22525	0.0000000E+000
4.22675	0.0000000E+000
4.22825	0.0000000E+000
4.22975	0.0000000E+000
4.23125	0.0000000E+000
4.23275	0.0000000E+000
4.23425	0.0000000E+000
4.23575	0.0000000E+000
4.23725	0.0000000E+000
4.23875	0.0000000E+000
4.24025	0.0000000E+000
4.24175	0.0000000E+000
4.24325	6.6946983E-002
4.24475	6.6946983E-002
4.24625	6.6946983E-002
4.24775	6.6946983E-002
4.24925	1.2493896E-001
4.25075	1.2493896E-001
4.25225	6.6946983E-002
4.25375	6.6946983E-002
4.25525	6.6946983E-002
4.25675	6.6946983E-002
4.25825	0.0000000E+000
4.25975	0.0000000E+000
4.26125	0.0000000E+000
4.26275	0.0000000E+000
4.26425	0.0000000E+000
4.26575	0.0000000E+000
4.26725	0.0000000E+000
4.26875	0.0000000E+000
4.27025	0.0000000E+000
4.27175	0.0000000E+000
4.27325	0.0000000E+000
4.27475	6.6946983E-002
4.27625	6.6946983E-002
4.27775	6.6946983E-002
4.27925	6.6946983E-002
4.28075	6.6946983E-002
4.28225	6.6946983E-002
4.28375	0.0000000E+000
4.28525	0.0000000E+000
4.28675	6.6946983E-002
4.28825	6.6946983E-002
4.28975	6.6946983E-002
4.29125	6.6946983E-002
4.29275	6.6946983E-002
4.29425	6.6946983E-002
4.29575	0.0000000E+000
4.29725	0.0000000E+000
4.29875	0.0000000E+000
4.30025	0.0000000E+000
4.30175	0.0000000E+000
4.30325	0.0000000E+000
4.30475	0.0000000E+000
4.30625	0.0000000E+000
4.30775	0.0000000E+000
4.30925	1.2493896E-001
4.31075	1.2493896E-001
4.31225	1.2493896E-001
4.31375	1.2493896E-001
4.31525	1.2493896E-001
4.31675	1.2493896E-001
4.31825	0.0000000E+000
4.31975	0.0000000E+000
4.32125	0.0000000E+000
4.32275	0.0000000E+000
4.32425	0.0000000E+000
4.32575	0.0000000E+000
4.32725	6.6946983E-002
4.32875	6.6946983E-002
4.33025	6.6946983E-002
4.33175	1.7609119E-001
4.33325	1.7609119E-001
4.33475	1.7609119E-001
4.33625	1.2493896E-001
4.33775	1.7609119E-001
4.33925	2.2184896E-001
4.34075	1.2493896E-001
4.34225	1.2493896E-001
4.34375	1.2493896E-001
4.34525	1.7609119E-001
4.34675	1.2493896E-001
4.34825	6.6946983E-002
4.34975	6.6946983E-002
4.35125	6.6946983E-002
4.35275	6.6946983E-002
4.35425	0.0000000E+000
4.35575	0.0000000E+000
4.35725	0.0000000E+000
4.35875	0.0000000E+000
4.36025	0.0000000E+000
4.36175	0.0000000E+000
4.36325	6.6946983E-002
4.36475	6.6946983E-002
4.36625	6.6946983E-002
4.36775	6.6946983E-002
4.36925	6.6946983E-002
4.37075	6.6946983E-002
4.37225	0.0000000E+000
4.37375	0.0000000E+000
4.37525	0.0000000E+000
4.37675	0.0000000E+000
4.37825	0.0000000E+000
4.37975	0.0000000E+000
4.38125	0.0000000E+000
4.38275	0.0000000E+000
4.38425	0.0000000E+000
4.38575	0.0000000E+000
4.38725	6.6946983E-002
4.38875	6.6946983E-002
4.39025	6.6946983E-002
4.39175	6.6946983E-002
4.39325	6.6946983E-002
4.39475	6.6946983E-002
4.39625	0.0000000E+000
4.39775	0.0000000E+000
4.39925	1.2493896E-001
4.40075	1.2493896E-001
4.40225	1.2493896E-001
4.40375	1.2493896E-001
4.40525	1.7609119E-001
4.40675	1.7609119E-001
4.40825	6.6946983E-002
4.40975	6.6946983E-002
4.41125	6.6946983E-002
4.41275	6.6946983E-002
4.41425	0.0000000E+000
4.41575	0.0000000E+000
4.41725	6.6946983E-002
4.41875	6.6946983E-002
4.42025	6.6946983E-002
4.42175	6.6946983E-002
4.42325	6.6946983E-002
4.42475	6.6946983E-002
4.42625	0.0000000E+000
4.42775	0.0000000E+000
4.42925	0.0000000E+000
4.43075	0.0000000E+000
4.43225	0.0000000E+000
4.43375	0.0000000E+000
4.43525	0.0000000E+000
4.43675	0.0000000E+000
4.43825	0.0000000E+000
4.43975	0.0000000E+000
4.44125	0.0000000E+000
4.44275	0.0000000E+000
4.44425	0.0000000E+000
4.44575	0.0000000E+000
4.44725	0.0000000E+000
4.44875	0.0000000E+000
4.45025	0.0000000E+000
4.45175	0.0000000E+000
4.45325	0.0000000E+000
4.45475	0.0000000E+000
4.45625	0.0000000E+000
4.45775	0.0000000E+000
4.45925	6.6946983E-002
4.46075	1.7609119E-001
4.46225	1.7609119E-001
4.46375	1.7609119E-001
4.46525	1.7609119E-001
4.46675	1.7609119E-001
4.46825	1.2493896E-001
4.46975	6.6946983E-002
4.47125	1.2493896E-001
4.47275	1.2493896E-001
4.47425	1.2493896E-001
4.47575	1.2493896E-001
4.47725	1.2493896E-001
4.47875	6.6946983E-002
4.48025	0.0000000E+000
4.48175	0.0000000E+000
4.48325	0.0000000E+000
4.48475	0.0000000E+000
4.48625	0.0000000E+000
4.48775	6.6946983E-002
4.48925	6.6946983E-002
4.49075	6.6946983E-002
4.49225	6.6946983E-002
4.49375	1.2493896E-001
4.49525	1.2493896E-001
4.49675	6.6946983E-002
4.49825	6.6946983E-002
4.49975	6.6946983E-002
4.50125	6.6946983E-002
4.50275	0.0000000E+000
4.50425	0.0000000E+000
4.50575	0.0000000E+000
4.50725	0.0000000E+000
4.50875	0.0000000E+000
4.51025	0.0000000E+000
4.51175	0.0000000E+000
4.51325	0.0000000E+000
4.51475	0.0000000E+000
4.51625	0.0000000E+000
4.51775	0.0000000E+000
4.51925	0.0000000E+000
4.52075	0.0000000E+000
4.52225	0.0000000E+000
4.52375	0.0000000E+000
4.52525	0.0000000E+000
4.52675	0.0000000E+000
4.52825	0.0000000E+000
4.52975	0.0000000E+000
4.53125	0.0000000E+000
4.53275	0.0000000E+000
4.53425	0.0000000E+000
4.53575	0.0000000E+000
4.53725	0.0000000E+000
4.53875	0.0000000E+000
4.54025	0.0000000E+000
4.54175	0.0000000E+000
4.54325	0.0000000E+000
4.54475	0.0000000E+000
4.54625	0.0000000E+000
4.54775	0.0000000E+000
4.54925	0.0000000E+000
4.55075	0.0000000E+000
4.55225	0.0000000E+000
4.55375	0.0000000E+000
4.55525	0.0000000E+000
4.55675	0.0000000E+000
4.55825	0.0000000E+000
4.55975	0.0000000E+000
4.56125	0.0000000E+000
4.56275	0.0000000E+000
4.56425	0.0000000E+000
4.56575	0.0000000E+000
4.56725	0.0000000E+000
4.56875	0.0000000E+000
4.57025	0.0000000E+000
4.57175	0.0000000E+000
4.57325	6.6946983E-002
4.57475	6.6946983E-002
4.57625	6.6946983E-002
4.57775	1.2493896E-001
4.57925	1.2493896E-001
4.58075	1.2493896E-001
4.58225	6.6946983E-002
4.58375	6.6946983E-002
4.58525	6.6946983E-002
4.58675	0.0000000E+000
4.58825	0.0000000E+000
4.58975	6.6946983E-002
4.59125	6.6946983E-002
4.59275	6.6946983E-002
4.59425	6.6946983E-002
4.59575	6.6946983E-002
4.59725	6.6946983E-002
4.59875	0.0000000E+000
4.60025	0.0000000E+000
4.60175	0.0000000E+000
4.60325	0.0000000E+000
4.60475	0.0000000E+000
4.60625	0.0000000E+000
4.60775	6.6946983E-002
4.60925	6.6946983E-002
4.61075	6.6946983E-002
4.61225	6.6946983E-002
4.61375	6.6946983E-002
4.61525	6.6946983E-002
4.61675	0.0000000E+000
4.61825	0.0000000E+000
4.61975	0.0000000E+000
4.62125	0.0000000E+000
4.62275	6.6946983E-002
4.62425	6.6946983E-002
4.62575	6.6946983E-002
4.62725	6.6946983E-002
4.62875	6.6946983E-002
4.63025	6.6946983E-002
4.63175	0.0000000E+000
4.63325	0.0000000E+000
4.63475	0.0000000E+000
4.63625	0.0000000E+000
4.63775	0.0000000E+000
4.63925	0.0000000E+000
4.64075	6.6946983E-002
4.64225	6.6946983E-002
4.64375	6.6946983E-002
4.64525	6.6946983E-002
4.64675	6.6946983E-002
4.64825	6.6946983E-002
4.64975	0.0000000E+000
4.65125	0.0000000E+000
4.65275	0.0000000E+000
4.65425	0.0000000E+000
4.65575	0.0000000E+000
4.65725	0.0000000E+000
4.65875	0.0000000E+000
4.66025	0.0000000E+000
4.66175	0.0000000E+000
4.66325	0.0000000E+000
4.66475	0.0000000E+000
4.66625	0.0000000E+000
4.66775	0.0000000E+000
4.66925	0.0000000E+000
4.67075	0.0000000E+000
4.67225	0.0000000E+000
4.67375	0.0000000E+000
4.67525	0.0000000E+000
4.67675	0.0000000E+000
4.67825	0.0000000E+000
4.67975	0.0000000E+000
4.68125	0.0000000E+000
4.68275	0.0000000E+000
4.68425	0.0000000E+000
4.68575	0.0000000E+000
4.68725	0.0000000E+000
4.68875	0.0000000E+000
4.69025	0.0000000E+000
4.69175	0.0000000E+000
4.69325	0.0000000E+000
4.69475	6.6946983E-002
4.69625	6.6946983E-002
4.69775	6.6946983E-002
4.69925	6.6946983E-002
4.70075	6.6946983E-002
4.70225	1.2493896E-001
4.70375	6.6946983E-002
4.70525	1.7609119E-001
4.70675	2.2184896E-001
4.70825	2.2184896E-001
4.70975	2.2184896E-001
4.71125	1.7609119E-001
4.71275	1.7609119E-001
4.71425	6.6946983E-002
4.71575	6.6946983E-002
4.71725	6.6946983E-002
4.71875	6.6946983E-002
4.72025	6.6946983E-002
4.72175	6.6946983E-002
4.72325	6.6946983E-002
4.72475	0.0000000E+000
4.72625	0.0000000E+000
4.72775	0.0000000E+000
4.72925	6.6946983E-002
4.73075	1.2493896E-001
4.73225	1.2493896E-001
4.73375	1.2493896E-001
4.73525	1.2493896E-001
4.73675	1.2493896E-001
4.73825	6.6946983E-002
4.73975	0.0000000E+000
4.74125	0.0000000E+000
4.74275	6.6946983E-002
4.74425	6.6946983E-002
4.74575	6.6946983E-002
4.74725	6.6946983E-002
4.74875	6.6946983E-002
4.75025	6.6946983E-002
4.75175	0.0000000E+000
4.75325	0.0000000E+000
4.75475	0.0000000E+000
4.75625	0.0000000E+000
4.75775	0.0000000E+000
4.75925	0.0000000E+000
4.76075	0.0000000E+000
4.76225	0.0000000E+000
4.76375	0.0000000E+000
4.76525	0.0000000E+000
4.76675	0.0000000E+000
4.76825	0.0000000E+000
4.76975	0.0000000E+000
4.77125	0.0000000E+000
4.77275	0.0000000E+000
4.77425	0.0000000E+000
4.77575	0.0000000E+000
4.77725	0.0000000E+000
4.77875	6.6946983E-002
4.78025	1.2493896E-001
4.78175	1.2493896E-001
4.78325	1.2493896E-001
4.78475	1.2493896E-001
4.78625	1.2493896E-001
4.78775	6.6946983E-002
4.78925	0.0000000E+000
4.79075	0.0000000E+000
4.79225	0.0000000E+000
4.79375	0.0000000E+000
4.79525	1.2493849E-001
4.79675	1.2493753E-001
4.79825	1.2493515E-001
4.79975	2.2183752E-001
4.80125	2.2181797E-001
4.80275	2.6316214E-001
4.80425	2.6304913E-001
4.80575	2.6279783E-001
4.80725	2.6226568E-001
4.80875	1.7404509E-001
4.81025	1.7199898E-001
4.81175	2.5543356E-001
4.81325	1.6188574E-001
4.81475	1.5145302E-001
4.81625	1.3538361E-001
4.81775	1.9921207E-001
4.81925	2.0516920E-001
4.82075	3.9391994E-002
4.82225	-9.9449158E-003
4.82375	9.3390465E-002
4.82525	1.2228632E-001
4.82675	5.8413506E-002
4.82825	6.8739891E-002
4.82975	1.4198589E-001
4.83125	1.4379883E-001
4.83275	4.1220665E-002
4.83425	4.2324066E-003
4.83575	-4.3392181E-005
4.83725	-1.6977787E-002
4.83875	-4.3726444E-002
4.84025	-3.0844688E-002
4.84175	-1.8619537E-002
4.84325	-6.2875748E-003
4.84475	-1.1030197E-002
4.84625	-3.9551735E-002
4.84775	-6.4510345E-002
4.84925	-8.5989952E-002
4.85075	-6.6269398E-002
4.85225	-8.0137730E-002
4.85375	-6.3210964E-002
4.85525	-6.0842037E-002
4.85675	-6.3887596E-002
4.85825	-4.5467377E-002
4.85975	-4.1370869E-002
4.86125	-3.3833504E-002
4.86275	-3.2349110E-002
4.86425	1.3279915E-003
4.86575	3.8647175E-002
4.86725	1.1257172E-002
4.86875	6.7908764E-002
4.87025	6.5606117E-002
4.87175	5.0318241E-002
4.87325	7.2484016E-002
4.87475	5.1283836E-002
4.87625	1.6768026E-001
4.87775	1.3393974E-001
4.87925	1.7830896E-001
4.88075	2.0375633E-001
4.88225	2.2502089E-001
4.88375	2.3926497E-001
4.88525	1.5305805E-001
4.88675	8.7347031E-002
4.88825	1.2729836E-001
4.88975	1.5849447E-001
4.89125	1.3565874E-001
4.89275	1.5151215E-001
4.89425	1.1069918E-001
4.89575	2.1398211E-001
4.89725	1.7194557E-001
4.89875	1.7400694E-001
4.90025	1.7509174E-001
4.90175	1.7563438E-001
4.90325	1.7589188E-001
4.90475	6.6864491E-002
4.90625	6.6914558E-002
4.90775	6.6935062E-002
4.90925	-4.2915344E-006
4.91075	-1.4305115E-006
4.91225	-4.7683716E-007
4.91375	0.0000000E+000
4.91525	0.0000000E+000
4.91675	0.0000000E+000
4.91825	0.0000000E+000
4.91975	0.0000000E+000
4.92125	0.0000000E+000
4.92275	0.0000000E+000
4.92425	0.0000000E+000
4.92575	0.0000000E+000
4.92725	0.0000000E+000
4.92875	0.0000000E+000
4.93025	0.0000000E+000
4.93175	0.0000000E+000
4.93325	0.0000000E+000
4.93475	0.0000000E+000
4.93625	0.0000000E+000
4.93775	0.0000000E+000
4.93925	0.0000000E+000
4.94075	0.0000000E+000
4.94225	0.0000000E+000
4.94375	0.0000000E+000
4.94525	0.0000000E+000
4.94675	0.0000000E+000
4.94825	0.0000000E+000
4.94975	0.0000000E+000
4.95125	0.0000000E+000
4.95275	0.0000000E+000
4.95425	0.0000000E+000
4.95575	0.0000000E+000
4.95725	0.0000000E+000
4.95875	0.0000000E+000
4.96025	0.0000000E+000
4.96175	0.0000000E+000
4.96325	0.0000000E+000
4.96475	0.0000000E+000
4.96625	0.0000000E+000
4.96775	0.0000000E+000
4.96925	0.0000000E+000
4.97075	0.0000000E+000
4.97225	0.0000000E+000
4.97375	0.0000000E+000
4.97525	0.0000000E+000
4.97675	0.0000000E+000
4.97825	0.0000000E+000
4.97975	0.0000000E+000
4.98125	0.0000000E+000
4.98275	6.6946983E-002
4.98425	6.6946983E-002
4.98575	6.6946983E-002
4.98725	6.6946983E-002
4.98875	6.6946983E-002
4.99025	6.6946983E-002
4.99175	0.0000000E+000
4.99325	0.0000000E+000
4.99475	0.0000000E+000
4.99625	0.0000000E+000
4.99775	0.0000000E+000
4.99925	0.0000000E+000
5.00075	0.0000000E+000
5.00225	0.0000000E+000
5.00375	0.0000000E+000
5.00525	0.0000000E+000
5.00675	0.0000000E+000
5.00825	0.0000000E+000
5.00975	0.0000000E+000
5.01125	0.0000000E+000
5.01275	0.0000000E+000
5.01425	0.0000000E+000
5.01575	6.6946983E-002
5.01725	6.6946983E-002
5.01875	6.6946983E-002
5.02025	6.6946983E-002
5.02175	1.2493896E-001
5.02325	1.2493896E-001
5.02475	6.6946983E-002
5.02625	6.6946983E-002
5.02775	6.6946983E-002
5.02925	6.6946983E-002
5.03075	0.0000000E+000
5.03225	0.0000000E+000
5.03375	0.0000000E+000
5.03525	0.0000000E+000
5.03675	0.0000000E+000
5.03825	0.0000000E+000
5.03975	0.0000000E+000
5.04125	6.6946983E-002
5.04275	6.6946983E-002
5.04425	6.6946983E-002
5.04575	6.6946983E-002
5.04725	6.6946983E-002
5.04875	6.6946983E-002
5.05025	0.0000000E+000
5.05175	0.0000000E+000
5.05325	0.0000000E+000
5.05475	0.0000000E+000
5.05625	0.0000000E+000
5.05775	0.0000000E+000
5.05925	0.0000000E+000
5.06075	0.0000000E+000
5.06225	0.0000000E+000
5.06375	0.0000000E+000
5.06525	0.0000000E+000
5.06675	0.0000000E+000
5.06825	0.0000000E+000
5.06975	0.0000000E+000
5.07125	0.0000000E+000
5.07275	0.0000000E+000
5.07425	0.0000000E+000
5.07575	0.0000000E+000
5.07725	0.0000000E+000
5.07875	0.0000000E+000
5.08025	0.0000000E+000
5.08175	0.0000000E+000
5.08325	0.0000000E+000
5.08475	0.0000000E+000
5.08625	0.0000000E+000
5.08775	0.0000000E+000
5.08925	0.0000000E+000
5.09075	0.0000000E+000
5.09225	0.0000000E+000
5.09375	0.0000000E+000
5.09525	0.0000000E+000
5.09675	0.0000000E+000
5.09825	0.0000000E+000
5.09975	0.0000000E+000
5.10125	0.0000000E+000
5.10275	0.0000000E+000
5.10425	0.0000000E+000
5.10575	0.0000000E+000
5.10725	0.0000000E+000
5.10875	0.0000000E+000
5.11025	0.0000000E+000
5.11175	0.0000000E+000
5.11325	0.0000000E+000
5.11475	0.0000000E+000
5.11625	0.0000000E+000
5.11775	0.0000000E+000
5.11925	0.0000000E+000
5.12075	0.0000000E+000
5.12225	0.0000000E+000
5.12375	0.0000000E+000
5.12525	0.0000000E+000
5.12675	0.0000000E+000
5.12825	0.0000000E+000
5.12975	0.0000000E+000
5.13125	0.0000000E+000
5.13275	0.0000000E+000
5.13425	0.0000000E+000
5.13575	0.0000000E+000
5.13725	0.0000000E+000
5.13875	0.0000000E+000
5.14025	0.0000000E+000
5.14175	0.0000000E+000
5.14325	0.0000000E+000
5.14475	0.0000000E+000
5.14625	0.0000000E+000
5.14775	0.0000000E+000
5.14925	0.0000000E+000
5.15075	0.0000000E+000
5.15225	0.0000000E+000
5.15375	0.0000000E+000
5.15525	0.0000000E+000
5.15675	0.0000000E+000
5.15825	0.0000000E+000
5.15975	0.0000000E+000
5.16125	0.0000000E+000
5.16275	0.0000000E+000
5.16425	0.0000000E+000
5.16575	0.0000000E+000
5.16725	0.0000000E+000
5.16875	0.0000000E+000
5.17025	0.0000000E+000
5.17175	0.0000000E+000
5.17325	0.0000000E+000
5.17475	0.0000000E+000
5.17625	0.0000000E+000
5.17775	0.0000000E+000
5.17925	0.0000000E+000
5.18075	0.0000000E+000
5.18225	0.0000000E+000
5.18375	0.0000000E+000
5.18525	0.0000000E+000
5.18675	0.0000000E+000
5.18825	0.0000000E+000
5.18975	0.0000000E+000
5.19125	0.0000000E+000
5.19275	0.0000000E+000
5.19425	0.0000000E+000
5.19575	0.0000000E+000
5.19725	0.0000000E+000
5.19875	0.0000000E+000
5.20025	0.0000000E+000
5.20175	0.0000000E+000
5.20325	0.0000000E+000
5.20475	6.6946983E-002
5.20625	6.6946983E-002
5.20775	6.6946983E-002
5.20925	6.6946983E-002
5.21075	6.6946983E-002
5.21225	6.6946983E-002
5.21375	0.0000000E+000
5.21525	0.0000000E+000
5.21675	0.0000000E+000
5.21825	0.0000000E+000
5.21975	0.0000000E+000
5.22125	0.0000000E+000
5.22275	0.0000000E+000
5.22425	0.0000000E+000
5.22575	0.0000000E+000
5.22725	0.0000000E+000
5.22875	0.0000000E+000
5.23025	0.0000000E+000
5.23175	0.0000000E+000
5.23325	6.6946983E-002
5.23475	6.6946983E-002
5.23625	6.6946983E-002
5.23775	6.6946983E-002
5.23925	1.2493896E-001
5.24075	1.2493896E-001
5.24225	6.6946983E-002
5.24375	6.6946983E-002
5.24525	6.6946983E-002
5.24675	6.6946983E-002
5.24825	0.0000000E+000
5.24975	0.0000000E+000
5.25125	0.0000000E+000
5.25275	0.0000000E+000
5.25425	0.0000000E+000
5.25575	0.0000000E+000
5.25725	0.0000000E+000
5.25875	0.0000000E+000
5.26025	0.0000000E+000
5.26175	0.0000000E+000
5.26325	0.0000000E+000
5.26475	0.0000000E+000
5.26625	0.0000000E+000
5.26775	0.0000000E+000
5.26925	0.0000000E+000
5.27075	0.0000000E+000
5.27225	0.0000000E+000
5.27375	0.0000000E+000
5.27525	0.0000000E+000
5.27675	0.0000000E+000
5.27825	0.0000000E+000
5.27975	0.0000000E+000
5.28125	0.0000000E+000
5.28275	0.0000000E+000
5.28425	0.0000000E+000
5.28575	0.0000000E+000
5.28725	0.0000000E+000
5.28875	0.0000000E+000
5.29025	0.0000000E+000
5.29175	0.0000000E+000
5.29325	0.0000000E+000
5.29475	0.0000000E+000
5.29625	0.0000000E+000
5.29775	0.0000000E+000
5.29925	0.0000000E+000
5.30075	0.0000000E+000
5.30225	0.0000000E+000
5.30375	0.0000000E+000
5.30525	6.6946983E-002
5.30675	6.6946983E-002
5.30825	6.6946983E-002
5.30975	6.6946983E-002
5.31125	6.6946983E-002
5.31275	6.6946983E-002
5.31425	0.0000000E+000
5.31575	0.0000000E+000
5.31725	0.0000000E+000
5.31875	0.0000000E+000
5.32025	0.0000000E+000
5.32175	0.0000000E+000
5.32325	0.0000000E+000
5.32475	0.0000000E+000
5.32625	0.0000000E+000
5.32775	0.0000000E+000
5.32925	0.0000000E+000
5.33075	0.0000000E+000
5.33225	0.0000000E+000
5.33375	0.0000000E+000
5.33525	0.0000000E+000
5.33675	0.0000000E+000
5.33825	0.0000000E+000
5.33975	0.0000000E+000
5.34125	0.0000000E+000
5.34275	0.0000000E+000
5.34425	0.0000000E+000
5.34575	0.0000000E+000
5.34725	0.0000000E+000
5.34875	0.0000000E+000
5.35025	0.0000000E+000
5.35175	0.0000000E+000
5.35325	0.0000000E+000
5.35475	0.0000000E+000
5.35625	0.0000000E+000
5.35775	0.0000000E+000
5.35925	0.0000000E+000
5.36075	0.0000000E+000
5.36225	6.6946983E-002
5.36375	6.6946983E-002
5.36525	6.6946983E-002
5.36675	6.6946983E-002
5.36825	1.7609119E-001
5.36975	1.7609119E-001
5.37125	1.2493896E-001
5.37275	1.2493896E-001
5.37425	1.2493896E-001
5.37575	1.2493896E-001
5.37725	0.0000000E+000
5.37875	0.0000000E+000
5.38025	0.0000000E+000
5.38175	0.0000000E+000
5.38325	0.0000000E+000
5.38475	0.0000000E+000
5.38625	0.0000000E+000
5.38775	0.0000000E+000
5.38925	0.0000000E+000
5.39075	0.0000000E+000
5.39225	0.0000000E+000
5.39375	0.0000000E+000
5.39525	0.0000000E+000
5.39675	0.0000000E+000
5.39825	0.0000000E+000
5.39975	0.0000000E+000
5.40125	0.0000000E+000
5.40275	0.0000000E+000
5.40425	0.0000000E+000
5.40575	0.0000000E+000
5.40725	0.0000000E+000
5.40875	0.0000000E+000
5.41025	0.0000000E+000
5.41175	0.0000000E+000
5.41325	0.0000000E+000
5.41475	0.0000000E+000
5.41625	0.0000000E+000
5.41775	0.0000000E+000
5.41925	0.0000000E+000
5.42075	0.0000000E+000
5.42225	0.0000000E+000
5.42375	0.0000000E+000
5.42525	0.0000000E+000
5.42675	0.0000000E+000
5.42825	0.0000000E+000
5.42975	0.0000000E+000
5.43125	0.0000000E+000
5.43275	0.0000000E+000
5.43425	6.6946983E-002
5.43575	6.6946983E-002
5.43725	6.6946983E-002
5.43875	6.6946983E-002
5.44025	6.6946983E-002
5.44175	6.6946983E-002
5.44325	0.0000000E+000
5.44475	0.0000000E+000
5.44625	0.0000000E+000
5.44775	0.0000000E+000
5.44925	0.0000000E+000
5.45075	6.6946983E-002
5.45225	6.6946983E-002
5.45375	6.6946983E-002
5.45525	6.6946983E-002
5.45675	6.6946983E-002
5.45825	6.6946983E-002
5.45975	0.0000000E+000
5.46125	0.0000000E+000
5.46275	0.0000000E+000
5.46425	0.0000000E+000
5.46575	0.0000000E+000
5.46725	0.0000000E+000
5.46875	0.0000000E+000
5.47025	0.0000000E+000
5.47175	0.0000000E+000
5.47325	0.0000000E+000
5.47475	0.0000000E+000
5.47625	0.0000000E+000
5.47775	0.0000000E+000
5.47925	0.0000000E+000
5.48075	0.0000000E+000
5.48225	0.0000000E+000
5.48375	0.0000000E+000
5.48525	0.0000000E+000
5.48675	0.0000000E+000
5.48825	0.0000000E+000
5.48975	0.0000000E+000
5.49125	0.0000000E+000
5.49275	0.0000000E+000
5.49425	0.0000000E+000
5.49575	0.0000000E+000
5.49725	0.0000000E+000
5.49875	0.0000000E+000
