theta_deg	R
0.30125	1.3152073E-001
0.30275	1.2802166E-001
0.30425	1.2242066E-001
0.30575	1.1845946E-001
0.30725	1.1438169E-001
0.30875	1.0829332E-001
0.31025	1.0445373E-001
0.31175	1.0094573E-001
0.31325	9.6601389E-002
0.31475	9.4608337E-002
0.31625	9.0834767E-002
0.31775	8.8584736E-002
0.31925	8.6826801E-002
0.32075	8.4687456E-002
0.32225	8.3382949E-002
0.32375	8.1307083E-002
0.32525	7.9728439E-002
0.32675	7.6945245E-002
0.32825	7.4807420E-002
0.32975	7.1226746E-002
0.33125	6.8664879E-002
0.33275	6.4720631E-002
0.33425	6.2129248E-002
0.33575	5.8473945E-002
0.33725	5.5269390E-002
0.33875	5.3448163E-002
0.34025	5.1238641E-002
0.34175	5.0107442E-002
0.34325	4.8871301E-002
0.34475	4.8073940E-002
0.34625	4.7704697E-002
0.34775	4.7275096E-002
0.34925	4.6842538E-002
0.35075	4.6478681E-002
0.35225	4.5755140E-002
0.35375	4.4751983E-002
0.35525	4.3908481E-002
0.35675	4.2415030E-002
0.35825	4.0673207E-002
0.35975	3.8763501E-002
0.36125	3.7433699E-002
0.36275	3.5443880E-002
0.36425	3.3531189E-002
0.36575	3.1788234E-002
0.36725	3.0279791E-002
0.36875	2.9427532E-002
0.37025	2.8411660E-002
0.37175	2.7702240E-002
0.37325	2.7291853E-002
0.37475	2.7136650E-002
0.37625	2.7183492E-002
0.37775	2.7359538E-002
0.37925	2.7587119E-002
0.38075	2.7722731E-002
0.38225	2.7867701E-002
0.38375	2.7873769E-002
0.38525	2.7693041E-002
0.38675	2.7296536E-002
0.38825	2.6674649E-002
0.38975	2.5840361E-002
0.39125	2.4826340E-002
0.39275	2.3679715E-002
0.39425	2.2459550E-002
0.39575	2.1233093E-002
0.39725	2.0065453E-002
0.39875	1.9015867E-002
0.40025	1.8139701E-002
0.40175	1.8709926E-002
0.40325	1.8254029E-002
0.40475	1.7952867E-002
0.40625	1.7801341E-002
0.40775	1.7782783E-002
0.40925	1.7870456E-002
0.41075	1.8029939E-002
0.41225	1.8221971E-002
0.41375	1.8405670E-002
0.41525	1.8541794E-002
0.41675	1.8595757E-002
0.41825	1.8540356E-002
0.41975	1.8357815E-002
0.42125	1.8041035E-002
0.42275	1.7593864E-002
0.42425	1.7030576E-002
0.42575	1.6374499E-002
0.42725	1.5656117E-002
0.42875	1.4910765E-002
0.43025	1.4175909E-002
0.43175	1.3488374E-002
0.43325	1.2881516E-002
0.43475	1.2382685E-002
0.43625	1.2011210E-002
0.43775	1.1777041E-002
0.43925	1.1680161E-002
0.44075	1.1710760E-002
0.44225	1.1850164E-002
0.44375	1.2072403E-002
0.44525	1.2346288E-002
0.44675	1.2637786E-002
0.44825	1.2912529E-002
0.44975	1.3138204E-002
0.45125	1.3286719E-002
0.45275	1.3336031E-002
0.45425	1.3271523E-002
0.45575	1.3086919E-002
0.45725	1.2784553E-002
0.45875	1.2375050E-002
0.46025	1.1876418E-002
0.46175	1.1312681E-002
0.46325	1.0712164E-002
0.46475	1.0105584E-002
0.46625	9.5240148E-003
0.46775	8.9968359E-003
0.46925	8.5497620E-003
0.47075	8.2030734E-003
0.47225	7.9702446E-003
0.47375	7.8570275E-003
0.47525	7.8611737E-003
0.47675	7.9726670E-003
0.47825	8.1745209E-003
0.47975	8.4440131E-003
0.48125	8.7543055E-003
0.48275	9.0763867E-003
0.48425	9.3810903E-003
0.48575	9.6410960E-003
0.48725	9.8326877E-003
0.48875	9.9371364E-003
0.49025	9.9416804E-003
0.49175	9.8401476E-003
0.49325	9.6332049E-003
0.49475	9.3283076E-003
0.49625	8.9392597E-003
0.49775	8.4854085E-003
0.49925	7.9903277E-003
0.50075	7.4801706E-003
0.50225	6.9817905E-003
0.50375	6.5209125E-003
0.50525	6.1205295E-003
0.50675	5.7996227E-003
0.50825	5.5721751E-003
0.50975	5.4464233E-003
0.51125	5.4243542E-003
0.51275	5.5015245E-003
0.51425	5.6672934E-003
0.51575	5.9055020E-003
0.51725	6.1955983E-003
0.51875	6.5140757E-003
0.52025	6.8360828E-003
0.52175	7.1370797E-003
0.52325	7.3943809E-003
0.52475	7.5885053E-003
0.52625	7.7042663E-003
0.52775	7.7315313E-003
0.52925	7.6656500E-003
0.53075	7.5075454E-003
0.53225	7.2635021E-003
0.53375	6.9447048E-003
0.53525	6.5665878E-003
0.53675	6.1480217E-003
0.53825	5.7103396E-003
0.53975	5.2761789E-003
0.54125	4.8681428E-003
0.54275	4.5073424E-003
0.54425	4.2119632E-003
0.54575	3.9960532E-003
0.54725	3.8686455E-003
0.54875	3.8333191E-003
0.55025	3.8881383E-003
0.55175	4.0259329E-003
0.55325	4.2348215E-003
0.55475	4.4989884E-003
0.55625	4.7996170E-003
0.55775	5.1160315E-003
0.55925	5.4269088E-003
0.56075	5.7115019E-003
0.56225	5.9508090E-003
0.56375	6.1286213E-003
0.56525	6.2324014E-003
0.56675	6.2539973E-003
0.56825	6.1901081E-003
0.56975	6.0424800E-003
0.57125	5.8177775E-003
0.57275	5.5271289E-003
0.57425	5.1854155E-003
0.57575	4.8103184E-003
0.57725	4.4212863E-003
0.57875	4.0384363E-003
0.58025	3.6814646E-003
0.58175	3.3685723E-003
0.58325	3.1154391E-003
0.58475	2.9343157E-003
0.58625	2.8333066E-003
0.58775	2.8159104E-003
0.58925	2.8808571E-003
0.59075	3.0222260E-003
0.59225	3.2298260E-003
0.59375	3.4897844E-003
0.59525	3.7853408E-003
0.59675	4.0978054E-003
0.59825	4.4076480E-003
0.59975	4.6956590E-003
0.60125	4.9440688E-003
0.60275	5.1375539E-003
0.60425	5.2640634E-003
0.60575	5.3154090E-003
0.60725	5.2876538E-003
0.60875	5.1812604E-003
0.61025	5.0010197E-003
0.61175	4.7557540E-003
0.61325	4.4578221E-003
0.61475	4.1224379E-003
0.61625	3.7668610E-003
0.61775	3.4094662E-003
0.61925	3.0687342E-003
0.62075	2.7622299E-003
0.62225	2.5056116E-003
0.62375	2.3117689E-003
0.62525	2.1901333E-003
0.62675	2.1461975E-003
0.62825	2.1812385E-003
0.62975	2.2922254E-003
0.63125	2.4719352E-003
0.63275	2.7093019E-003
0.63425	2.9900232E-003
0.63575	3.2974291E-003
0.63725	3.6135241E-003
0.63875	3.9200909E-003
0.64025	4.1997242E-003
0.64175	4.4367081E-003
0.64325	4.6177222E-003
0.64475	4.7324183E-003
0.64625	4.7738990E-003
0.64775	4.7390908E-003
0.64925	4.6289642E-003
0.65075	4.4485657E-003
0.65225	4.2067631E-003
0.65375	3.9157807E-003
0.65525	3.5905126E-003
0.65675	3.2476939E-003
0.65825	2.9049979E-003
0.65975	2.5801039E-003
0.66125	2.2897860E-003
0.66275	2.0490475E-003
0.66425	1.8703410E-003
0.66575	1.7628975E-003
0.66725	1.7322178E-003
0.66875	1.7797471E-003
0.67025	1.9027625E-003
0.67175	2.0944783E-003
0.67325	2.3443776E-003
0.67475	2.6387598E-003
0.67625	2.9614989E-003
0.67775	3.2949608E-003
0.67925	3.6210069E-003
0.68075	3.9219814E-003
0.68225	4.1816221E-003
0.68375	4.3858606E-003
0.68525	4.5234938E-003
0.68675	4.5867604E-003
0.68825	4.5717466E-003
0.68975	4.4786502E-003
0.69125	4.3117963E-003
0.69275	4.0794299E-003
0.69425	3.7932904E-003
0.69575	3.4679840E-003
0.69725	3.1202186E-003
0.69875	2.7679396E-003
0.70025	2.4294143E-003
0.70175	2.1223160E-003
0.70325	1.8628364E-003
0.70475	1.6648598E-003
0.70625	1.5392345E-003
0.70775	1.4931730E-003
0.70925	1.5298240E-003
0.71075	1.6480550E-003
0.71225	1.8424673E-003
0.71375	2.1036514E-003
0.71525	2.4186666E-003
0.71675	2.7717161E-003
0.71825	3.1449748E-003
0.71975	3.5195132E-003
0.72125	3.8762754E-003
0.72275	4.1970443E-003
0.72425	4.4653635E-003
0.72575	4.6673589E-003
0.72725	4.7924239E-003
0.72875	4.8337677E-003
0.73025	4.7887499E-003
0.73175	4.6590613E-003
0.73325	4.4506849E-003
0.73475	4.1736816E-003
0.73625	3.8417829E-003
0.73775	3.4718011E-003
0.73925	3.0828426E-003
0.74075	2.6953788E-003
0.74225	2.3301882E-003
0.74375	2.0072330E-003
0.74525	1.7445629E-003
0.74675	1.5573369E-003
0.74825	1.4570185E-003
0.74975	1.4508037E-003
0.75125	1.5412740E-003
0.75275	1.7262618E-003
0.75425	1.9988988E-003
0.75575	2.3478437E-003
0.75725	2.7576941E-003
0.75875	3.2096342E-003
0.76025	3.6823272E-003
0.76175	4.1530277E-003
0.76325	4.5988103E-003
0.76475	4.9977913E-003
0.76625	5.3302315E-003
0.76775	5.5794558E-003
0.76925	5.7326430E-003
0.77075	5.7814773E-003
0.77225	5.7226839E-003
0.77375	5.5583697E-003
0.77525	5.2961158E-003
0.77675	4.9487585E-003
0.77825	4.5338599E-003
0.77975	4.0728841E-003
0.78125	3.5901675E-003
0.78275	3.1117203E-003
0.78425	2.6639602E-003
0.78575	2.2724071E-003
0.78725	1.9604359E-003
0.78875	1.7481209E-003
0.79025	1.6512395E-003
0.79175	1.6804748E-003
0.79325	1.8408211E-003
0.79475	2.1312006E-003
0.79625	2.5442799E-003
0.79775	3.0665102E-003
0.79925	3.6784394E-003
0.80075	4.3553901E-003
0.80225	5.0685429E-003
0.80375	5.7863854E-003
0.80525	6.4763920E-003
0.80675	7.1067233E-003
0.80825	7.6477872E-003
0.80975	8.0736186E-003
0.81125	8.3630849E-003
0.81275	8.5009653E-003
0.81425	8.4789572E-003
0.81575	8.2964590E-003
0.81725	7.9610227E-003
0.81875	7.4883942E-003
0.82025	6.9020768E-003
0.82175	6.2324409E-003
0.82325	5.5155428E-003
0.82475	4.7916826E-003
0.82625	4.1038124E-003
0.82775	3.4957563E-003
0.82925	3.0102609E-003
0.83075	2.6868321E-003
0.83225	2.5595347E-003
0.83375	2.6549047E-003
0.83525	2.9901969E-003
0.83675	3.5721171E-003
0.83825	4.3960796E-003
0.83975	5.4459535E-003
0.84125	6.6942475E-003
0.84275	8.1027187E-003
0.84425	9.6234865E-003
0.84575	1.1200667E-002
0.84725	1.2772596E-002
0.84875	1.4274494E-002
0.85025	1.5641455E-002
0.85175	1.6811600E-002
0.85325	1.7729154E-002
0.85475	1.8347485E-002
0.85625	1.8631849E-002
0.85775	1.8561993E-002
0.85925	1.8134344E-002
0.86075	1.7363995E-002
0.86225	1.6286179E-002
0.86375	1.4957337E-002
0.86525	1.3455498E-002
0.86675	1.1879886E-002
0.86825	1.0349571E-002
0.86975	9.0010781E-003
0.87125	7.9849306E-003
0.87275	7.4611441E-003
0.87425	7.5936979E-003
0.87575	8.5441237E-003
0.87725	1.0464392E-002
0.87875	1.3489363E-002
0.88025	1.7729141E-002
0.88175	2.3261858E-002
0.88325	3.0127414E-002
0.88475	3.8323183E-002
0.88625	4.7802281E-002
0.88775	5.8474723E-002
0.88925	7.0210762E-002
0.89075	8.2845405E-002
0.89225	9.6183211E-002
0.89375	1.1000350E-001
0.89525	1.2406733E-001
0.89675	1.3812678E-001
0.89825	1.5193683E-001
0.89975	1.6526777E-001
0.90125	1.7791544E-001
0.90275	1.8970685E-001
0.90425	2.0050077E-001
0.90575	2.1018441E-001
0.90725	2.1866883E-001
0.90875	2.2588523E-001
0.91025	2.3178263E-001
0.91175	2.3632765E-001
0.91325	2.3950379E-001
0.91475	2.4131083E-001
0.91625	2.4176270E-001
0.91775	2.4088591E-001
0.91925	2.3871781E-001
0.92075	2.3530583E-001
0.92225	2.3070730E-001
0.92375	2.2498967E-001
0.92525	2.1822909E-001
0.92675	2.1050867E-001
0.92825	2.0191553E-001
0.92975	1.9253902E-001
0.93125	1.8247026E-001
0.93275	1.7180425E-001
0.93425	1.6064291E-001
0.93575	1.4909740E-001
0.93725	1.3728917E-001
0.93875	1.2534802E-001
0.94025	1.1340857E-001
0.94175	1.0160696E-001
0.94325	9.0077378E-002
0.94475	7.8949720E-002
0.94625	6.8347044E-002
0.94775	5.8382753E-002
0.94925	4.9157217E-002
0.95075	4.0754639E-002
0.95225	3.3239938E-002
0.95375	2.6656434E-002
0.95525	2.1024045E-002
0.95675	1.6338728E-002
0.95825	1.2572772E-002
0.95975	9.6764117E-003
0.96125	7.5805257E-003
0.96275	6.2001734E-003
0.96425	5.4386831E-003
0.96575	5.1920009E-003
0.96725	5.3530503E-003
0.96875	5.8159279E-003
0.97025	6.4797108E-003
0.97175	7.2516538E-003
0.97325	8.0496613E-003
0.97475	8.8039413E-003
0.97625	9.4579225E-003
0.97775	9.9685509E-003
0.97925	1.0306117E-002
0.98075	1.0453656E-002
0.98225	1.0406089E-002
0.98375	1.0169003E-002
0.98525	9.7571975E-003
0.98675	9.1929864E-003
0.98825	8.5043227E-003
0.98975	7.7229170E-003
0.99125	6.8823751E-003
0.99275	6.0165171E-003
0.99425	5.1578884E-003
0.99575	4.3364698E-003
0.99725	3.5785930E-003
0.99875	2.9060422E-003
1.00025	2.3354108E-003
1.00175	1.8777139E-003
1.00325	1.5383055E-003
1.00475	1.3170706E-003
1.00625	1.2088642E-003
1.00775	1.2041263E-003
1.00925	1.2896264E-003
1.01075	1.4492887E-003
1.01225	1.6650734E-003
1.01375	1.9178917E-003
1.01525	2.1885384E-003
1.01675	2.4585875E-003
1.01825	2.7111929E-003
1.01975	2.9317469E-003
1.02125	3.1083599E-003
1.02275	3.2321501E-003
1.02425	3.2973967E-003
1.02575	3.3015513E-003
1.02725	3.2451353E-003
1.02875	3.1315389E-003
1.03025	2.9667143E-003
1.03175	2.7587707E-003
1.03325	2.5174848E-003
1.03475	2.2537478E-003
1.03625	1.9789848E-003
1.03775	1.7045659E-003
1.03925	1.4412646E-003
1.04075	1.1987705E-003
1.04225	9.8529831E-004
1.04375	8.0728618E-004
1.04525	6.6920562E-004
1.04675	5.7347410E-004
1.04825	5.2046916E-004
1.04975	5.0863595E-004
1.05125	5.3467677E-004
1.05275	5.9380272E-004
1.05425	6.8003254E-004
1.05575	7.8651734E-004
1.05725	9.0587884E-004
1.05875	1.0305515E-003
1.06025	1.1531243E-003
1.06175	1.2666744E-003
1.06325	1.3650742E-003
1.06475	1.4432536E-003
1.06625	1.4973913E-003
1.06775	1.5250257E-003
1.06925	1.5250883E-003
1.07075	1.4978696E-003
1.07225	1.4449314E-003
1.07375	1.3689770E-003
1.07525	1.2736825E-003
1.07675	1.1634862E-003
1.07825	1.0433523E-003
1.07975	9.1851602E-004
1.08125	7.9422857E-004
1.08275	6.7551271E-004
1.08425	5.6694320E-004
1.08575	4.7245252E-004
1.08725	3.9517271E-004
1.08875	3.3731866E-004
1.09025	3.0011713E-004
1.09175	2.8378889E-004
1.09325	2.8757742E-004
1.09475	3.0982547E-004
1.09625	3.4809115E-004
1.09775	3.9929771E-004
1.09925	4.5990787E-004
1.10075	5.2611070E-004
1.10225	5.9400959E-004
1.10375	6.5980246E-004
1.10525	7.1994669E-004
1.10675	7.7130616E-004
1.10825	8.1127993E-004
1.10975	8.3790615E-004
1.11125	8.4993534E-004
1.11275	8.4686925E-004
1.11425	8.2896161E-004
1.11575	7.9717959E-004
1.11725	7.5312750E-004
1.11875	6.9894450E-004
1.12025	6.3717971E-004
1.12175	5.7065388E-004
1.12325	5.0231727E-004
1.12475	4.3510334E-004
1.12625	3.7179221E-004
1.12775	3.1488409E-004
1.12925	2.6649330E-004
1.13075	2.2826537E-004
1.13225	2.0131977E-004
1.13375	1.8621661E-004
1.13525	1.8294872E-004
1.13675	1.9095809E-004
1.13825	2.0917790E-004
1.13975	2.3609813E-004
1.14125	2.6985153E-004
1.14275	3.0831533E-004
1.14425	3.4922091E-004
1.14575	3.9026633E-004
1.14725	4.2922399E-004
1.14875	4.6404172E-004
1.15025	4.9293117E-004
1.15175	5.1444443E-004
1.15325	5.2753458E-004
1.15475	5.3159503E-004
1.15625	5.2648078E-004
1.15775	5.1250175E-004
1.15925	4.9039465E-004
1.16075	4.6127039E-004
1.16225	4.2654196E-004
1.16375	3.8783823E-004
1.16525	3.4691318E-004
1.16675	3.0555768E-004
1.16825	2.6551951E-004
1.16975	2.2843419E-004
1.17125	1.9576320E-004
1.17275	1.6873724E-004
1.17425	1.4830545E-004
1.17575	1.3509307E-004
1.17725	1.2937146E-004
1.17875	1.3104586E-004
1.18025	1.3966278E-004
1.18175	1.5443821E-004
1.18325	1.7430572E-004
1.18475	1.9798179E-004
1.18625	2.2404168E-004
1.18775	2.5099929E-004
1.18925	2.7738384E-004
1.19075	3.0180815E-004
1.19225	3.2302644E-004
1.19375	3.3998291E-004
1.19525	3.5185064E-004
1.19675	3.5806210E-004
1.19825	3.5832985E-004
1.19975	3.5265635E-004
1.20125	3.4132897E-004
1.20275	3.2490253E-004
1.20425	3.0416588E-004
1.20575	2.8009751E-004
1.20725	2.5381314E-004
1.20875	2.2650750E-004
1.21025	1.9939568E-004
1.21175	1.7365477E-004
1.21325	1.5036856E-004
1.21475	1.3047720E-004
1.21625	1.1473489E-004
1.21775	1.0367793E-004
1.21925	9.7604861E-005
1.22075	9.6569478E-005
1.22225	1.0038609E-004
1.22375	1.0864544E-004
1.22525	1.2074012E-004
1.22675	1.3589708E-004
1.22825	1.5321682E-004
1.22975	1.7171772E-004
1.23125	1.9038397E-004
1.23275	2.0821567E-004
1.23425	2.2427793E-004
1.23575	2.3774590E-004
1.23725	2.4794295E-004
1.23875	2.5437004E-004
1.24025	2.5672463E-004
1.24175	2.5490890E-004
1.24325	2.4902780E-004
1.24475	2.3937825E-004
1.24625	2.2642908E-004
1.24775	2.1079565E-004
1.24925	1.9320793E-004
1.25075	1.7447455E-004
1.25225	1.5544325E-004
1.25375	1.3695921E-004
1.25525	1.1982369E-004
1.25675	1.0475552E-004
1.25825	9.2358154E-005
1.25975	8.3093895E-005
1.26125	7.7266086E-005
1.26275	7.5009069E-005
1.26425	7.6285622E-005
1.26575	8.0891943E-005
1.26725	8.8469882E-005
1.26875	9.8526747E-005
1.27025	1.1046125E-004
1.27175	1.2359460E-004
1.27325	1.3720500E-004
1.27475	1.5056298E-004
1.27625	1.6296675E-004
1.27775	1.7377574E-004
1.27925	1.8244085E-004
1.28075	1.8853009E-004
1.28225	1.9174759E-004
1.28375	1.9194455E-004
1.28525	1.8912130E-004
1.28675	1.8342239E-004
1.28825	1.7512486E-004
1.28975	1.6462216E-004
1.29125	1.5240426E-004
1.29275	1.3903476E-004
1.29425	1.2512518E-004
1.29575	1.1130537E-004
1.29725	9.8192984E-005
1.29875	8.6361957E-005
1.30025	7.6313947E-005
1.30175	6.8453803E-005
1.30325	6.3071340E-005
1.30475	6.0329770E-005
1.30625	6.0261063E-005
1.30775	6.2768035E-005
1.30925	6.7632565E-005
1.31075	7.4529387E-005
1.31225	8.3044091E-005
1.31375	9.2694580E-005
1.31525	1.0295471E-004
1.31675	1.1327884E-004
1.31825	1.2312694E-004
1.31975	1.3198932E-004
1.32125	1.3941081E-004
1.32275	1.4501248E-004
1.32425	1.4851066E-004
1.32575	1.4973027E-004
1.32725	1.4861245E-004
1.32875	1.4521451E-004
1.33025	1.3970424E-004
1.33175	1.3234807E-004
1.33325	1.2349575E-004
1.33475	1.1356195E-004
1.33625	1.0300666E-004
1.33775	9.2313378E-005
1.33925	8.1966391E-005
1.34075	7.2427240E-005
1.34225	6.4112181E-005
1.34375	5.7371661E-005
1.34525	5.2473963E-005
1.34675	4.9593553E-005
1.34825	4.8804632E-005
1.34975	5.0079572E-005
1.35125	5.3292042E-005
1.35275	5.8224665E-005
1.35425	6.4580745E-005
1.35575	7.1999952E-005
1.35725	8.0076723E-005
1.35875	8.8380657E-005
1.36025	9.6477022E-005
1.36175	1.0394766E-004
1.36325	1.1041042E-004
1.36475	1.1553718E-004
1.36625	1.1906930E-004
1.36775	1.2082967E-004
1.36925	1.2073024E-004
1.37075	1.1877493E-004
1.37225	1.1505777E-004
1.37375	1.0975653E-004
1.37525	1.0312268E-004
1.37675	9.5468429E-005
1.37825	8.7151151E-005
1.37975	7.8556324E-005
1.38125	7.0078720E-005
1.38275	6.2103238E-005
1.38425	5.4986023E-005
1.38575	4.9037117E-005
1.38725	4.4505865E-005
1.38875	4.1569736E-005
1.39025	4.0327042E-005
1.39175	4.0793428E-005
1.39325	4.2902186E-005
1.39475	4.6508321E-005
1.39625	5.1396484E-005
1.39775	5.7292338E-005
1.39925	6.3877058E-005
1.40075	7.0803748E-005
1.40225	7.7714525E-005
1.40375	8.4257670E-005
1.40525	9.0103429E-005
1.40675	9.4958923E-005
1.40825	9.8581353E-005
1.40975	1.0078918E-004
1.41125	1.0147045E-004
1.41275	1.0058763E-004
1.41425	9.8178622E-005
1.41575	9.4353913E-005
1.41725	8.9290850E-005
1.41875	8.3224877E-005
1.42025	7.6438577E-005
1.42175	6.9248657E-005
1.42325	6.1990344E-005
1.42475	5.5000997E-005
1.42625	4.8602786E-005
1.42775	4.3086275E-005
1.42925	3.8695925E-005
1.43075	3.5618363E-005
1.43225	3.3973865E-005
1.43375	3.3811608E-005
1.43525	3.5108387E-005
1.43675	3.7770882E-005
1.43825	4.1641248E-005
1.43975	4.6505622E-005
1.44125	5.2105148E-005
1.44275	5.8148824E-005
1.44425	6.4327709E-005
1.44575	7.0329632E-005
1.44725	7.5853859E-005
1.44875	8.0625061E-005
1.45025	8.4406034E-005
1.45175	8.7008440E-005
1.45325	8.8301495E-005
1.45475	8.8217705E-005
1.45625	8.6755768E-005
1.45775	8.3980260E-005
1.45925	8.0018566E-005
1.46075	7.5054697E-005
1.46225	6.9320558E-005
1.46375	6.3084852E-005
1.46525	5.6639619E-005
1.46675	5.0285951E-005
1.46825	4.4318902E-005
1.46975	3.9013135E-005
1.47125	3.4609824E-005
1.47275	3.1305273E-005
1.47425	2.9242035E-005
1.47575	2.8502571E-005
1.47725	2.9105839E-005
1.47875	3.1006723E-005
1.48025	3.4098492E-005
1.48175	3.8217848E-005
1.48325	4.3152781E-005
1.48475	4.8652695E-005
1.48625	5.4440701E-005
1.48775	6.0227201E-005
1.48925	6.5724198E-005
1.49075	7.0659269E-005
1.49225	7.4788441E-005
1.49375	7.7907564E-005
1.49525	7.9861638E-005
1.49675	8.0551894E-005
1.49825	7.9940430E-005
1.49975	7.8051926E-005
1.50125	7.4972246E-005
1.50275	7.0844166E-005
1.50425	6.5860288E-005
1.50575	6.0253922E-005
1.50725	5.4287946E-005
1.50875	4.8242568E-005
1.51025	4.2402004E-005
1.51175	3.7040794E-005
1.51325	3.2410437E-005
1.51475	2.8726954E-005
1.51625	2.6160473E-005
1.51775	2.4827197E-005
1.51925	2.4784198E-005
1.52075	2.6027034E-005
1.52225	2.8490284E-005
1.52375	3.2050852E-005
1.52525	3.6533937E-005
1.52675	4.1721221E-005
1.52825	4.7361165E-005
1.52975	5.3180749E-005
1.53125	5.8898135E-005
1.53275	6.4236046E-005
1.53425	6.8935056E-005
1.53575	7.2765877E-005
1.53725	7.5540578E-005
1.53875	7.7121127E-005
1.54025	7.7426026E-005
1.54175	7.6434022E-005
1.54325	7.4185446E-005
1.54475	7.0781141E-005
1.54625	6.6378263E-005
1.54775	6.1183528E-005
1.54925	5.5443146E-005
1.55075	4.9430440E-005
1.55225	4.3431835E-005
1.55375	3.7732400E-005
1.55525	3.2602220E-005
1.55675	2.8284290E-005
1.55825	2.4984052E-005
1.55975	2.2860691E-005
1.56125	2.2019987E-005
1.56275	2.2509010E-005
1.56425	2.4313187E-005
1.56575	2.7356182E-005
1.56725	3.1502939E-005
1.56875	3.6565740E-005
1.57025	4.2312757E-005
1.57175	4.8478632E-005
1.57325	5.4776465E-005
1.57475	6.0910614E-005
1.57625	6.6590517E-005
1.57775	7.1544484E-005
1.57925	7.5533360E-005
1.58075	7.8362697E-005
1.58225	7.9893049E-005
1.58375	8.0046972E-005
1.58525	7.8812911E-005
1.58675	7.6245429E-005
1.58825	7.2462215E-005
1.58975	6.7638139E-005
1.59125	6.1996783E-005
1.59275	5.5800367E-005
1.59425	4.9338527E-005
1.59575	4.2916381E-005
1.59725	3.6841699E-005
1.59875	3.1411448E-005
1.60025	2.6897667E-005
1.60175	2.3533818E-005
1.60325	2.1502441E-005
1.60475	2.0925489E-005
1.60625	2.1857730E-005
1.60775	2.4283800E-005
1.60925	2.8118593E-005
1.61075	3.3210832E-005
1.61225	3.9349470E-005
1.61375	4.6272533E-005
1.61525	5.3678235E-005
1.61675	6.1237930E-005
1.61825	6.8610825E-005
1.61975	7.5459669E-005
1.62125	8.1467100E-005
1.62275	8.6351196E-005
1.62425	8.9879497E-005
1.62575	9.1880567E-005
1.62725	9.2252434E-005
1.62875	9.0967733E-005
1.63025	8.8075743E-005
1.63175	8.3701118E-005
1.63325	7.8039571E-005
1.63475	7.1350769E-005
1.63625	6.3948035E-005
1.63775	5.6185585E-005
1.63925	4.8443158E-005
1.64075	4.1108877E-005
1.64225	3.4561035E-005
1.64375	2.9150026E-005
1.64525	2.5181385E-005
1.64675	2.2900946E-005
1.64825	2.2482673E-005
1.64975	2.4019508E-005
1.65125	2.7517655E-005
1.65275	3.2894517E-005
1.65425	3.9980503E-005
1.65575	4.8524544E-005
1.65725	5.8203372E-005
1.65875	6.8634101E-005
1.66025	7.9389865E-005
1.66175	9.0017995E-005
1.66325	1.0006002E-004
1.66475	1.0907260E-004
1.66625	1.1664817E-004
1.66775	1.2243453E-004
1.66925	1.2615233E-004
1.67075	1.2761039E-004
1.67225	1.2671745E-004
1.67375	1.2349019E-004
1.67525	1.1805595E-004
1.67675	1.1065024E-004
1.67825	1.0160859E-004
1.67975	9.1354377E-005
1.68125	8.0382961E-005
1.68275	6.9243702E-005
1.68425	5.8519425E-005
1.68575	4.8803991E-005
1.68725	4.0677307E-005
1.68875	3.4678789E-005
1.69025	3.1280626E-005
1.69175	3.0862750E-005
1.69325	3.3691267E-005
1.69475	3.9901679E-005
1.69625	4.9487713E-005
1.69775	6.2296182E-005
1.69925	7.8027879E-005
1.70075	9.6244781E-005
1.70225	1.1638276E-004
1.70375	1.3777001E-004
1.70525	1.5964982E-004
1.70675	1.8120752E-004
1.70825	2.0160044E-004
1.70975	2.1999121E-004
1.71125	2.3558323E-004
1.71275	2.4765846E-004
1.71425	2.5561574E-004
1.71575	2.5900817E-004
1.71725	2.5757591E-004
1.71875	2.5127406E-004
1.72025	2.4029109E-004
1.72175	2.2506024E-004
1.72325	2.0626053E-004
1.72475	1.8481149E-004
1.72625	1.6185948E-004
1.72775	1.3875758E-004
1.72925	1.1703832E-004
1.73075	9.8379234E-005
1.73225	8.4562991E-005
1.73375	7.7431585E-005
1.73525	7.8837140E-005
1.73675	9.0589419E-005
1.73825	1.1440152E-004
1.73975	1.5183529E-004
1.74125	2.0424822E-004
1.74275	2.7274332E-004
1.74425	3.5812252E-004
1.74575	4.6084396E-004
1.74725	5.8098539E-004
1.74875	7.1821775E-004
1.75025	8.7179302E-004
1.75175	1.0405501E-003
1.75325	1.2229359E-003
1.75475	1.4170345E-003
1.75625	1.6205993E-003
1.75775	1.8310819E-003
1.75925	2.0456652E-003
1.76075	2.2613152E-003
1.76225	2.4748414E-003
1.76375	2.6829892E-003
1.76525	2.8825246E-003
1.76675	3.0703226E-003
1.76825	3.2434347E-003
1.76975	3.3991430E-003
1.77125	3.5350069E-003
1.77275	3.6488965E-003
1.77425	3.7390352E-003
1.77575	3.8040292E-003
1.77725	3.8428993E-003
1.77875	3.8551081E-003
1.78025	3.8405745E-003
1.78175	3.7996776E-003
1.78325	3.7332429E-003
1.78475	3.6425195E-003
1.78625	3.5291407E-003
1.78775	3.3950792E-003
1.78925	3.2425972E-003
1.79075	3.0741936E-003
1.79225	2.8925529E-003
1.79375	2.7004865E-003
1.79525	2.5008833E-003
1.79675	2.2966461E-003
1.79825	2.0906366E-003
1.79975	1.8856301E-003
1.80125	1.6842616E-003
1.80275	1.4889782E-003
1.80425	1.3019824E-003
1.80575	1.1251848E-003
1.80725	9.6016412E-004
1.80875	8.0815441E-004
1.81025	6.7005260E-004
1.81175	5.4643542E-004
1.81325	4.3758063E-004
1.81475	3.4348088E-004
1.81625	2.6385442E-004
1.81775	1.9815788E-004
1.81925	1.4560783E-004
1.82075	1.0521468E-004
1.82225	7.5824726E-005
1.82375	5.6167548E-005
1.82525	4.4902117E-005
1.82675	4.0658619E-005
1.82825	4.2074294E-005
1.82975	4.7824327E-005
1.83125	5.6649646E-005
1.83275	6.7382483E-005
1.83425	7.8969846E-005
1.83575	9.0492751E-005
1.83725	1.0117992E-004
1.83875	1.1041456E-004
1.84025	1.1773458E-004
1.84175	1.2282748E-004
1.84325	1.2552111E-004
1.84475	1.2577215E-004
1.84625	1.2365165E-004
1.84775	1.1933013E-004
1.84925	1.1305956E-004
1.85075	1.0515584E-004
1.85225	9.5980125E-005
1.85375	8.5920386E-005
1.85525	7.5373486E-005
1.85675	6.4728549E-005
1.85825	5.4351156E-005
1.85975	4.4570294E-005
1.86125	3.5667497E-005
1.86275	2.7869026E-005
1.86425	2.1341053E-005
1.86575	1.6187705E-005
1.86725	1.2451788E-005
1.86875	1.0117756E-005
1.87025	9.1166930E-006
1.87175	9.3327926E-006
1.87325	1.0611126E-005
1.87475	1.2766344E-005
1.87625	1.5592070E-005
1.87775	1.8870634E-005
1.87925	2.2382803E-005
1.88075	2.5916886E-005
1.88225	2.9276973E-005
1.88375	3.2289761E-005
1.88525	3.4810037E-005
1.88675	3.6724599E-005
1.88825	3.7954782E-005
1.88975	3.8457503E-005
1.89125	3.8224898E-005
1.89275	3.7282403E-005
1.89425	3.5685618E-005
1.89575	3.3515964E-005
1.89725	3.0875610E-005
1.89875	2.7881784E-005
1.90025	2.4661082E-005
1.90175	2.1343589E-005
1.90325	1.8057444E-005
1.90475	1.4923543E-005
1.90625	1.2050859E-005
1.90775	9.5322293E-006
1.90925	7.4410164E-006
1.91075	5.8287760E-006
1.91225	4.7240460E-006
1.91375	4.1323174E-006
1.91525	4.0370783E-006
1.91675	4.4017424E-006
1.91825	5.1722614E-006
1.91975	6.2802587E-006
1.92125	7.6465449E-006
1.92275	9.1849361E-006
1.92425	1.0806224E-005
1.92575	1.2422168E-005
1.92725	1.3949310E-005
1.92875	1.5312373E-005
1.93025	1.6447178E-005
1.93175	1.7302862E-005
1.93325	1.7843498E-005
1.93475	1.8048930E-005
1.93625	1.7914979E-005
1.93775	1.7452907E-005
1.93925	1.6688184E-005
1.94075	1.5658732E-005
1.94225	1.4412621E-005
1.94375	1.3005477E-005
1.94525	1.1497808E-005
1.94675	9.9522586E-006
1.94825	8.4309740E-006
1.94975	6.9930156E-006
1.95125	5.6918775E-006
1.95275	4.5732072E-006
1.95425	3.6729077E-006
1.95575	3.0157958E-006
1.95725	2.6149573E-006
1.95875	2.4717817E-006
1.96025	2.5765312E-006
1.96175	2.9092939E-006
1.96325	3.4411828E-006
1.96475	4.1357584E-006
1.96625	4.9506671E-006
1.96775	5.8395599E-006
1.96925	6.7542151E-006
1.97075	7.6468277E-006
1.97225	8.4722869E-006
1.97375	9.1902648E-006
1.97525	9.7670081E-006
1.97675	1.0176643E-005
1.97825	1.0402010E-005
1.97975	1.0435026E-005
1.98125	1.0276621E-005
1.98275	9.9363206E-006
1.98425	9.4315201E-006
1.98575	8.7864792E-006
1.98725	8.0310956E-006
1.98875	7.1994255E-006
1.99025	6.3280477E-006
1.99175	5.4543448E-006
1.99325	4.6147179E-006
1.99475	3.8428825E-006
1.99625	3.1683076E-006
1.99775	2.6149344E-006
1.99925	2.2002791E-006
2.00075	1.9349736E-006
2.00225	1.8227275E-006
2.00375	1.8605759E-006
2.00525	2.0392933E-006
2.00675	2.3438988E-006
2.00825	2.7542887E-006
2.00975	3.2460889E-006
2.01125	3.7917712E-006
2.01275	4.3620157E-006
2.01425	4.9271903E-006
2.01575	5.4587954E-006
2.01725	5.9308013E-006
2.01875	6.3207590E-006
2.02025	6.6107100E-006
2.02175	6.7878423E-006
2.02325	6.8448976E-006
2.02475	6.7803207E-006
2.02625	6.5981567E-006
2.02775	6.3077159E-006
2.02925	5.9230365E-006
2.03075	5.4621755E-006
2.03225	4.9463442E-006
2.03375	4.3989066E-006
2.03525	3.8442568E-006
2.03675	3.3065985E-006
2.03825	2.8086702E-006
2.03975	2.3705479E-006
2.04125	2.0086327E-006
2.04275	1.7349917E-006
2.04425	1.5571028E-006
2.04575	1.4779605E-006
2.04725	1.4963795E-006
2.04875	1.6073138E-006
2.05025	1.8021022E-006
2.05175	2.0686821E-006
2.05325	2.3919106E-006
2.05475	2.7541259E-006
2.05625	3.1359809E-006
2.05775	3.5174728E-006
2.05925	3.8790304E-006
2.06075	4.2025340E-006
2.06225	4.4721760E-006
2.06375	4.6751384E-006
2.06525	4.8020825E-006
2.06675	4.8474603E-006
2.06825	4.8096608E-006
2.06975	4.6909931E-006
2.07125	4.4975177E-006
2.07275	4.2387273E-006
2.07425	3.9270753E-006
2.07575	3.5773821E-006
2.07725	3.2061125E-006
2.07875	2.8305160E-006
2.08025	2.4676781E-006
2.08175	2.1335002E-006
2.08325	1.8417400E-006
2.08475	1.6032546E-006
2.08625	1.4256067E-006
2.08775	1.3130843E-006
2.08925	1.2670484E-006
2.09075	1.2863749E-006
2.09225	1.3677690E-006
2.09375	1.5058366E-006
2.09525	1.6930031E-006
2.09675	1.9194715E-006
2.09825	2.1734218E-006
2.09975	2.4415167E-006
2.10125	2.7096530E-006
2.10275	2.9638143E-006
2.10425	3.1908889E-006
2.10575	3.3793763E-006
2.10725	3.5199359E-006
2.10875	3.6057925E-006
2.11025	3.6329886E-006
2.11175	3.6004969E-006
2.11325	3.5101968E-006
2.11475	3.3667313E-006
2.11625	3.1772602E-006
2.11775	2.9511268E-006
2.11925	2.6994198E-006
2.12075	2.4344449E-006
2.12225	2.1690466E-006
2.12375	1.9157956E-006
2.12525	1.6860835E-006
2.12675	1.4892887E-006
2.12825	1.3322054E-006
2.12975	1.2189272E-006
2.13125	1.1511919E-006
2.13275	1.1290140E-006
2.13425	1.1512659E-006
2.13575	1.2159257E-006
2.13725	1.3198958E-006
2.13875	1.4585686E-006
2.14025	1.6254510E-006
2.14175	1.8121231E-006
2.14325	2.0086284E-006
2.14475	2.2041920E-006
2.14625	2.3880566E-006
2.14775	2.5502554E-006
2.14925	2.6822106E-006
2.15075	2.7771453E-006
2.15225	2.8303409E-006
2.15375	2.8392781E-006
2.15525	2.8036852E-006
2.15675	2.7255098E-006
2.15825	2.6088212E-006
2.15975	2.4596416E-006
2.16125	2.2857000E-006
2.16275	2.0960792E-006
2.16425	1.9007120E-006
2.16575	1.7096908E-006
2.16725	1.5324252E-006
2.16875	1.3767806E-006
2.17025	1.2484064E-006
2.17175	1.1504973E-006
2.17325	1.0840838E-006
2.17475	1.0487641E-006
2.17625	1.0435575E-006
2.17775	1.0675036E-006
2.17925	1.1197384E-006
2.18075	1.1990450E-006
2.18225	1.3031314E-006
2.18375	1.4280139E-006
2.18525	1.5677959E-006
2.18675	1.7149466E-006
2.18825	1.8609593E-006
2.18975	1.9971699E-006
2.19125	2.1155199E-006
2.19275	2.2091424E-006
2.19425	2.2727463E-006
2.19575	2.3028356E-006
2.19725	2.2978127E-006
2.19875	2.2580093E-006
2.20025	2.1856642E-006
2.20175	2.0848486E-006
2.20325	1.9613087E-006
2.20475	1.8222003E-006
2.20625	1.6756445E-006
2.20775	1.5300899E-006
2.20925	1.3934959E-006
2.21075	1.2724753E-006
2.21225	1.1716033E-006
2.21375	1.0931303E-006
2.21525	1.0372233E-006
2.21675	1.0027020E-006
2.21825	9.8800274E-007
2.21975	9.9202441E-007
2.22125	1.0145202E-006
2.22275	1.0558933E-006
2.22425	1.1164946E-006
2.22575	1.1957106E-006
2.22725	1.2912211E-006
2.22875	1.3987011E-006
2.23025	1.5120680E-006
2.23175	1.6241485E-006
2.23325	1.7275313E-006
2.23475	1.8153677E-006
2.23625	1.8819590E-006
2.23775	1.9231159E-006
2.23925	1.9363201E-006
2.24075	1.9207846E-006
2.24225	1.8774606E-006
2.24375	1.8090199E-006
2.24525	1.7197896E-006
2.24675	1.6155677E-006
2.24825	1.5032469E-006
2.24975	1.3901974E-006
2.25125	1.2834429E-006
2.25275	1.1887819E-006
2.25425	1.1100803E-006
2.25575	1.0489716E-006
2.25725	1.0050758E-006
2.25875	9.7668362E-007
2.26025	9.6168299E-007
2.26175	9.5843268E-007
2.26325	9.6632448E-007
2.26475	9.8586918E-007
2.26625	1.0183015E-006
2.26775	1.0648311E-006
2.26925	1.1257702E-006
2.27075	1.1998324E-006
2.27225	1.2838086E-006
2.27375	1.3727454E-006
2.27525	1.4605273E-006
2.27675	1.5406837E-006
2.27825	1.6071829E-006
2.27975	1.6550506E-006
2.28125	1.6807631E-006
2.28275	1.6824430E-006
2.28425	1.6599389E-006
2.28575	1.6148377E-006
2.28725	1.5504161E-006
2.28875	1.4714728E-006
2.29025	1.3839700E-006
2.29175	1.2944307E-006
2.29325	1.2091356E-006
2.29475	1.1332705E-006
2.29625	1.0702533E-006
2.29775	1.0214455E-006
2.29925	9.8634257E-007
2.30075	9.6317024E-007
2.30225	9.4968595E-007
2.30375	9.4395256E-007
2.30525	9.4490269E-007
2.30675	9.5258474E-007
2.30825	9.6807037E-007
2.30975	9.9303963E-007
2.31125	1.0291233E-006
2.31275	1.0771405E-006
2.31425	1.1364392E-006
2.31575	1.2045467E-006
2.31725	1.2772501E-006
2.31875	1.3490977E-006
2.32025	1.4141605E-006
2.32175	1.4668477E-006
2.32325	1.5025896E-006
2.32475	1.5183057E-006
2.32625	1.5126609E-006
2.32775	1.4861540E-006
2.32925	1.4410797E-006
2.33075	1.3813470E-006
2.33225	1.3121174E-006
2.33375	1.2392244E-006
2.33525	1.1684158E-006
2.33675	1.1045481E-006
2.33825	1.0509394E-006
2.33975	1.0090623E-006
2.34125	9.7866803E-007
2.34275	9.5827102E-007
2.34425	9.4582134E-007
2.34575	9.3936495E-007
2.34725	9.3754602E-007
2.34875	9.3989263E-007
2.35025	9.4688778E-007
2.35175	9.5983034E-007
2.35325	9.8049236E-007
2.35475	1.0105858E-006
2.35625	1.0511178E-006
2.35775	1.1017812E-006
2.35925	1.1605769E-006
2.36075	1.2238083E-006
2.36225	1.2864853E-006
2.36375	1.3430258E-006
2.36525	1.3880681E-006
2.36675	1.4172067E-006
2.36825	1.4275390E-006
2.36975	1.4179950E-006
2.37125	1.3894612E-006
2.37275	1.3447087E-006
2.37425	1.2881015E-006
2.37575	1.2250563E-006
2.37725	1.1612842E-006
2.37875	1.1019305E-006
2.38025	1.0508193E-006
2.38175	1.0100135E-006
2.38325	9.7980660E-007
2.38475	9.5910821E-007
2.38625	9.4606253E-007
2.38775	9.3869005E-007
2.38925	9.3539609E-007
2.39075	9.3528666E-007
2.39225	9.3831011E-007
2.39375	9.4525643E-007
2.39525	9.5762073E-007
2.39675	9.7730481E-007
2.39825	1.0061343E-006
2.39975	1.0452444E-006
2.40125	1.0944692E-006
2.40275	1.1519311E-006
2.40425	1.2140001E-006
2.40575	1.2756742E-006
2.40725	1.3312916E-006
2.40875	1.3753831E-006
2.41025	1.4034645E-006
2.41175	1.4126321E-006
2.41325	1.4019186E-006
2.41475	1.3724087E-006
2.41625	1.3271240E-006
2.41775	1.2706564E-006
2.41925	1.2085544E-006
2.42075	1.1465057E-006
2.42225	1.0894712E-006
2.42375	1.0409756E-006
2.42525	1.0027529E-006
2.42675	9.7482416E-007
2.42825	9.5594419E-007
2.42975	9.4423251E-007
2.43125	9.3779482E-007
2.43275	9.3519685E-007
2.43425	9.3575454E-007
2.43575	9.3966645E-007
2.43725	9.4800993E-007
2.43875	9.6259907E-007
2.44025	9.8565215E-007
2.44175	1.0192547E-006
2.44325	1.0646702E-006
2.44475	1.1216711E-006
2.44625	1.1881003E-006
2.44775	1.2598542E-006
2.44925	1.3313220E-006
2.45075	1.3961767E-006
2.45225	1.4482964E-006
2.45375	1.4826055E-006
2.45525	1.4956995E-006
2.45675	1.4862279E-006
2.45825	1.4550485E-006
2.45975	1.4051670E-006
2.46125	1.3414332E-006
2.46275	1.2699533E-006
2.46425	1.1972401E-006
2.46575	1.1292316E-006
2.46725	1.0704076E-006
2.46875	1.0232557E-006
2.47025	9.8823193E-007
2.47175	9.6418910E-007
2.47325	9.4909348E-007
2.47475	9.4079633E-007
2.47625	9.3767301E-007
2.47775	9.3905095E-007
2.47925	9.4542077E-007
2.48075	9.5843927E-007
2.48225	9.8069836E-007
2.48375	1.0152187E-006
2.48525	1.0646760E-006
2.48675	1.1304862E-006
2.48825	1.2119915E-006
2.48975	1.3060242E-006
2.49125	1.4070317E-006
2.49275	1.5077422E-006
2.49425	1.6001763E-006
2.49575	1.6767132E-006
2.49725	1.7309802E-006
2.49875	1.7584583E-006
2.50025	1.7568252E-006
2.50175	1.7261164E-006
2.50325	1.6687610E-006
2.50475	1.5894643E-006
2.50625	1.4948629E-006
2.50775	1.3928552E-006
2.50925	1.2916148E-006
2.51075	1.1984388E-006
2.51225	1.1187141E-006
2.51375	1.0553172E-006
2.51525	1.0086375E-006
2.51675	9.7721033E-007
2.51825	9.5873872E-007
2.51975	9.5120771E-007
2.52125	9.5380199E-007
2.52275	9.6744611E-007
2.52425	9.9485408E-007
2.52575	1.0400556E-006
2.52725	1.1074318E-006
2.52875	1.2004255E-006
2.53025	1.3202289E-006
2.53175	1.4648283E-006
2.53325	1.6287075E-006
2.53475	1.8033040E-006
2.53625	1.9780578E-006
2.53775	2.1417229E-006
2.53925	2.2835993E-006
2.54075	2.3944638E-006
2.54225	2.4671651E-006
2.54375	2.4969468E-006
2.54525	2.4816331E-006
2.54675	2.4217700E-006
2.54825	2.3207383E-006
2.54975	2.1847834E-006
2.55125	2.0228263E-006
2.55275	1.8459094E-006
2.55425	1.6661870E-006
2.55575	1.4955262E-006
2.55725	1.3440102E-006
2.55875	1.2187840E-006
2.56025	1.1236871E-006
2.56175	1.0598856E-006
2.56325	1.0273477E-006
2.56475	1.0266560E-006
2.56625	1.0604682E-006
2.56775	1.1340180E-006
2.56925	1.2543823E-006
2.57075	1.4286670E-006
2.57225	1.6616787E-006
2.57375	1.9538224E-006
2.57525	2.2998865E-006
2.57675	2.6890009E-006
2.57825	3.1056461E-006
2.57975	3.5312717E-006
2.58125	3.9460301E-006
2.58275	4.3302643E-006
2.58425	4.6656205E-006
2.58575	4.9358277E-006
2.58725	5.1272855E-006
2.58875	5.2295622E-006
2.59025	5.2358851E-006
2.59175	5.1436627E-006
2.59325	4.9550017E-006
2.59475	4.6771902E-006
2.59625	4.3230402E-006
2.59775	3.9109227E-006
2.59925	3.4643094E-006
2.60075	3.0107228E-006
2.60225	2.5801739E-006
2.60375	2.2035103E-006
2.60525	1.9112608E-006
2.60675	1.7335132E-006
2.60825	1.7008668E-006
2.60975	1.8458524E-006
2.61125	2.2037846E-006
2.61275	2.8121333E-006
2.61425	3.7082077E-006
2.61575	4.9257947E-006
2.61725	6.4918713E-006
2.61875	8.4243457E-006
2.62025	1.0731182E-005
2.62175	1.3410590E-005
2.62325	1.6451722E-005
2.62475	1.9835294E-005
2.62625	2.3534061E-005
2.62775	2.7513139E-005
2.62925	3.1730466E-005
2.63075	3.6137350E-005
2.63225	4.0679337E-005
2.63375	4.5296922E-005
2.63525	4.9926737E-005
2.63675	5.4502667E-005
2.63825	5.8957248E-005
2.63975	6.3223226E-005
2.64125	6.7234985E-005
2.64275	7.0930080E-005
2.64425	7.4250238E-005
2.64575	7.7142613E-005
2.64725	7.9560814E-005
2.64875	8.1466103E-005
2.65025	8.2828345E-005
2.65175	8.3626750E-005
2.65325	8.3850391E-005
2.65475	8.3498329E-005
2.65625	8.2579456E-005
2.65775	8.1111917E-005
2.65925	7.9122590E-005
2.66075	7.6646342E-005
2.66225	7.3725118E-005
2.66375	7.0407012E-005
2.66525	6.6745306E-005
2.66675	6.2797437E-005
2.66825	5.8623718E-005
2.66975	5.4286294E-005
2.67125	4.9847888E-005
2.67275	4.5370500E-005
2.67425	4.0914212E-005
2.67575	3.6535916E-005
2.67725	3.2288273E-005
2.67875	2.8218872E-005
2.68025	2.4369550E-005
2.68175	2.0775968E-005
2.68325	1.7467311E-005
2.68475	1.4466161E-005
2.68625	1.1788444E-005
2.68775	9.4433917E-006
2.68925	7.4333848E-006
2.69075	5.7534830E-006
2.69225	4.3908412E-006
2.69375	3.3243248E-006
2.69525	2.5249988E-006
2.69675	1.9579620E-006
2.69825	1.5855040E-006
2.69975	1.3708880E-006
2.70125	1.2815841E-006
2.70275	1.2909201E-006
2.70425	1.3777463E-006
2.70575	1.5245881E-006
2.70725	1.7153380E-006
2.70875	1.9335675E-006
2.71025	2.1620515E-006
2.71175	2.3834573E-006
2.71325	2.5816767E-006
2.71475	2.7431724E-006
2.71625	2.8579013E-006
2.71775	2.9196860E-006
2.71925	2.9261330E-006
2.72075	2.8782829E-006
2.72225	2.7801798E-006
2.72375	2.6384510E-006
2.72525	2.4619185E-006
2.72675	2.2611755E-006
2.72825	2.0480418E-006
2.72975	1.8347686E-006
2.73125	1.6329797E-006
2.73275	1.4524473E-006
2.73425	1.2999742E-006
2.73575	1.1787073E-006
2.73725	1.0881344E-006
2.73875	1.0247811E-006
2.74025	9.8338967E-007
2.74175	9.5819291E-007
2.74325	9.4394488E-007
2.74475	9.3650959E-007
2.74625	9.3302168E-007
2.74775	9.3175220E-007
2.74925	9.3184792E-007
2.75075	9.3306522E-007
2.75225	9.3554081E-007
2.75375	9.3958579E-007
2.75525	9.4547448E-007
2.75675	9.5322008E-007
2.75825	9.6238466E-007
2.75975	9.7200052E-007
2.76125	9.8067960E-007
2.76275	9.8691760E-007
2.76425	9.8951296E-007
2.76575	9.8793964E-007
2.76725	9.8251917E-007
2.76875	9.7431496E-007
2.77025	9.6479550E-007
2.77175	9.5541168E-007
2.77325	9.4725181E-007
2.77475	9.4088051E-007
2.77625	9.3637061E-007
2.77775	9.3346046E-007
2.77925	9.3174270E-007
2.78075	9.3081320E-007
2.78225	9.3035146E-007
2.78375	9.3014080E-007
2.78525	9.3005241E-007
2.78675	9.3001830E-007
2.78825	9.3000619E-007
2.78975	9.3000227E-007
2.79125	9.3000108E-007
2.79275	9.3000074E-007
2.79425	9.3000068E-007
2.79575	9.3000062E-007
2.79725	9.3000062E-007
2.79875	9.3000062E-007
2.80025	9.3000062E-007
2.80175	9.3000062E-007
2.80325	9.3000062E-007
2.80475	9.3000062E-007
2.80625	9.3000062E-007
2.80775	9.3000062E-007
2.80925	9.3000062E-007
2.81075	9.3000062E-007
2.81225	9.3000062E-007
2.81375	9.3000062E-007
2.81525	9.3000062E-007
2.81675	9.3000062E-007
2.81825	9.3000062E-007
2.81975	9.3000062E-007
2.82125	9.3000062E-007
2.82275	9.3000062E-007
2.82425	9.3000062E-007
2.82575	9.3000062E-007
2.82725	9.3000062E-007
2.82875	9.3000062E-007
2.83025	9.3000062E-007
2.83175	9.3000062E-007
2.83325	9.3000062E-007
2.83475	9.3000062E-007
2.83625	9.3000062E-007
2.83775	9.3000062E-007
2.83925	9.3000062E-007
2.84075	9.3000062E-007
2.84225	9.3000062E-007
2.84375	9.3000062E-007
2.84525	9.3000062E-007
2.84675	9.3000062E-007
2.84825	9.3000062E-007
2.84975	9.3000062E-007
2.85125	9.3000062E-007
2.85275	9.3000062E-007
2.85425	9.3000062E-007
2.85575	9.3000062E-007
2.85725	9.3000062E-007
2.85875	9.3000062E-007
2.86025	9.3000062E-007
2.86175	9.3000062E-007
2.86325	9.3000062E-007
2.86475	9.3000062E-007
2.86625	9.3000062E-007
2.86775	9.3000062E-007
2.86925	9.3000062E-007
2.87075	9.3000062E-007
2.87225	9.3000062E-007
2.87375	9.3000062E-007
2.87525	9.3000062E-007
2.87675	9.3000062E-007
2.87825	9.3000062E-007
2.87975	9.3000062E-007
2.88125	9.3000062E-007
2.88275	9.3000062E-007
2.88425	9.3000062E-007
2.88575	9.3000062E-007
2.88725	9.3000062E-007
2.88875	9.3000062E-007
2.89025	9.3000062E-007
2.89175	9.3000062E-007
2.89325	9.3000062E-007
2.89475	9.3000062E-007
2.89625	9.3000062E-007
2.89775	9.3000062E-007
2.89925	9.3000062E-007
2.90075	9.3000062E-007
2.90225	9.3000062E-007
2.90375	9.3000062E-007
2.90525	9.3000062E-007
2.90675	9.3000062E-007
2.90825	9.3000062E-007
2.90975	9.3000062E-007
2.91125	9.3000062E-007
2.91275	9.3000062E-007
2.91425	9.3000062E-007
2.91575	9.3000062E-007
2.91725	9.3000062E-007
2.91875	9.3000062E-007
2.92025	9.3000062E-007
2.92175	9.3000062E-007
2.92325	9.3000062E-007
2.92475	9.3000062E-007
2.92625	9.3000062E-007
2.92775	9.3000062E-007
2.92925	9.3000062E-007
2.93075	9.3000062E-007
2.93225	9.3000062E-007
2.93375	9.3000062E-007
2.93525	9.3000062E-007
2.93675	9.3000062E-007
2.93825	9.3000062E-007
2.93975	9.3000062E-007
2.94125	9.3000062E-007
2.94275	9.3000062E-007
2.94425	9.3000062E-007
2.94575	9.3000062E-007
2.94725	9.3000062E-007
2.94875	9.3000062E-007
2.95025	9.3000062E-007
2.95175	9.3000062E-007
2.95325	9.3000062E-007
2.95475	9.3000062E-007
2.95625	9.3000062E-007
2.95775	9.3000062E-007
2.95925	9.3000062E-007
2.96075	9.3000062E-007
2.96225	9.3000062E-007
2.96375	9.3000062E-007
2.96525	9.3000062E-007
2.96675	9.3000062E-007
2.96825	9.3000062E-007
2.96975	9.3000062E-007
2.97125	9.3000062E-007
2.97275	9.3000062E-007
2.97425	9.3000062E-007
2.97575	9.3000062E-007
2.97725	9.3000062E-007
2.97875	9.3000062E-007
2.98025	9.3000062E-007
2.98175	9.3000062E-007
2.98325	9.3000062E-007
2.98475	9.3000062E-007
2.98625	9.3000062E-007
2.98775	9.3000062E-007
2.98925	9.3000062E-007
2.99075	9.3000062E-007
2.99225	9.3000062E-007
2.99375	9.3000062E-007
2.99525	9.3000062E-007
2.99675	9.3000062E-007
2.99825	9.3000062E-007
2.99975	9.3000062E-007
3.00125	9.3000062E-007
3.00275	9.3000062E-007
3.00425	9.3000062E-007
3.00575	9.3000062E-007
3.00725	9.3000062E-007
3.00875	9.3000062E-007
3.01025	9.3000062E-007
3.01175	9.3000062E-007
3.01325	9.3000062E-007
3.01475	9.3000062E-007
3.01625	9.3000062E-007
3.01775	9.3000062E-007
3.01925	9.3000062E-007
3.02075	9.3000062E-007
3.02225	9.3000062E-007
3.02375	9.3000062E-007
3.02525	9.3000062E-007
3.02675	9.3000062E-007
3.02825	9.3000062E-007
3.02975	9.3000062E-007
3.03125	9.3000062E-007
3.03275	9.3000062E-007
3.03425	9.3000062E-007
3.03575	9.3000062E-007
3.03725	9.3000062E-007
3.03875	9.3000062E-007
3.04025	9.3000062E-007
3.04175	9.3000062E-007
3.04325	9.3000062E-007
3.04475	9.3000062E-007
3.04625	9.3000062E-007
3.04775	9.3000062E-007
3.04925	9.3000062E-007
3.05075	9.3000062E-007
3.05225	9.3000062E-007
3.05375	9.3000062E-007
3.05525	9.3000062E-007
3.05675	9.3000062E-007
3.05825	9.3000062E-007
3.05975	9.3000062E-007
3.06125	9.3000062E-007
3.06275	9.3000062E-007
3.06425	9.3000062E-007
3.06575	9.3000062E-007
3.06725	9.3000062E-007
3.06875	9.3000062E-007
3.07025	9.3000062E-007
3.07175	9.3000062E-007
3.07325	9.3000062E-007
3.07475	9.3000062E-007
3.07625	9.3000062E-007
3.07775	9.3000062E-007
3.07925	9.3000062E-007
3.08075	9.3000062E-007
3.08225	9.3000062E-007
3.08375	9.3000062E-007
3.08525	9.3000062E-007
3.08675	9.3000062E-007
3.08825	9.3000062E-007
3.08975	9.3000062E-007
3.09125	9.3000062E-007
3.09275	9.3000062E-007
3.09425	9.3000062E-007
3.09575	9.3000062E-007
3.09725	9.3000062E-007
3.09875	9.3000062E-007
3.10025	9.3000062E-007
3.10175	9.3000062E-007
3.10325	9.3000062E-007
3.10475	9.3000062E-007
3.10625	9.3000062E-007
3.10775	9.3000062E-007
3.10925	9.3000062E-007
3.11075	9.3000062E-007
3.11225	9.3000062E-007
3.11375	9.3000062E-007
3.11525	9.3000062E-007
3.11675	9.3000062E-007
3.11825	9.3000062E-007
3.11975	9.3000062E-007
3.12125	9.3000062E-007
3.12275	9.3000062E-007
3.12425	9.3000062E-007
3.12575	9.3000062E-007
3.12725	9.3000062E-007
3.12875	9.3000062E-007
3.13025	9.3000062E-007
3.13175	9.3000062E-007
3.13325	9.3000062E-007
3.13475	9.3000062E-007
3.13625	9.3000062E-007
3.13775	9.3000062E-007
3.13925	9.3000062E-007
3.14075	9.3000062E-007
3.14225	9.3000062E-007
3.14375	9.3000062E-007
3.14525	9.3000062E-007
3.14675	9.3000062E-007
3.14825	9.3000062E-007
3.14975	9.3000062E-007
3.15125	9.3000062E-007
3.15275	9.3000062E-007
3.15425	9.3000062E-007
3.15575	9.3000062E-007
3.15725	9.3000062E-007
3.15875	9.3000062E-007
3.16025	9.3000062E-007
3.16175	9.3000062E-007
3.16325	9.3000062E-007
3.16475	9.3000062E-007
3.16625	9.3000062E-007
3.16775	9.3000062E-007
3.16925	9.3000062E-007
3.17075	9.3000062E-007
3.17225	9.3000062E-007
3.17375	9.3000062E-007
3.17525	9.3000062E-007
3.17675	9.3000062E-007
3.17825	9.3000062E-007
3.17975	9.3000062E-007
3.18125	9.3000062E-007
3.18275	9.3000062E-007
3.18425	9.3000062E-007
3.18575	9.3000062E-007
3.18725	9.3000062E-007
3.18875	9.3000062E-007
3.19025	9.3000062E-007
3.19175	9.3000062E-007
3.19325	9.3000062E-007
3.19475	9.3000062E-007
3.19625	9.3000062E-007
3.19775	9.3000062E-007
3.19925	9.3000062E-007
3.20075	9.3000062E-007
3.20225	9.3000062E-007
3.20375	9.3000062E-007
3.20525	9.3000062E-007
3.20675	9.3000062E-007
3.20825	9.3000062E-007
3.20975	9.3000062E-007
3.21125	9.3000062E-007
3.21275	9.3000062E-007
3.21425	9.3000062E-007
3.21575	9.3000062E-007
3.21725	9.3000062E-007
3.21875	9.3000062E-007
3.22025	9.3000062E-007
3.22175	9.3000062E-007
3.22325	9.3000062E-007
3.22475	9.3000062E-007
3.22625	9.3000062E-007
3.22775	9.3000062E-007
3.22925	9.3000062E-007
3.23075	9.3000062E-007
3.23225	9.3000062E-007
3.23375	9.3000062E-007
3.23525	9.3000062E-007
3.23675	9.3000062E-007
3.23825	9.3000062E-007
3.23975	9.3000062E-007
3.24125	9.3000062E-007
3.24275	9.3000062E-007
3.24425	9.3000062E-007
3.24575	9.3000062E-007
3.24725	9.3000062E-007
3.24875	9.3000062E-007
3.25025	9.3000062E-007
3.25175	9.3000062E-007
3.25325	9.3000062E-007
3.25475	9.3000062E-007
3.25625	9.3000062E-007
3.25775	9.3000062E-007
3.25925	9.3000062E-007
3.26075	9.3000062E-007
3.26225	9.3000062E-007
3.26375	9.3000062E-007
3.26525	9.3000062E-007
3.26675	9.3000062E-007
3.26825	9.3000062E-007
3.26975	9.3000062E-007
3.27125	9.3000062E-007
3.27275	9.3000062E-007
3.27425	9.3000062E-007
3.27575	9.3000062E-007
3.27725	9.3000062E-007
3.27875	9.3000062E-007
3.28025	9.3000062E-007
3.28175	9.3000062E-007
3.28325	9.3000062E-007
3.28475	9.3000062E-007
3.28625	9.3000062E-007
3.28775	9.3000062E-007
3.28925	9.3000062E-007
3.29075	9.3000062E-007
3.29225	9.3000062E-007
3.29375	9.3000062E-007
3.29525	9.3000062E-007
3.29675	9.3000062E-007
3.29825	9.3000062E-007
3.29975	9.3000062E-007
3.30125	9.3000062E-007
3.30275	9.3000062E-007
3.30425	9.3000062E-007
3.30575	9.3000062E-007
3.30725	9.3000062E-007
3.30875	9.3000062E-007
3.31025	9.3000062E-007
3.31175	9.3000062E-007
3.31325	9.3000062E-007
3.31475	9.3000062E-007
3.31625	9.3000062E-007
3.31775	9.3000062E-007
3.31925	9.3000062E-007
3.32075	9.3000062E-007
3.32225	9.3000062E-007
3.32375	9.3000062E-007
3.32525	9.3000062E-007
3.32675	9.3000062E-007
3.32825	9.3000062E-007
3.32975	9.3000062E-007
3.33125	9.3000062E-007
3.33275	9.3000062E-007
3.33425	9.3000062E-007
3.33575	9.3000062E-007
3.33725	9.3000062E-007
3.33875	9.3000062E-007
3.34025	9.3000062E-007
3.34175	9.3000062E-007
3.34325	9.3000062E-007
3.34475	9.3000062E-007
3.34625	9.3000062E-007
3.34775	9.3000062E-007
3.34925	9.3000062E-007
3.35075	9.3000062E-007
3.35225	9.3000062E-007
3.35375	9.3000062E-007
3.35525	9.3000062E-007
3.35675	9.3000062E-007
3.35825	9.3000062E-007
3.35975	9.3000062E-007
3.36125	9.3000062E-007
3.36275	9.3000062E-007
3.36425	9.3000062E-007
3.36575	9.3000062E-007
3.36725	9.3000062E-007
3.36875	9.3000062E-007
3.37025	9.3000062E-007
3.37175	9.3000062E-007
3.37325	9.3000062E-007
3.37475	9.3000062E-007
3.37625	9.3000062E-007
3.37775	9.3000062E-007
3.37925	9.3000062E-007
3.38075	9.3000062E-007
3.38225	9.3000062E-007
3.38375	9.3000062E-007
3.38525	9.3000062E-007
3.38675	9.3000062E-007
3.38825	9.3000062E-007
3.38975	9.3000062E-007
3.39125	9.3000062E-007
3.39275	9.3000062E-007
3.39425	9.3000062E-007
3.39575	9.3000062E-007
3.39725	9.3000062E-007
3.39875	9.3000062E-007
3.40025	9.3000062E-007
3.40175	9.3000062E-007
3.40325	9.3000062E-007
3.40475	9.3000062E-007
3.40625	9.3000062E-007
3.40775	9.3000062E-007
3.40925	9.3000062E-007
3.41075	9.3000062E-007
3.41225	9.3000062E-007
3.41375	9.3000062E-007
3.41525	9.3000062E-007
3.41675	9.3000062E-007
3.41825	9.3000062E-007
3.41975	9.3000062E-007
3.42125	9.3000062E-007
3.42275	9.3000062E-007
3.42425	9.3000062E-007
3.42575	9.3000062E-007
3.42725	9.3000062E-007
3.42875	9.3000062E-007
3.43025	9.3000062E-007
3.43175	9.3000062E-007
3.43325	9.3000062E-007
3.43475	9.3000062E-007
3.43625	9.3000062E-007
3.43775	9.3000062E-007
3.43925	9.3000062E-007
3.44075	9.3000062E-007
3.44225	9.3000062E-007
3.44375	9.3000062E-007
3.44525	9.3000062E-007
3.44675	9.3000062E-007
3.44825	9.3000062E-007
3.44975	9.3000062E-007
3.45125	9.3000062E-007
3.45275	9.3000062E-007
3.45425	9.3000062E-007
3.45575	9.3000062E-007
3.45725	9.3000062E-007
3.45875	9.3000062E-007
3.46025	9.3000062E-007
3.46175	9.3000062E-007
3.46325	9.3000062E-007
3.46475	9.3000062E-007
3.46625	9.3000062E-007
3.46775	9.3000062E-007
3.46925	9.3000062E-007
3.47075	9.3000062E-007
3.47225	9.3000062E-007
3.47375	9.3000062E-007
3.47525	9.3000062E-007
3.47675	9.3000062E-007
3.47825	9.3000062E-007
3.47975	9.3000062E-007
3.48125	9.3000062E-007
3.48275	9.3000062E-007
3.48425	9.3000062E-007
3.48575	9.3000062E-007
3.48725	9.3000068E-007
3.48875	9.3000068E-007
3.49025	9.3000079E-007
3.49175	9.3000148E-007
3.49325	9.3000386E-007
3.49475	9.3001171E-007
3.49625	9.3003609E-007
3.49775	9.3010561E-007
3.49925	9.3028922E-007
3.50075	9.3000011E-007
3.50225	9.3000011E-007
3.50375	9.3000011E-007
3.50525	9.3000011E-007
3.50675	9.3000011E-007
3.50825	9.3000011E-007
3.50975	9.3000011E-007
3.51125	9.3000011E-007
3.51275	9.3039944E-007
3.51425	9.3921932E-007
3.51575	9.5622170E-007
3.51725	9.8091266E-007
3.51875	1.0129681E-006
3.52025	1.0517674E-006
3.52175	1.0966173E-006
3.52325	1.1466940E-006
3.52475	1.2011128E-006
3.52625	1.2588935E-006
3.52775	1.3190354E-006
3.52925	1.3800673E-006
3.53075	1.4329217E-006
3.53225	1.4767816E-006
3.53375	1.5110778E-006
3.53525	1.5351557E-006
3.53675	1.5486575E-006
3.53825	1.5514216E-006
3.53975	1.5432478E-006
3.54125	1.5245182E-006
3.54275	1.4956014E-006
3.54425	1.4570313E-006
3.54575	1.4095126E-006
3.54725	1.3539830E-006
3.54875	1.2931209E-006
3.55025	1.2341336E-006
3.55175	1.1780002E-006
3.55325	1.1256990E-006
3.55475	1.0780850E-006
3.55625	1.0361821E-006
3.55775	1.0004931E-006
3.55925	9.7162922E-007
3.56075	9.5005726E-007
3.56225	9.3614489E-007
3.56375	9.3000011E-007
3.56525	9.3000011E-007
3.56675	9.3000011E-007
3.56825	9.3000011E-007
3.56975	9.3000011E-007
3.57125	9.3000011E-007
3.57275	9.3000011E-007
3.57425	9.3000011E-007
3.57575	9.3000011E-007
3.57725	9.3000011E-007
3.57875	9.3000011E-007
3.58025	9.3000011E-007
3.58175	9.3000011E-007
3.58325	9.3000011E-007
3.58475	9.3000011E-007
3.58625	9.3000011E-007
3.58775	9.3000011E-007
3.58925	9.3000011E-007
3.59075	9.3000011E-007
3.59225	9.3000011E-007
3.59375	9.3000011E-007
3.59525	9.3000011E-007
3.59675	9.3000011E-007
3.59825	9.3000011E-007
3.59975	9.3000011E-007
