theta_deg	I
0.30125	1.7295952E-001
0.30275	1.6620044E-001
0.30425	1.6018815E-001
0.30575	1.5465622E-001
0.30725	1.4905281E-001
0.30875	1.4340879E-001
0.31025	1.3790226E-001
0.31175	1.3240533E-001
0.31325	1.2693445E-001
0.31475	1.2135414E-001
0.31625	1.1609640E-001
0.31775	1.1119267E-001
0.31925	1.0660079E-001
0.32075	1.0250676E-001
0.32225	9.9121414E-002
0.32375	9.6301973E-002
0.32525	9.3965031E-002
0.32675	9.2040084E-002
0.32825	9.0225190E-002
0.32975	8.8423163E-002
0.33125	8.6202316E-002
0.33275	8.3790667E-002
0.33425	8.1088871E-002
0.33575	7.7978022E-002
0.33725	7.4742548E-002
0.33875	7.1416408E-002
0.34025	6.8112738E-002
0.34175	6.5166809E-002
0.34325	6.2413231E-002
0.34475	6.0116440E-002
0.34625	5.8291625E-002
0.34775	5.6915071E-002
0.34925	5.6047071E-002
0.35075	5.5374682E-002
0.35225	5.5038799E-002
0.35375	5.4714072E-002
0.35525	5.4382991E-002
0.35675	5.3912099E-002
0.35825	5.3110909E-002
0.35975	5.2013040E-002
0.36125	5.0428014E-002
0.36275	4.8616063E-002
0.36425	4.6499383E-002
0.36575	4.4207707E-002
0.36725	4.1841786E-002
0.36875	3.9539877E-002
0.37025	3.7541155E-002
0.37175	3.5854135E-002
0.37325	3.4512922E-002
0.37475	3.3581216E-002
0.37625	3.3070490E-002
0.37775	3.2922309E-002
0.37925	3.3055302E-002
0.38075	3.3303764E-002
0.38225	3.3684913E-002
0.38375	3.3981271E-002
0.38525	3.4132089E-002
0.38675	3.4099534E-002
0.38825	3.3708159E-002
0.38975	3.3146128E-002
0.39125	3.2142971E-002
0.39275	3.0913353E-002
0.39425	2.9423034E-002
0.39575	2.7800335E-002
0.39725	2.6148655E-002
0.39875	2.4438076E-002
0.40025	2.2950539E-002
0.40175	2.1677369E-002
0.40325	2.0681029E-002
0.40475	1.9930830E-002
0.40625	1.9511556E-002
0.40775	1.9358261E-002
0.40925	1.9459473E-002
0.41075	1.9688411E-002
0.41225	2.0103499E-002
0.41375	2.0595623E-002
0.41525	2.1061709E-002
0.41675	2.1454325E-002
0.41825	2.1731930E-002
0.41975	2.1789126E-002
0.42125	2.1613665E-002
0.42275	2.1255925E-002
0.42425	2.0624144E-002
0.42575	1.9795978E-002
0.42725	1.8774064E-002
0.42875	1.7730603E-002
0.43025	1.6630881E-002
0.43175	1.5471171E-002
0.43325	1.4428641E-002
0.43475	1.3522200E-002
0.43625	1.2794010E-002
0.43775	1.2247945E-002
0.43925	1.1922136E-002
0.44075	1.1832855E-002
0.44225	1.1990179E-002
0.44375	1.2266080E-002
0.44525	1.2643196E-002
0.44675	1.3175000E-002
0.44825	1.3661545E-002
0.44975	1.4157389E-002
0.45125	1.4500871E-002
0.45275	1.4773515E-002
0.45425	1.4868065E-002
0.45575	1.4753830E-002
0.45725	1.4521174E-002
0.45875	1.4001925E-002
0.46025	1.3340850E-002
0.46175	1.2569260E-002
0.46325	1.1724975E-002
0.46475	1.0831554E-002
0.46625	9.9362750E-003
0.46775	9.1330642E-003
0.46925	8.4598996E-003
0.47075	7.8817494E-003
0.47225	7.4782851E-003
0.47375	7.2347801E-003
0.47525	7.1904496E-003
0.47675	7.2918199E-003
0.47825	7.5415247E-003
0.47975	7.9304203E-003
0.48125	8.3836392E-003
0.48275	8.9109503E-003
0.48425	9.3737803E-003
0.48575	9.7916601E-003
0.48725	1.0143976E-002
0.48875	1.0371205E-002
0.49025	1.0434289E-002
0.49175	1.0338965E-002
0.49325	1.0144905E-002
0.49475	9.8164594E-003
0.49625	9.3100751E-003
0.49775	8.7125497E-003
0.49925	8.0747250E-003
0.50075	7.3824949E-003
0.50225	6.6642254E-003
0.50375	6.0070246E-003
0.50525	5.4581701E-003
0.50675	4.9863500E-003
0.50825	4.6693753E-003
0.50975	4.4689602E-003
0.51125	4.4347052E-003
0.51275	4.5390199E-003
0.51425	4.7530751E-003
0.51575	5.0928351E-003
0.51725	5.4732054E-003
0.51875	5.9072054E-003
0.52025	6.3632149E-003
0.52175	6.7927204E-003
0.52325	7.1659596E-003
0.52475	7.4376748E-003
0.52625	7.6101907E-003
0.52775	7.7190003E-003
0.52925	7.6732752E-003
0.53075	7.5260252E-003
0.53225	7.2507453E-003
0.53375	6.9052503E-003
0.53525	6.4641200E-003
0.53675	5.9175901E-003
0.53825	5.3462596E-003
0.53975	4.7735348E-003
0.54125	4.2451401E-003
0.54275	3.7581299E-003
0.54425	3.3717153E-003
0.54575	3.1069750E-003
0.54725	2.9567799E-003
0.54875	2.9167898E-003
0.55025	2.9995600E-003
0.55175	3.2071050E-003
0.55325	3.4981950E-003
0.55475	3.8109850E-003
0.55625	4.2108851E-003
0.55775	4.6208599E-003
0.55925	5.0071203E-003
0.56075	5.3422302E-003
0.56225	5.6607551E-003
0.56375	5.9112348E-003
0.56525	6.0346145E-003
0.56675	6.0716593E-003
0.56825	6.0215951E-003
0.56975	5.8600851E-003
0.57125	5.5844947E-003
0.57275	5.2428748E-003
0.57425	4.8322799E-003
0.57575	4.3691397E-003
0.57725	3.8779450E-003
0.57875	3.4121701E-003
0.58025	2.9773952E-003
0.58175	2.5951650E-003
0.58325	2.2980298E-003
0.58475	2.1011799E-003
0.58625	2.0039950E-003
0.58775	2.0139150E-003
0.58925	2.0951352E-003
0.59075	2.2845450E-003
0.59225	2.5450999E-003
0.59375	2.8585102E-003
0.59525	3.2346949E-003
0.59675	3.5891801E-003
0.59825	3.9678449E-003
0.59975	4.3114801E-003
0.60125	4.6120253E-003
0.60275	4.8434399E-003
0.60425	4.9882103E-003
0.60575	5.0472650E-003
0.60725	5.0094449E-003
0.60875	4.8767650E-003
0.61025	4.6448852E-003
0.61175	4.3643354E-003
0.61325	3.9991550E-003
0.61475	3.6110349E-003
0.61625	3.1962551E-003
0.61775	2.7796151E-003
0.61925	2.4037401E-003
0.62075	2.0438300E-003
0.62225	1.7542901E-003
0.62375	1.5345000E-003
0.62525	1.3917452E-003
0.62675	1.3633800E-003
0.62825	1.4078650E-003
0.62975	1.5529450E-003
0.63125	1.7749049E-003
0.63275	2.0740551E-003
0.63425	2.4228049E-003
0.63575	2.7895349E-003
0.63725	3.1649449E-003
0.63875	3.4999000E-003
0.64025	3.8221451E-003
0.64175	4.0980447E-003
0.64325	4.2852848E-003
0.64475	4.4297450E-003
0.64625	4.4813599E-003
0.64775	4.4367197E-003
0.64925	4.2897803E-003
0.65075	4.0881247E-003
0.65225	3.8408998E-003
0.65375	3.4718448E-003
0.65525	3.0945751E-003
0.65675	2.7165301E-003
0.65825	2.3387950E-003
0.65975	1.9643151E-003
0.66125	1.6352501E-003
0.66275	1.3796551E-003
0.66425	1.1893150E-003
0.66575	1.0823651E-003
0.66725	1.0712049E-003
0.66875	1.1327399E-003
0.67025	1.2663500E-003
0.67175	1.4726551E-003
0.67325	1.7251499E-003
0.67475	2.0396451E-003
0.67625	2.3852952E-003
0.67775	2.7390050E-003
0.67925	3.0736502E-003
0.68075	3.4202300E-003
0.68225	3.7189152E-003
0.68375	3.9278548E-003
0.68525	4.0831654E-003
0.68675	4.1462500E-003
0.68825	4.1350899E-003
0.68975	4.0199249E-003
0.69125	3.8254000E-003
0.69275	3.5888702E-003
0.69425	3.2796450E-003
0.69575	2.9412799E-003
0.69725	2.5767200E-003
0.69875	2.2151049E-003
0.70025	1.8799951E-003
0.70175	1.5501551E-003
0.70325	1.2728600E-003
0.70475	1.0668651E-003
0.70625	9.3356502E-004
0.70775	8.7884994E-004
0.70925	9.1636000E-004
0.71075	1.0451650E-003
0.71225	1.2505400E-003
0.71375	1.4994700E-003
0.71525	1.8483751E-003
0.71675	2.2109200E-003
0.71825	2.6041551E-003
0.71975	2.9801850E-003
0.72125	3.3421100E-003
0.72275	3.6975250E-003
0.72425	3.9610248E-003
0.72575	4.1800402E-003
0.72725	4.2894701E-003
0.72875	4.3390696E-003
0.73025	4.2750551E-003
0.73175	4.1285800E-003
0.73325	3.8945300E-003
0.73475	3.5977054E-003
0.73625	3.2574802E-003
0.73775	2.8648649E-003
0.73925	2.4865100E-003
0.74075	2.0872301E-003
0.74225	1.7282501E-003
0.74375	1.3973248E-003
0.74525	1.1373899E-003
0.74675	9.7184995E-004
0.74825	8.7668002E-004
0.74975	8.8194991E-004
0.75125	9.8766002E-004
0.75275	1.1978400E-003
0.75425	1.4968350E-003
0.75575	1.8762751E-003
0.75725	2.3315100E-003
0.75875	2.8289047E-003
0.76025	3.3276950E-003
0.76175	3.8085049E-003
0.76325	4.2900904E-003
0.76475	4.7254846E-003
0.76625	5.0815200E-003
0.76775	5.3327754E-003
0.76925	5.5080801E-003
0.77075	5.5789147E-003
0.77225	5.4981597E-003
0.77375	5.3075105E-003
0.77525	5.0161104E-003
0.77675	4.6478300E-003
0.77825	4.1907351E-003
0.77975	3.6913250E-003
0.78125	3.1784298E-003
0.78275	2.6553050E-003
0.78425	2.1661252E-003
0.78575	1.7360001E-003
0.78725	1.3973251E-003
0.78875	1.1623449E-003
0.79025	1.0538449E-003
0.79175	1.0874800E-003
0.79325	1.2466650E-003
0.79475	1.5768149E-003
0.79625	2.0291049E-003
0.79775	2.6278701E-003
0.79925	3.3066149E-003
0.80075	4.0712301E-003
0.80225	4.9051302E-003
0.80375	5.7374798E-003
0.80525	6.5544848E-003
0.80675	7.3017399E-003
0.80825	7.9669999E-003
0.80975	8.4854746E-003
0.81125	8.8863047E-003
0.81275	9.1223698E-003
0.81425	9.1930507E-003
0.81575	9.0529304E-003
0.81725	8.7720705E-003
0.81875	8.3351256E-003
0.82025	7.7202395E-003
0.82175	7.0041395E-003
0.82325	6.2044952E-003
0.82475	5.3620697E-003
0.82625	4.5201103E-003
0.82775	3.7483650E-003
0.82925	3.0756649E-003
0.83075	2.5303750E-003
0.83225	2.1828648E-003
0.83375	2.1004051E-003
0.83525	2.2611402E-003
0.83675	2.6830500E-003
0.83825	3.3607101E-003
0.83975	4.2834249E-003
0.84125	5.4538301E-003
0.84275	6.7924098E-003
0.84425	8.2952902E-003
0.84575	9.8828003E-003
0.84725	1.1525955E-002
0.84875	1.3180889E-002
0.85025	1.4703144E-002
0.85175	1.6018011E-002
0.85325	1.7136490E-002
0.85475	1.7944969E-002
0.85625	1.8403770E-002
0.85775	1.8491035E-002
0.85925	1.8170495E-002
0.86075	1.7536080E-002
0.86225	1.6550591E-002
0.86375	1.5298966E-002
0.86525	1.3813290E-002
0.86675	1.2180365E-002
0.86825	1.0575805E-002
0.86975	9.0964846E-003
0.87125	7.8188190E-003
0.87275	6.9751553E-003
0.87425	6.7440500E-003
0.87575	7.3020495E-003
0.87725	8.8094249E-003
0.87875	1.1413270E-002
0.88025	1.5265175E-002
0.88175	2.0449616E-002
0.88325	2.7103147E-002
0.88475	3.5171825E-002
0.88625	4.4616908E-002
0.88775	5.5280287E-002
0.88925	6.7096718E-002
0.89075	7.9905130E-002
0.89225	9.3377583E-002
0.89375	1.0741329E-001
0.89525	1.2185154E-001
0.89675	1.3637613E-001
0.89825	1.5062435E-001
0.89975	1.6464876E-001
0.90125	1.7814088E-001
0.90275	1.9059451E-001
0.90425	2.0209086E-001
0.90575	2.1256234E-001
0.90725	2.2188824E-001
0.90875	2.2975446E-001
0.91025	2.3607057E-001
0.91175	2.4129468E-001
0.91325	2.4481957E-001
0.91475	2.4712287E-001
0.91625	2.4804588E-001
0.91775	2.4738388E-001
0.91925	2.4551006E-001
0.92075	2.4229477E-001
0.92225	2.3798840E-001
0.92375	2.3221898E-001
0.92525	2.2536147E-001
0.92675	2.1760404E-001
0.92825	2.0903967E-001
0.92975	1.9952607E-001
0.93125	1.8920152E-001
0.93275	1.7822039E-001
0.93425	1.6658640E-001
0.93575	1.5458335E-001
0.93725	1.4222319E-001
0.93875	1.2963983E-001
0.94025	1.1723333E-001
0.94175	1.0490911E-001
0.94325	9.3136400E-002
0.94475	8.1730269E-002
0.94625	7.0848338E-002
0.94775	6.0737371E-002
0.94925	5.1258344E-002
0.95075	4.2745128E-002
0.95225	3.4996983E-002
0.95375	2.8299591E-002
0.95525	2.2577764E-002
0.95675	1.7847786E-002
0.95825	1.4090739E-002
0.95975	1.1220760E-002
0.96125	9.1556953E-003
0.96275	7.7867354E-003
0.96425	7.0108050E-003
0.96575	6.7502502E-003
0.96725	6.8937801E-003
0.96875	7.3487055E-003
0.97025	7.9690153E-003
0.97175	8.6728707E-003
0.97325	9.4123753E-003
0.97475	1.0069265E-002
0.97625	1.0612386E-002
0.97775	1.0985936E-002
0.97925	1.1208516E-002
0.98075	1.1266175E-002
0.98225	1.1107455E-002
0.98375	1.0799780E-002
0.98525	1.0308740E-002
0.98675	9.6223997E-003
0.98825	8.8430597E-003
0.98975	7.9950551E-003
0.99125	7.0986897E-003
0.99275	6.1734952E-003
0.99425	5.2934051E-003
0.99575	4.5078648E-003
0.99725	3.7934699E-003
0.99875	3.1396800E-003
1.00025	2.6153149E-003
1.00175	2.2132450E-003
1.00325	1.9328500E-003
1.00475	1.7803301E-003
1.00625	1.7158501E-003
1.00775	1.7676201E-003
1.00925	1.8793748E-003
1.01075	2.0540599E-003
1.01225	2.2619150E-003
1.01375	2.5034051E-003
1.01525	2.7571402E-003
1.01675	2.9851450E-003
1.01825	3.2080349E-003
1.01975	3.3819450E-003
1.02125	3.4909097E-003
1.02275	3.5186550E-003
1.02425	3.4744798E-003
1.02575	3.3797750E-003
1.02725	3.2193500E-003
1.02875	3.0192451E-003
1.03025	2.8008500E-003
1.03175	2.5585850E-003
1.03325	2.3157001E-003
1.03475	2.0473951E-003
1.03625	1.7832750E-003
1.03775	1.5272150E-003
1.03925	1.2875850E-003
1.04075	1.0865499E-003
1.04225	9.1140001E-004
1.04375	7.8368001E-004
1.04525	7.0618000E-004
1.04675	6.6913496E-004
1.04825	6.6742999E-004
1.04975	7.0385501E-004
1.05125	7.8259502E-004
1.05275	8.8194996E-004
1.05425	9.9773507E-004
1.05575	1.1135200E-003
1.05725	1.2443401E-003
1.05875	1.3647750E-003
1.06025	1.4580850E-003
1.06175	1.5599200E-003
1.06325	1.6115350E-003
1.06475	1.6512149E-003
1.06625	1.6561750E-003
1.06775	1.6419151E-003
1.06925	1.6017699E-003
1.07075	1.5214799E-003
1.07225	1.4371601E-003
1.07375	1.3244752E-003
1.07525	1.1939650E-003
1.07675	1.0577199E-003
1.07825	9.2240499E-004
1.07975	7.8569498E-004
1.08125	6.7068497E-004
1.08275	5.7070999E-004
1.08425	4.9677497E-004
1.08575	4.3353499E-004
1.08725	3.8796500E-004
1.08875	3.6425004E-004
1.09025	3.6394002E-004
1.09175	3.8796500E-004
1.09325	4.2361498E-004
1.09475	4.7817497E-004
1.09625	5.4466998E-004
1.09775	6.1597000E-004
1.09925	6.9471000E-004
1.10075	7.6167000E-004
1.10225	8.1964000E-004
1.10375	8.6877495E-004
1.10525	9.0768002E-004
1.10675	9.2550501E-004
1.10825	9.2426501E-004
1.10975	9.1403507E-004
1.11125	8.9744997E-004
1.11275	8.6025003E-004
1.11425	8.1065000E-004
1.11575	7.5717497E-004
1.11725	6.9610501E-004
1.11875	6.2712998E-004
1.12025	5.5428006E-004
1.12175	4.8778506E-004
1.12325	4.1989502E-004
1.12475	3.6363001E-004
1.12625	3.0922503E-004
1.12775	2.6954501E-004
1.12925	2.4102500E-004
1.13075	2.2645500E-004
1.13225	2.2660999E-004
1.13375	2.4056000E-004
1.13525	2.5962500E-004
1.13675	2.9589501E-004
1.13825	3.3417999E-004
1.13975	3.8083503E-004
1.14125	4.2795503E-004
1.14275	4.7368006E-004
1.14425	5.1723496E-004
1.14575	5.4342998E-004
1.14725	5.7086500E-004
1.14875	5.8233499E-004
1.15025	5.8310997E-004
1.15175	5.7256996E-004
1.15325	5.5939500E-004
1.15475	5.4947502E-004
1.15625	5.1893998E-004
1.15775	4.8298002E-004
1.15925	4.4562496E-004
1.16075	4.0191502E-004
1.16225	3.5603499E-004
1.16375	3.0317999E-004
1.16525	2.6272502E-004
1.16675	2.2614501E-004
1.16825	1.9499002E-004
1.16975	1.6832999E-004
1.17125	1.4926500E-004
1.17275	1.3934501E-004
1.17425	1.4151500E-004
1.17575	1.4709499E-004
1.17725	1.6120001E-004
1.17875	1.8754999E-004
1.18025	2.1684500E-004
1.18175	2.4458999E-004
1.18325	2.7140501E-004
1.18475	3.0349000E-004
1.18625	3.2766999E-004
1.18775	3.4533997E-004
1.18925	3.6642002E-004
1.19075	3.8486501E-004
1.19225	3.9029002E-004
1.19375	3.9137501E-004
1.19525	3.8811998E-004
1.19675	3.8672498E-004
1.19825	3.6595503E-004
1.19975	3.4316999E-004
1.20125	3.2162500E-004
1.20275	2.9124503E-004
1.20425	2.5838500E-004
1.20575	2.2103003E-004
1.20725	1.9157999E-004
1.20875	1.6306002E-004
1.21025	1.3547001E-004
1.21175	1.1625000E-004
1.21325	1.0400500E-004
1.21475	9.5789997E-005
1.21625	9.2380003E-005
1.21775	9.5480005E-005
1.21925	1.0338501E-004
1.22075	1.1315000E-004
1.22225	1.2896000E-004
1.22375	1.4833501E-004
1.22525	1.7328998E-004
1.22675	1.9452500E-004
1.22825	2.2103002E-004
1.22975	2.4862002E-004
1.23125	2.6598002E-004
1.23275	2.8365001E-004
1.23425	2.8535500E-004
1.23575	2.8861000E-004
1.23725	2.8721496E-004
1.23875	2.7558999E-004
1.24025	2.6613500E-004
1.24175	2.4768998E-004
1.24325	2.3250001E-004
1.24475	2.0862999E-004
1.24625	1.8228001E-004
1.24775	1.6166501E-004
1.24925	1.3981001E-004
1.25075	1.1904000E-004
1.25225	1.0183500E-004
1.25375	9.2534996E-005
1.25525	8.0135003E-005
1.25675	7.0214999E-005
1.25825	6.9595000E-005
1.25975	6.9285001E-005
1.26125	7.1299997E-005
1.26275	7.9515004E-005
1.26425	9.4550000E-005
1.26575	1.1314999E-004
1.26725	1.2833999E-004
1.26875	1.4585500E-004
1.27025	1.6863999E-004
1.27175	1.8290000E-004
1.27325	1.9747000E-004
1.27475	2.0367000E-004
1.27625	2.0770000E-004
1.27775	2.1142000E-004
1.27925	2.0708000E-004
1.28075	2.0490999E-004
1.28225	1.9871001E-004
1.28375	1.9127001E-004
1.28525	1.8135000E-004
1.28675	1.6895001E-004
1.28825	1.5422500E-004
1.28975	1.3082000E-004
1.29125	1.0974000E-004
1.29275	9.2845003E-005
1.29425	7.6880002E-005
1.29575	6.1380000E-005
1.29725	5.1150000E-005
1.29875	4.9135004E-005
1.30025	4.6190002E-005
1.30175	4.5105000E-005
1.30325	4.6964997E-005
1.30475	4.9754995E-005
1.30625	5.8435002E-005
1.30775	7.0369999E-005
1.30925	8.1065002E-005
1.31075	9.5944997E-005
1.31225	1.1253000E-004
1.31375	1.2880500E-004
1.31525	1.3841501E-004
1.31675	1.4570000E-004
1.31825	1.5252001E-004
1.31975	1.5376000E-004
1.32125	1.5329501E-004
1.32275	1.5298500E-004
1.32425	1.5019500E-004
1.32575	1.4244502E-004
1.32725	1.3500500E-004
1.32875	1.2616999E-004
1.33025	1.1346000E-004
1.33175	1.0013000E-004
1.33325	8.8814995E-005
1.33475	7.9359997E-005
1.33625	6.7735004E-005
1.33775	5.6264998E-005
1.33925	4.7430000E-005
1.34075	4.0920000E-005
1.34225	3.6269998E-005
1.34375	3.2549997E-005
1.34525	3.2704997E-005
1.34675	3.4720000E-005
1.34825	4.1695002E-005
1.34975	5.0840001E-005
1.35125	5.8899997E-005
1.35275	6.8355002E-005
1.35425	8.1685001E-005
1.35575	9.5945004E-005
1.35725	1.0555500E-004
1.35875	1.1144501E-004
1.36025	1.2152001E-004
1.36175	1.2880500E-004
1.36325	1.3252499E-004
1.36475	1.3624500E-004
1.36625	1.3717498E-004
1.36775	1.3562500E-004
1.36925	1.2957999E-004
1.37075	1.2198501E-004
1.37225	1.1516500E-004
1.37375	1.0199000E-004
1.37525	9.0365007E-005
1.37675	7.8740006E-005
1.37825	6.8510002E-005
1.37975	5.8590002E-005
1.38125	4.7120000E-005
1.38275	3.7665002E-005
1.38425	3.1775002E-005
1.38575	2.9605000E-005
1.38725	2.7280001E-005
1.38875	2.8985000E-005
1.39025	3.3480002E-005
1.39175	4.0145002E-005
1.39325	4.6500001E-005
1.39475	5.5335000E-005
1.39625	6.1844999E-005
1.39775	7.1144997E-005
1.39925	7.9824997E-005
1.40075	8.9125002E-005
1.40225	1.0013000E-004
1.40375	1.0602001E-004
1.40525	1.1687000E-004
1.40675	1.1966000E-004
1.40825	1.1873001E-004
1.40975	1.1904000E-004
1.41125	1.1438999E-004
1.41275	1.0819000E-004
1.41425	9.5789997E-005
1.41575	8.5559994E-005
1.41725	7.6880002E-005
1.41875	6.6805005E-005
1.42025	5.6109999E-005
1.42175	4.7120000E-005
1.42325	4.0609997E-005
1.42475	3.7819998E-005
1.42625	3.2239997E-005
1.42775	2.4645000E-005
1.42925	2.2009999E-005
1.43075	2.1700000E-005
1.43225	2.5265001E-005
1.43375	2.5885000E-005
1.43525	3.1619998E-005
1.43675	3.7664999E-005
1.43825	4.6810001E-005
1.43975	5.3475000E-005
1.44125	6.1690000E-005
1.44275	6.8819994E-005
1.44425	7.9824997E-005
1.44575	8.9899993E-005
1.44725	9.7960001E-005
1.44875	1.0912000E-004
1.45025	1.0803500E-004
1.45175	1.1470000E-004
1.45325	1.0989499E-004
1.45475	1.0710501E-004
1.45625	9.9199999E-005
1.45775	8.7885004E-005
1.45925	8.2614999E-005
1.46075	7.0059999E-005
1.46225	6.3394997E-005
1.46375	5.2699997E-005
1.46525	4.3864999E-005
1.46675	3.6115001E-005
1.46825	2.9759998E-005
1.46975	2.4180001E-005
1.47125	1.8135001E-005
1.47275	1.7979999E-005
1.47425	1.8135002E-005
1.47575	1.9995001E-005
1.47725	2.5109999E-005
1.47875	3.0069999E-005
1.48025	3.8594997E-005
1.48175	4.4019998E-005
1.48325	5.2699997E-005
1.48475	6.0139999E-005
1.48625	6.9130001E-005
1.48775	7.6724995E-005
1.48925	8.3389990E-005
1.49075	9.3929993E-005
1.49225	9.5015006E-005
1.49375	9.8890006E-005
1.49525	9.9819998E-005
1.49675	1.0338501E-004
1.49825	9.9355006E-005
1.49975	9.1449998E-005
1.50125	8.8505003E-005
1.50275	8.0289996E-005
1.50425	6.9750007E-005
1.50575	5.6730001E-005
1.50725	4.8825004E-005
1.50875	4.1385003E-005
1.51025	3.3635002E-005
1.51175	2.7434997E-005
1.51325	2.1389998E-005
1.51475	1.9065001E-005
1.51625	1.7979999E-005
1.51775	1.8134999E-005
1.51925	1.8445000E-005
1.52075	2.0615000E-005
1.52225	2.5574998E-005
1.52375	3.1154999E-005
1.52525	3.5494999E-005
1.52675	4.4174998E-005
1.52825	5.0375002E-005
1.52975	5.8280002E-005
1.53125	6.7270004E-005
1.53275	7.6415003E-005
1.53425	8.5250002E-005
1.53575	8.6954999E-005
1.53725	9.3309995E-005
1.53875	9.6875003E-005
1.54025	9.3000002E-005
1.54175	9.0055000E-005
1.54325	8.3544990E-005
1.54475	7.9204998E-005
1.54625	7.3935000E-005
1.54775	6.6184999E-005
1.54925	6.1380000E-005
1.55075	5.2079999E-005
1.55225	4.4485001E-005
1.55375	3.7199996E-005
1.55525	3.0535000E-005
1.55675	2.6350002E-005
1.55825	2.2940001E-005
1.55975	1.9685000E-005
1.56125	2.1390000E-005
1.56275	2.2784998E-005
1.56425	2.6039999E-005
1.56575	2.8209999E-005
1.56725	3.3790002E-005
1.56875	4.1849999E-005
1.57025	4.6344998E-005
1.57175	5.5490003E-005
1.57325	6.2465006E-005
1.57475	7.2539995E-005
1.57625	8.2304992E-005
1.57775	9.1140006E-005
1.57925	9.8580000E-005
1.58075	1.0462500E-004
1.58225	1.0803501E-004
1.58375	1.1067000E-004
1.58525	1.0571000E-004
1.58675	9.9975005E-005
1.58825	9.3309995E-005
1.58975	8.4475003E-005
1.59125	7.6724995E-005
1.59275	6.6184999E-005
1.59425	5.9675003E-005
1.59575	5.1924999E-005
1.59725	4.4950004E-005
1.59875	3.8130001E-005
1.60025	3.0845000E-005
1.60175	2.7125001E-005
1.60325	2.4645000E-005
1.60475	2.5885000E-005
1.60625	2.9759998E-005
1.60775	3.3324999E-005
1.60925	3.8285001E-005
1.61075	4.4329998E-005
1.61225	5.2389998E-005
1.61375	5.8899997E-005
1.61525	6.7424997E-005
1.61675	7.8584999E-005
1.61825	8.8970002E-005
1.61975	1.0013000E-004
1.62125	1.0834500E-004
1.62275	1.1532000E-004
1.62425	1.1842000E-004
1.62575	1.1842000E-004
1.62725	1.1935001E-004
1.62875	1.1625000E-004
1.63025	1.1346000E-004
1.63175	1.0911999E-004
1.63325	1.0323000E-004
1.63475	9.9355006E-005
1.63625	9.2069997E-005
1.63775	8.1840000E-005
1.63925	7.1145005E-005
1.64075	6.0914997E-005
1.64225	5.3939995E-005
1.64375	4.3089996E-005
1.64525	3.7199999E-005
1.64675	3.5804998E-005
1.64825	3.4255001E-005
1.64975	3.6580001E-005
1.65125	4.1075004E-005
1.65275	4.9754995E-005
1.65425	6.0139995E-005
1.65575	6.8664995E-005
1.65725	7.9204998E-005
1.65875	9.3000002E-005
1.66025	1.0509000E-004
1.66175	1.2043500E-004
1.66325	1.3826000E-004
1.66475	1.5732500E-004
1.66625	1.7282501E-004
1.66775	1.8414001E-004
1.66925	1.9344001E-004
1.67075	2.0087999E-004
1.67225	2.0103500E-004
1.67375	1.9700499E-004
1.67525	1.9266499E-004
1.67675	1.8972000E-004
1.67825	1.8336500E-004
1.67975	1.6941498E-004
1.68125	1.5282999E-004
1.68275	1.3810500E-004
1.68425	1.2136500E-004
1.68575	1.0369500E-004
1.68725	8.7109998E-005
1.68875	7.5019991E-005
1.69025	6.4014996E-005
1.69175	5.8899997E-005
1.69325	5.8744994E-005
1.69475	5.8124995E-005
1.69625	6.4790001E-005
1.69775	7.1144997E-005
1.69925	8.4474996E-005
1.70075	1.0059500E-004
1.70225	1.1997001E-004
1.70375	1.4228999E-004
1.70525	1.6119999E-004
1.70675	1.8569001E-004
1.70825	2.0909500E-004
1.70975	2.2769503E-004
1.71125	2.5047999E-004
1.71275	2.6877000E-004
1.71425	2.8752498E-004
1.71575	2.9589501E-004
1.71725	3.0782999E-004
1.71875	3.0689998E-004
1.72025	3.0038998E-004
1.72175	2.8721499E-004
1.72325	2.7094001E-004
1.72475	2.5575000E-004
1.72625	2.2955501E-004
1.72775	2.1018001E-004
1.72925	1.8584501E-004
1.73075	1.6445499E-004
1.73225	1.4120499E-004
1.73375	1.1826499E-004
1.73525	1.0648501E-004
1.73675	1.0121500E-004
1.73825	1.0431500E-004
1.73975	1.2105500E-004
1.74125	1.5593000E-004
1.74275	2.1049000E-004
1.74425	2.6737500E-004
1.74575	3.4394499E-004
1.74725	4.3756500E-004
1.74875	5.5335002E-004
1.75025	6.8153505E-004
1.75175	8.1731495E-004
1.75325	9.6906000E-004
1.75475	1.1347550E-003
1.75625	1.3006050E-003
1.75775	1.4757550E-003
1.75925	1.6656300E-003
1.76075	1.8559700E-003
1.76225	2.0325151E-003
1.76375	2.2236300E-003
1.76525	2.4139700E-003
1.76675	2.5953201E-003
1.76825	2.7287749E-003
1.76975	2.8848602E-003
1.77125	3.0352101E-003
1.77275	3.1437099E-003
1.77425	3.2106701E-003
1.77575	3.2539151E-003
1.77725	3.3103349E-003
1.77875	3.3010349E-003
1.78025	3.2599603E-003
1.78175	3.2019902E-003
1.78325	3.1559551E-003
1.78475	3.0778351E-003
1.78625	2.9631350E-003
1.78775	2.8422351E-003
1.78925	2.7042851E-003
1.79075	2.5480452E-003
1.79225	2.3955253E-003
1.79375	2.2250251E-003
1.79525	2.0556101E-003
1.79675	1.8658900E-003
1.79825	1.7051549E-003
1.79975	1.5379101E-003
1.80125	1.3534600E-003
1.80275	1.1826500E-003
1.80425	1.0197450E-003
1.80575	8.8644499E-004
1.80725	7.4803008E-004
1.80875	6.2558003E-004
1.81025	5.1351497E-004
1.81175	4.1710501E-004
1.81325	3.3541999E-004
1.81475	2.5978000E-004
1.81625	1.9886500E-004
1.81775	1.5515499E-004
1.81925	1.1749000E-004
1.82075	9.3154995E-005
1.82225	7.3470001E-005
1.82375	6.3549996E-005
1.82525	5.9364993E-005
1.82675	5.9520000E-005
1.82825	6.4015003E-005
1.82975	7.0679998E-005
1.83125	8.0444996E-005
1.83275	8.9435001E-005
1.83425	9.9819998E-005
1.83575	1.0850000E-004
1.83725	1.1376999E-004
1.83875	1.1532001E-004
1.84025	1.1671500E-004
1.84175	1.1795500E-004
1.84325	1.1640500E-004
1.84475	1.0958500E-004
1.84625	1.0648500E-004
1.84775	1.0044000E-004
1.84925	9.0829999E-005
1.85075	8.3234998E-005
1.85225	7.1609997E-005
1.85375	6.2619998E-005
1.85525	5.1460007E-005
1.85675	4.2780001E-005
1.85825	3.7509999E-005
1.85975	2.8365001E-005
1.86125	2.4180001E-005
1.86275	1.8754998E-005
1.86425	1.6274998E-005
1.86575	1.5655000E-005
1.86725	1.4105000E-005
1.86875	1.4259999E-005
1.87025	1.6585000E-005
1.87175	1.9839999E-005
1.87325	2.2009999E-005
1.87475	2.5419999E-005
1.87625	2.8364999E-005
1.87775	3.0535000E-005
1.87925	3.0069999E-005
1.88075	3.2394997E-005
1.88225	3.4410001E-005
1.88375	3.5649999E-005
1.88525	3.6889996E-005
1.88675	4.0144998E-005
1.88825	4.1074996E-005
1.88975	3.9060000E-005
1.89125	3.6735000E-005
1.89275	3.2705004E-005
1.89425	2.8674998E-005
1.89575	2.3095001E-005
1.89725	2.1545000E-005
1.89875	1.7359998E-005
1.90025	1.5344998E-005
1.90175	1.2865000E-005
1.90325	1.0850000E-005
1.90475	9.9200006E-006
1.90625	7.1300001E-006
1.90775	6.3549996E-006
1.90925	5.1150000E-006
1.91075	5.5799997E-006
1.91225	7.1300001E-006
1.91375	6.8200002E-006
1.91525	7.7499999E-006
1.91675	1.0850000E-005
1.91825	1.1625000E-005
1.91975	1.3020000E-005
1.92125	1.2555000E-005
1.92275	1.3795000E-005
1.92425	1.4105000E-005
1.92575	1.3020000E-005
1.92725	1.3950000E-005
1.92875	1.3484999E-005
1.93025	1.4724999E-005
1.93175	1.5189999E-005
1.93325	1.5809999E-005
1.93475	1.5809999E-005
1.93625	1.4415000E-005
1.93775	1.4259999E-005
1.93925	1.3329999E-005
1.94075	1.1780000E-005
1.94225	1.0539999E-005
1.94375	8.9899995E-006
1.94525	8.8349998E-006
1.94675	7.1300001E-006
1.94825	5.5799997E-006
1.94975	4.9599998E-006
1.95125	4.3400000E-006
1.95275	5.2700002E-006
1.95425	5.4249999E-006
1.95575	5.4249999E-006
1.95725	6.1999999E-006
1.95875	6.8200002E-006
1.96025	6.9750004E-006
1.96175	6.5099998E-006
1.96325	6.0450002E-006
1.96475	6.6649995E-006
1.96625	6.5099998E-006
1.96775	7.2850003E-006
1.96925	7.7499999E-006
1.97075	8.3700006E-006
1.97225	8.8349998E-006
1.97375	9.6100002E-006
1.97525	9.9199997E-006
1.97675	9.7650000E-006
1.97825	9.3000008E-006
1.97975	8.8350007E-006
1.98125	8.0600012E-006
1.98275	7.2850003E-006
1.98425	6.2000004E-006
1.98575	4.6500004E-006
1.98725	4.1850003E-006
1.98875	3.4100001E-006
1.99025	3.2550004E-006
1.99175	2.9450002E-006
1.99325	2.6349999E-006
1.99475	2.9450000E-006
1.99625	2.7900003E-006
1.99775	2.4800001E-006
1.99925	2.1700000E-006
2.00075	2.7899998E-006
2.00225	3.1000000E-006
2.00375	3.2549999E-006
2.00525	3.4100001E-006
2.00675	3.7200000E-006
2.00825	4.1850003E-006
2.00975	4.0300001E-006
2.01125	4.6499999E-006
2.01275	5.1150000E-006
2.01425	6.0450002E-006
2.01575	7.1299996E-006
2.01725	8.0600003E-006
2.01875	7.7499999E-006
2.02025	7.5949997E-006
2.02175	7.2849998E-006
2.02325	6.5099998E-006
2.02475	6.0450002E-006
2.02625	4.9599998E-006
2.02775	4.8050001E-006
2.02925	3.8749999E-006
2.03075	3.5650003E-006
2.03225	3.4100001E-006
2.03375	2.7900003E-006
2.03525	2.4800001E-006
2.03675	1.8600000E-006
2.03825	1.8600000E-006
2.03975	1.7050002E-006
2.04125	1.3949999E-006
2.04275	1.2400000E-006
2.04425	1.7050000E-006
2.04575	2.0150001E-006
2.04725	2.4799999E-006
2.04875	2.6349999E-006
2.05025	2.7899998E-006
2.05175	3.5650000E-006
2.05325	4.4949998E-006
2.05475	4.9600003E-006
2.05625	5.1150000E-006
2.05775	5.5799997E-006
2.05925	6.3549996E-006
2.06075	6.5099998E-006
2.06225	5.4249999E-006
2.06375	5.1150000E-006
2.06525	4.9600003E-006
2.06675	4.9600003E-006
2.06825	4.6499995E-006
2.06975	4.1849999E-006
2.07125	4.4949998E-006
2.07275	4.0299997E-006
2.07425	3.7200000E-006
2.07575	3.1000000E-006
2.07725	2.4800001E-006
2.07875	2.0150001E-006
2.08025	1.3949999E-006
2.08175	1.7050000E-006
2.08325	1.5500000E-006
2.08475	1.3950001E-006
2.08625	1.3950001E-006
2.08775	1.5500000E-006
2.08925	1.7050000E-006
2.09075	1.3949999E-006
2.09225	1.8600000E-006
2.09375	2.3250000E-006
2.09525	2.7899998E-006
2.09675	3.1000000E-006
2.09825	3.4100001E-006
2.09975	3.4100003E-006
2.10125	3.5650003E-006
2.10275	3.4100001E-006
2.10425	3.5649998E-006
2.10575	3.5649998E-006
2.10725	3.1000000E-006
2.10875	3.2549999E-006
2.11025	2.9450002E-006
2.11175	2.7900003E-006
2.11325	2.4800001E-006
2.11475	1.8600000E-006
2.11625	1.8600000E-006
2.11775	1.7050000E-006
2.11925	1.5500001E-006
2.12075	1.5500000E-006
2.12225	1.3949999E-006
2.12375	1.5500000E-006
2.12525	1.5500000E-006
2.12675	1.5500000E-006
2.12825	1.3950001E-006
2.12975	1.2400001E-006
2.13125	1.0850000E-006
2.13275	1.2400000E-006
2.13425	1.5500000E-006
2.13575	1.7050000E-006
2.13725	2.1700000E-006
2.13875	2.3250002E-006
2.14025	2.7900003E-006
2.14175	3.1000000E-006
2.14325	2.9450002E-006
2.14475	3.1000000E-006
2.14625	2.7900003E-006
2.14775	3.4100001E-006
2.14925	2.9450000E-006
2.15075	2.7900003E-006
2.15225	3.1000000E-006
2.15375	3.1000000E-006
2.15525	2.9450000E-006
2.15675	2.1700000E-006
2.15825	2.1700000E-006
2.15975	1.8600002E-006
2.16125	1.5500000E-006
2.16275	1.2400000E-006
2.16425	1.2400001E-006
2.16575	1.2400001E-006
2.16725	1.2400001E-006
2.16875	1.0850000E-006
2.17025	1.0850000E-006
2.17175	1.2400000E-006
2.17325	1.7050000E-006
2.17475	2.1700000E-006
2.17625	2.6349999E-006
2.17775	2.7899998E-006
2.17925	2.9450000E-006
2.18075	2.9450002E-006
2.18225	2.4800001E-006
2.18375	2.4799999E-006
2.18525	2.0150001E-006
2.18675	1.8600000E-006
2.18825	1.5500001E-006
2.18975	1.8600000E-006
2.19125	2.0150001E-006
2.19275	1.5500001E-006
2.19425	1.5500000E-006
2.19575	2.0149998E-006
2.19725	2.3250002E-006
2.19875	1.8600000E-006
2.20025	1.7050000E-006
2.20175	1.7050000E-006
2.20325	1.7050002E-006
2.20475	1.3950001E-006
2.20625	1.0850000E-006
2.20775	1.0850000E-006
2.20925	1.2400000E-006
2.21075	1.2400000E-006
2.21225	1.2400001E-006
2.21375	1.3949999E-006
2.21525	1.3949999E-006
2.21675	1.3950001E-006
2.21825	1.3950001E-006
2.21975	1.5500000E-006
2.22125	1.5500000E-006
2.22275	1.2400001E-006
2.22425	1.7050000E-006
2.22575	1.8600000E-006
2.22725	1.8600000E-006
2.22875	2.1700000E-006
2.23025	2.3250000E-006
2.23175	2.4800001E-006
2.23325	2.1700000E-006
2.23475	2.3250002E-006
2.23625	2.4800001E-006
2.23775	2.0150001E-006
2.23925	1.8600000E-006
2.24075	1.7050000E-006
2.24225	2.0150001E-006
2.24375	1.7050000E-006
2.24525	1.3950001E-006
2.24675	1.3950001E-006
2.24825	1.3950001E-006
2.24975	1.3950001E-006
2.25125	9.3000000E-007
2.25275	9.3000000E-007
2.25425	9.3000000E-007
2.25575	9.3000000E-007
2.25725	9.3000000E-007
2.25875	9.3000000E-007
2.26025	1.2400000E-006
2.26175	1.3950001E-006
2.26325	1.5500000E-006
2.26475	2.0149998E-006
2.26625	2.0150001E-006
2.26775	2.0150001E-006
2.26925	1.7050000E-006
2.27075	1.5500001E-006
2.27225	1.3950001E-006
2.27375	9.3000000E-007
2.27525	9.3000000E-007
2.27675	9.3000000E-007
2.27825	9.3000000E-007
2.27975	1.0850000E-006
2.28125	1.0850000E-006
2.28275	1.3949999E-006
2.28425	1.3949999E-006
2.28575	1.7050000E-006
2.28725	1.7050000E-006
2.28875	2.0149998E-006
2.29025	2.0150001E-006
2.29175	1.7050000E-006
2.29325	1.8600000E-006
2.29475	1.5500001E-006
2.29625	1.5500000E-006
2.29775	1.0850000E-006
2.29925	1.3949999E-006
2.30075	1.3949999E-006
2.30225	1.2400001E-006
2.30375	1.2400001E-006
2.30525	1.2400001E-006
2.30675	1.2400001E-006
2.30825	1.0850000E-006
2.30975	1.0850000E-006
2.31125	1.0850000E-006
2.31275	1.0850000E-006
2.31425	1.3949999E-006
2.31575	2.0150001E-006
2.31725	2.0150001E-006
2.31875	2.0150001E-006
2.32025	2.0150001E-006
2.32175	2.0150001E-006
2.32325	2.1700000E-006
2.32475	1.5500000E-006
2.32625	1.8600000E-006
2.32775	2.1700000E-006
2.32925	2.4800001E-006
2.33075	2.4800001E-006
2.33225	2.0150001E-006
2.33375	2.0150001E-006
2.33525	1.7050002E-006
2.33675	1.3949999E-006
2.33825	1.3949999E-006
2.33975	1.3949999E-006
2.34125	1.3950001E-006
2.34275	1.5500001E-006
2.34425	1.3949999E-006
2.34575	1.5500000E-006
2.34725	1.2400000E-006
2.34875	1.5500000E-006
2.35025	1.5500000E-006
2.35175	1.3950001E-006
2.35325	1.3950001E-006
2.35475	1.3950001E-006
2.35625	1.7050000E-006
2.35775	1.5500000E-006
2.35925	1.5500001E-006
2.36075	1.5500000E-006
2.36225	1.5500000E-006
2.36375	1.7050000E-006
2.36525	1.5500000E-006
2.36675	1.3949999E-006
2.36825	1.3949999E-006
2.36975	1.3950001E-006
2.37125	1.5500001E-006
2.37275	1.2400000E-006
2.37425	1.0850000E-006
2.37575	1.0850000E-006
2.37725	1.0850000E-006
2.37875	1.0850000E-006
2.38025	1.0850000E-006
2.38175	1.2400000E-006
2.38325	1.2400000E-006
2.38475	1.2400001E-006
2.38625	1.2400001E-006
2.38775	1.2400001E-006
2.38925	1.0850000E-006
2.39075	9.3000000E-007
2.39225	9.3000000E-007
2.39375	9.3000000E-007
2.39525	9.3000000E-007
2.39675	9.3000000E-007
2.39825	9.3000000E-007
2.39975	9.3000000E-007
2.40125	9.3000000E-007
2.40275	1.0850000E-006
2.40425	1.0850000E-006
2.40575	1.0850000E-006
2.40725	1.3949999E-006
2.40875	1.3949999E-006
2.41025	2.1700000E-006
2.41175	2.1700000E-006
2.41325	2.1700000E-006
2.41475	2.1700000E-006
2.41625	1.8600002E-006
2.41775	2.1700000E-006
2.41925	1.5500000E-006
2.42075	1.7050000E-006
2.42225	1.8600000E-006
2.42375	1.8600000E-006
2.42525	1.8600000E-006
2.42675	1.7050000E-006
2.42825	1.5500001E-006
2.42975	1.2400001E-006
2.43125	1.0850000E-006
2.43275	1.5500000E-006
2.43425	1.7050000E-006
2.43575	1.5500001E-006
2.43725	1.5500000E-006
2.43875	1.5500000E-006
2.44025	1.7050002E-006
2.44175	1.2400000E-006
2.44325	1.5500000E-006
2.44475	1.5500000E-006
2.44625	1.5500000E-006
2.44775	2.1700000E-006
2.44925	2.1700000E-006
2.45075	2.1700000E-006
2.45225	2.1700000E-006
2.45375	2.7899998E-006
2.45525	2.7900003E-006
2.45675	2.1700000E-006
2.45825	2.0150001E-006
2.45975	2.0150001E-006
2.46125	1.5500001E-006
2.46275	9.3000000E-007
2.46425	9.3000000E-007
2.46575	1.0850000E-006
2.46725	1.0850000E-006
2.46875	1.0850000E-006
2.47025	1.0850000E-006
2.47175	1.0850000E-006
2.47325	1.0850000E-006
2.47475	9.3000000E-007
2.47625	9.3000000E-007
2.47775	9.3000000E-007
2.47925	9.3000000E-007
2.48075	1.0850000E-006
2.48225	1.2400000E-006
2.48375	1.5500000E-006
2.48525	1.7050000E-006
2.48675	1.7050000E-006
2.48825	1.7050002E-006
2.48975	1.5500000E-006
2.49125	1.3950001E-006
2.49275	1.0850000E-006
2.49425	9.3000000E-007
2.49575	9.3000000E-007
2.49725	1.0850000E-006
2.49875	1.2400000E-006
2.50025	1.3949999E-006
2.50175	1.3949999E-006
2.50325	1.5500000E-006
2.50475	1.7050002E-006
2.50625	1.5500000E-006
2.50775	1.3949999E-006
2.50925	1.2400001E-006
2.51075	1.2400001E-006
2.51225	1.0850000E-006
2.51375	9.3000000E-007
2.51525	1.2400000E-006
2.51675	1.2400001E-006
2.51825	1.2400001E-006
2.51975	1.2400001E-006
2.52125	1.5500000E-006
2.52275	1.5500000E-006
2.52425	1.2400001E-006
2.52575	1.2400001E-006
2.52725	1.5500000E-006
2.52875	1.7050000E-006
2.53025	1.5500000E-006
2.53175	1.5500000E-006
2.53325	1.5500000E-006
2.53475	2.1700000E-006
2.53625	2.1700000E-006
2.53775	2.1700000E-006
2.53925	2.9450000E-006
2.54075	3.2549999E-006
2.54225	4.0300001E-006
2.54375	3.4100003E-006
2.54525	3.5650000E-006
2.54675	3.8749999E-006
2.54825	2.9450000E-006
2.54975	2.6349999E-006
2.55125	2.0150001E-006
2.55275	2.0150001E-006
2.55425	1.7050000E-006
2.55575	1.2400000E-006
2.55725	1.5500000E-006
2.55875	1.5500000E-006
2.56025	1.5500001E-006
2.56175	1.8600000E-006
2.56325	1.7050000E-006
2.56475	1.7050000E-006
2.56625	1.5500001E-006
2.56775	1.8600000E-006
2.56925	1.7050000E-006
2.57075	1.8600000E-006
2.57225	1.8600000E-006
2.57375	1.8600000E-006
2.57525	2.1700000E-006
2.57675	2.3250000E-006
2.57825	2.4799999E-006
2.57975	2.4799999E-006
2.58125	2.9450000E-006
2.58275	3.2549999E-006
2.58425	2.9450000E-006
2.58575	2.7900003E-006
2.58725	3.4100001E-006
2.58875	3.4100001E-006
2.59025	3.7200000E-006
2.59175	3.5650000E-006
2.59325	3.4100001E-006
2.59475	3.7200000E-006
2.59625	3.4100001E-006
2.59775	3.2549999E-006
2.59925	3.2550004E-006
2.60075	3.2550004E-006
2.60225	3.2549999E-006
2.60375	2.6350001E-006
2.60525	2.3250002E-006
2.60675	2.0150001E-006
2.60825	1.5500000E-006
2.60975	1.5500000E-006
2.61125	1.8600000E-006
2.61275	2.1700000E-006
2.61425	2.7899998E-006
2.61575	3.5650003E-006
2.61725	3.8749999E-006
2.61875	4.6499995E-006
2.62025	6.8200002E-006
2.62175	8.8349998E-006
2.62325	1.1314999E-005
2.62475	1.4415000E-005
2.62625	1.8290000E-005
2.62775	2.2785001E-005
2.62925	2.6349999E-005
2.63075	2.9295001E-005
2.63225	3.2395001E-005
2.63375	3.4875000E-005
2.63525	3.8750000E-005
2.63675	4.5105000E-005
2.63825	4.9599999E-005
2.63975	5.3009997E-005
2.64125	5.8279998E-005
2.64275	6.3239997E-005
2.64425	6.7269997E-005
2.64575	6.6030007E-005
2.64725	6.8199995E-005
2.64875	7.2695002E-005
2.65025	7.4400006E-005
2.65175	7.6880002E-005
2.65325	7.6415010E-005
2.65475	7.9515004E-005
2.65625	8.1995000E-005
2.65775	8.2770006E-005
2.65925	8.1375001E-005
2.66075	7.9359997E-005
2.66225	7.9359997E-005
2.66375	7.5174998E-005
2.66525	7.1299997E-005
2.66675	6.6494998E-005
2.66825	6.1690000E-005
2.66975	5.7039997E-005
2.67125	5.3010004E-005
2.67275	4.9445003E-005
2.67425	4.3709999E-005
2.67575	3.9215000E-005
2.67725	3.7045003E-005
2.67875	3.3790002E-005
2.68025	2.8830000E-005
2.68175	2.5420000E-005
2.68325	2.2629998E-005
2.68475	2.0924999E-005
2.68625	1.7204999E-005
2.68775	1.4569999E-005
2.68925	1.2864999E-005
2.69075	1.1780000E-005
2.69225	9.6100002E-006
2.69375	7.2849994E-006
2.69525	6.3549996E-006
2.69675	5.2699997E-006
2.69825	4.9599998E-006
2.69975	4.1849999E-006
2.70125	3.5650000E-006
2.70275	2.9450002E-006
2.70425	2.7899998E-006
2.70575	2.6350001E-006
2.70725	1.8600002E-006
2.70875	1.5500000E-006
2.71025	2.0149998E-006
2.71175	2.6350001E-006
2.71325	2.9450000E-006
2.71475	3.4100001E-006
2.71625	4.0300001E-006
2.71775	3.8749999E-006
2.71925	3.4100001E-006
2.72075	3.4100001E-006
2.72225	2.9450000E-006
2.72375	2.9450000E-006
2.72525	3.2549999E-006
2.72675	3.7200000E-006
2.72825	4.0299997E-006
2.72975	3.4100001E-006
2.73125	3.5650003E-006
2.73275	3.2550004E-006
2.73425	2.3250002E-006
2.73575	1.7050000E-006
2.73725	1.3949999E-006
2.73875	1.3950001E-006
2.74025	1.2400001E-006
2.74175	1.2400000E-006
2.74325	1.0850000E-006
2.74475	1.3949999E-006
2.74625	1.5500000E-006
2.74775	1.5500001E-006
2.74925	1.5500000E-006
2.75075	1.8600000E-006
2.75225	2.1700000E-006
2.75375	1.8600000E-006
2.75525	2.0150001E-006
2.75675	2.4799999E-006
2.75825	2.4799999E-006
2.75975	2.1700000E-006
2.76125	1.8600000E-006
2.76275	1.8600002E-006
2.76425	1.7050000E-006
2.76575	1.2400000E-006
2.76725	1.3950001E-006
2.76875	1.3949999E-006
2.77025	1.3949999E-006
2.77175	1.8600000E-006
2.77325	1.8600000E-006
2.77475	1.8600000E-006
2.77625	1.7050002E-006
2.77775	1.7050000E-006
2.77925	1.7050002E-006
2.78075	1.2400001E-006
2.78225	1.0850000E-006
2.78375	1.0850000E-006
2.78525	1.0850000E-006
2.78675	9.3000000E-007
2.78825	9.3000000E-007
2.78975	9.3000000E-007
2.79125	1.0850000E-006
2.79275	1.0850000E-006
2.79425	1.3949999E-006
2.79575	1.5500000E-006
2.79725	1.7050002E-006
2.79875	1.7050000E-006
2.80025	1.5500000E-006
2.80175	1.5500000E-006
2.80325	1.2400001E-006
2.80475	1.0850000E-006
2.80625	1.3949999E-006
2.80775	1.3949999E-006
2.80925	1.3950001E-006
2.81075	1.3950001E-006
2.81225	1.5500001E-006
2.81375	1.5500001E-006
2.81525	1.2400000E-006
2.81675	1.2400000E-006
2.81825	1.2400001E-006
2.81975	1.2400001E-006
2.82125	1.0850000E-006
2.82275	1.0850000E-006
2.82425	9.3000000E-007
2.82575	9.3000000E-007
2.82725	1.0850000E-006
2.82875	1.0850000E-006
2.83025	1.0850000E-006
2.83175	1.0850000E-006
2.83325	1.0850000E-006
2.83475	1.0850000E-006
2.83625	9.3000000E-007
2.83775	9.3000000E-007
2.83925	9.3000000E-007
2.84075	9.3000000E-007
2.84225	1.2400000E-006
2.84375	1.2400001E-006
2.84525	1.7050000E-006
2.84675	1.8600000E-006
2.84825	1.8600000E-006
2.84975	1.8600000E-006
2.85125	1.5500000E-006
2.85275	1.5500001E-006
2.85425	1.0850000E-006
2.85575	9.3000000E-007
2.85725	9.3000000E-007
2.85875	9.3000000E-007
2.86025	9.3000000E-007
2.86175	9.3000000E-007
2.86325	9.3000000E-007
2.86475	9.3000000E-007
2.86625	9.3000000E-007
2.86775	9.3000000E-007
2.86925	1.0850000E-006
2.87075	1.0850000E-006
2.87225	1.0850000E-006
2.87375	1.0850000E-006
2.87525	1.0850000E-006
2.87675	1.0850000E-006
2.87825	9.3000000E-007
2.87975	1.0850000E-006
2.88125	1.0850000E-006
2.88275	1.2400000E-006
2.88425	1.3949999E-006
2.88575	1.3949999E-006
2.88725	1.3949999E-006
2.88875	1.2400001E-006
2.89025	1.2400001E-006
2.89175	1.0850000E-006
2.89325	9.3000000E-007
2.89475	9.3000000E-007
2.89625	9.3000000E-007
2.89775	9.3000000E-007
2.89925	9.3000000E-007
2.90075	1.0850000E-006
2.90225	1.0850000E-006
2.90375	1.3949999E-006
2.90525	1.5500000E-006
2.90675	1.5500001E-006
2.90825	1.5500000E-006
2.90975	1.3950001E-006
2.91125	1.7050000E-006
2.91275	1.3949999E-006
2.91425	1.2400001E-006
2.91575	1.2400001E-006
2.91725	1.2400001E-006
2.91875	1.2400001E-006
2.92025	9.3000000E-007
2.92175	9.3000000E-007
2.92325	9.3000000E-007
2.92475	9.3000000E-007
2.92625	1.0850000E-006
2.92775	1.0850000E-006
2.92925	1.0850000E-006
2.93075	1.0850000E-006
2.93225	1.0850000E-006
2.93375	1.0850000E-006
2.93525	1.0850000E-006
2.93675	1.0850000E-006
2.93825	1.0850000E-006
2.93975	1.2400000E-006
2.94125	1.2400000E-006
2.94275	1.2400001E-006
2.94425	1.0850000E-006
2.94575	1.0850000E-006
2.94725	1.0850000E-006
2.94875	9.3000000E-007
2.95025	9.3000000E-007
2.95175	9.3000000E-007
2.95325	9.3000000E-007
2.95475	9.3000000E-007
2.95625	9.3000000E-007
2.95775	9.3000000E-007
2.95925	9.3000000E-007
2.96075	9.3000000E-007
2.96225	9.3000000E-007
2.96375	9.3000000E-007
2.96525	9.3000000E-007
2.96675	9.3000000E-007
2.96825	1.0850000E-006
2.96975	1.0850000E-006
2.97125	1.0850000E-006
2.97275	1.0850000E-006
2.97425	1.0850000E-006
2.97575	1.0850000E-006
2.97725	9.3000000E-007
2.97875	9.3000000E-007
2.98025	9.3000000E-007
2.98175	1.0850000E-006
2.98325	1.0850000E-006
2.98475	1.0850000E-006
2.98625	1.0850000E-006
2.98775	1.0850000E-006
2.98925	1.0850000E-006
2.99075	9.3000000E-007
2.99225	9.3000000E-007
2.99375	9.3000000E-007
2.99525	9.3000000E-007
2.99675	9.3000000E-007
2.99825	9.3000000E-007
2.99975	9.3000000E-007
3.00125	9.3000000E-007
3.00275	9.3000000E-007
3.00425	9.3000000E-007
3.00575	1.0850000E-006
3.00725	1.0850000E-006
3.00875	1.0850000E-006
3.01025	1.0850000E-006
3.01175	1.0850000E-006
3.01325	1.0850000E-006
3.01475	9.3000000E-007
3.01625	9.3000000E-007
3.01775	9.3000000E-007
3.01925	1.0850000E-006
3.02075	1.0850000E-006
3.02225	1.0850000E-006
3.02375	1.0850000E-006
3.02525	1.0850000E-006
3.02675	1.0850000E-006
3.02825	9.3000000E-007
3.02975	9.3000000E-007
3.03125	9.3000000E-007
3.03275	9.3000000E-007
3.03425	9.3000000E-007
3.03575	9.3000000E-007
3.03725	9.3000000E-007
3.03875	1.0850000E-006
3.04025	1.0850000E-006
3.04175	1.3949999E-006
3.04325	1.3949999E-006
3.04475	1.3950001E-006
3.04625	1.3950001E-006
3.04775	1.2400001E-006
3.04925	1.2400001E-006
3.05075	9.3000000E-007
3.05225	9.3000000E-007
3.05375	9.3000000E-007
3.05525	9.3000000E-007
3.05675	9.3000000E-007
3.05825	9.3000000E-007
3.05975	9.3000000E-007
3.06125	1.2400000E-006
3.06275	1.2400001E-006
3.06425	1.2400001E-006
3.06575	1.2400001E-006
3.06725	1.2400001E-006
3.06875	1.2400001E-006
3.07025	9.3000000E-007
3.07175	9.3000000E-007
3.07325	9.3000000E-007
3.07475	9.3000000E-007
3.07625	9.3000000E-007
3.07775	9.3000000E-007
3.07925	9.3000000E-007
3.08075	9.3000000E-007
3.08225	9.3000000E-007
3.08375	1.2400000E-006
3.08525	1.3950001E-006
3.08675	1.3949999E-006
3.08825	1.3949999E-006
3.08975	1.5500001E-006
3.09125	1.5500001E-006
3.09275	1.2400001E-006
3.09425	1.0850000E-006
3.09575	1.0850000E-006
3.09725	1.0850000E-006
3.09875	1.2400000E-006
3.10025	1.2400001E-006
3.10175	1.2400001E-006
3.10325	1.2400001E-006
3.10475	1.2400001E-006
3.10625	1.3950001E-006
3.10775	1.0850000E-006
3.10925	1.2400000E-006
3.11075	1.8600000E-006
3.11225	1.8600000E-006
3.11375	1.8600000E-006
3.11525	1.7050000E-006
3.11675	1.7050000E-006
3.11825	1.5500001E-006
3.11975	9.3000000E-007
3.12125	9.3000000E-007
3.12275	9.3000000E-007
3.12425	9.3000000E-007
3.12575	9.3000000E-007
3.12725	9.3000000E-007
3.12875	9.3000000E-007
3.13025	1.0850000E-006
3.13175	1.0850000E-006
3.13325	1.0850000E-006
3.13475	1.0850000E-006
3.13625	1.0850000E-006
3.13775	1.0850000E-006
3.13925	1.0850000E-006
3.14075	1.3949999E-006
3.14225	1.3949999E-006
3.14375	1.3950001E-006
3.14525	1.3950001E-006
3.14675	1.3950001E-006
3.14825	1.3950001E-006
3.14975	1.0850000E-006
3.15125	1.0850000E-006
3.15275	1.0850000E-006
3.15425	1.0850000E-006
3.15575	1.2400000E-006
3.15725	1.0850000E-006
3.15875	1.0850000E-006
3.16025	1.0850000E-006
3.16175	1.0850000E-006
3.16325	1.0850000E-006
3.16475	9.3000000E-007
3.16625	9.3000000E-007
3.16775	1.2400000E-006
3.16925	1.2400001E-006
3.17075	1.3950001E-006
3.17225	1.3949999E-006
3.17375	1.3949999E-006
3.17525	1.3950001E-006
3.17675	1.0850000E-006
3.17825	1.0850000E-006
3.17975	9.3000000E-007
3.18125	9.3000000E-007
3.18275	9.3000000E-007
3.18425	9.3000000E-007
3.18575	9.3000000E-007
3.18725	1.2400000E-006
3.18875	1.2400001E-006
3.19025	1.2400001E-006
3.19175	1.2400001E-006
3.19325	1.2400001E-006
3.19475	1.2400001E-006
3.19625	9.3000000E-007
3.19775	9.3000000E-007
3.19925	9.3000000E-007
3.20075	9.3000000E-007
3.20225	9.3000000E-007
3.20375	9.3000000E-007
3.20525	1.3949999E-006
3.20675	1.3949999E-006
3.20825	1.3950001E-006
3.20975	1.3950001E-006
3.21125	1.5500001E-006
3.21275	1.5500001E-006
3.21425	1.0850000E-006
3.21575	1.0850000E-006
3.21725	1.0850000E-006
3.21875	1.0850000E-006
3.22025	9.3000000E-007
3.22175	9.3000000E-007
3.22325	9.3000000E-007
3.22475	9.3000000E-007
3.22625	1.2400000E-006
3.22775	1.2400001E-006
3.22925	1.2400001E-006
3.23075	1.2400001E-006
3.23225	1.2400001E-006
3.23375	1.2400001E-006
3.23525	9.3000000E-007
3.23675	9.3000000E-007
3.23825	9.3000000E-007
3.23975	9.3000000E-007
3.24125	1.0850000E-006
3.24275	1.2400000E-006
3.24425	1.2400000E-006
3.24575	1.3950001E-006
3.24725	1.5500000E-006
3.24875	2.3250000E-006
3.25025	2.1700000E-006
3.25175	2.0150001E-006
3.25325	2.1700000E-006
3.25475	2.0150001E-006
3.25625	2.0150003E-006
3.25775	1.3949999E-006
3.25925	1.3949999E-006
3.26075	1.3949999E-006
3.26225	1.2400001E-006
3.26375	1.2400001E-006
3.26525	1.0850000E-006
3.26675	9.3000000E-007
3.26825	9.3000000E-007
3.26975	9.3000000E-007
3.27125	9.3000000E-007
3.27275	9.3000000E-007
3.27425	9.3000000E-007
3.27575	9.3000000E-007
3.27725	9.3000000E-007
3.27875	9.3000000E-007
3.28025	1.0850000E-006
3.28175	1.0850000E-006
3.28325	1.0850000E-006
3.28475	1.0850000E-006
3.28625	1.0850000E-006
3.28775	1.0850000E-006
3.28925	9.3000000E-007
3.29075	9.3000000E-007
3.29225	9.3000000E-007
3.29375	9.3000000E-007
3.29525	9.3000000E-007
3.29675	9.3000000E-007
3.29825	9.3000000E-007
3.29975	1.0850000E-006
3.30125	1.0850000E-006
3.30275	1.0850000E-006
3.30425	1.0850000E-006
3.30575	1.0850000E-006
3.30725	1.0850000E-006
3.30875	9.3000000E-007
3.31025	1.2400000E-006
3.31175	1.2400001E-006
3.31325	1.2400001E-006
3.31475	1.3950001E-006
3.31625	1.3949999E-006
3.31775	1.3949999E-006
3.31925	1.0850000E-006
3.32075	1.0850000E-006
3.32225	1.0850000E-006
3.32375	9.3000000E-007
3.32525	9.3000000E-007
3.32675	9.3000000E-007
3.32825	9.3000000E-007
3.32975	9.3000000E-007
3.33125	9.3000000E-007
3.33275	9.3000000E-007
3.33425	9.3000000E-007
3.33575	9.3000000E-007
3.33725	1.2400000E-006
3.33875	1.2400001E-006
3.34025	1.3950001E-006
3.34175	1.7050000E-006
3.34325	1.7050000E-006
3.34475	1.7050000E-006
3.34625	1.3950001E-006
3.34775	1.5500001E-006
3.34925	1.3949999E-006
3.35075	1.2400000E-006
3.35225	1.2400000E-006
3.35375	1.2400001E-006
3.35525	1.2400001E-006
3.35675	1.0850000E-006
3.35825	1.0850000E-006
3.35975	1.0850000E-006
3.36125	1.0850000E-006
3.36275	1.0850000E-006
3.36425	1.0850000E-006
3.36575	1.0850000E-006
3.36725	1.2400000E-006
3.36875	1.2400000E-006
3.37025	1.2400000E-006
3.37175	1.2400001E-006
3.37325	1.5500000E-006
3.37475	1.5500000E-006
3.37625	1.3950001E-006
3.37775	1.2400001E-006
3.37925	1.3950001E-006
3.38075	1.3949999E-006
3.38225	1.2400000E-006
3.38375	1.2400000E-006
3.38525	1.3950001E-006
3.38675	1.3949999E-006
3.38825	1.2400001E-006
3.38975	1.3950001E-006
3.39125	1.5500000E-006
3.39275	1.5500000E-006
3.39425	1.7050000E-006
3.39575	1.7050000E-006
3.39725	1.7050000E-006
3.39875	1.5500001E-006
3.40025	1.2400001E-006
3.40175	1.3950001E-006
3.40325	1.0850000E-006
3.40475	1.0850000E-006
3.40625	1.0850000E-006
3.40775	1.0850000E-006
3.40925	1.5500000E-006
3.41075	1.3949999E-006
3.41225	1.3950001E-006
3.41375	1.3950001E-006
3.41525	1.3950001E-006
3.41675	1.5500001E-006
3.41825	1.0850000E-006
3.41975	1.2400000E-006
3.42125	1.3949999E-006
3.42275	1.3949999E-006
3.42425	1.7050000E-006
3.42575	1.7050000E-006
3.42725	1.8600000E-006
3.42875	1.7050000E-006
3.43025	1.5500000E-006
3.43175	1.5500000E-006
3.43325	1.5500000E-006
3.43475	1.7050000E-006
3.43625	1.5500000E-006
3.43775	1.5500000E-006
3.43925	1.5500001E-006
3.44075	1.7050002E-006
3.44225	1.3949999E-006
3.44375	1.0850000E-006
3.44525	1.0850000E-006
3.44675	1.0850000E-006
3.44825	1.0850000E-006
3.44975	1.0850000E-006
3.45125	1.3949999E-006
3.45275	1.3949999E-006
3.45425	1.5500001E-006
3.45575	1.7050002E-006
3.45725	1.7050000E-006
3.45875	1.7050000E-006
3.46025	1.3949999E-006
3.46175	2.0150001E-006
3.46325	1.8600000E-006
3.46475	2.3250000E-006
3.46625	2.3250000E-006
3.46775	2.6350001E-006
3.46925	2.6349999E-006
3.47075	2.0150001E-006
3.47225	2.1700000E-006
3.47375	1.7050002E-006
3.47525	2.0150001E-006
3.47675	1.8600000E-006
3.47825	2.0150001E-006
3.47975	2.0150001E-006
3.48125	2.4799999E-006
3.48275	2.3250000E-006
3.48425	2.0150001E-006
3.48575	1.7050000E-006
3.48725	1.7050002E-006
3.48875	2.3250002E-006
3.49025	1.8600000E-006
3.49175	2.0150001E-006
3.49325	2.0150001E-006
3.49475	2.0150001E-006
3.49625	1.8600000E-006
3.49775	1.2400001E-006
3.49925	1.2400000E-006
3.50075	1.0850000E-006
3.50225	1.2400000E-006
3.50375	1.8600000E-006
3.50525	2.0150001E-006
3.50675	2.6350001E-006
3.50825	2.6349999E-006
3.50975	3.5650000E-006
3.51125	4.4949998E-006
3.51275	4.9599998E-006
3.51425	6.0450002E-006
3.51575	6.6649995E-006
3.51725	8.8349998E-006
3.51875	9.6100002E-006
3.52025	9.4549996E-006
3.52175	9.2999990E-006
3.52325	9.4549987E-006
3.52475	9.6100002E-006
3.52625	9.4549996E-006
3.52775	9.3000008E-006
3.52925	9.7650000E-006
3.53075	1.0850000E-005
3.53225	1.1159999E-005
3.53375	1.0850000E-005
3.53525	9.7650009E-006
3.53675	8.9900004E-006
3.53825	9.3000008E-006
3.53975	8.8349998E-006
3.54125	7.5950006E-006
3.54275	8.0600003E-006
3.54425	8.0600003E-006
3.54575	7.7500008E-006
3.54725	7.4400000E-006
3.54875	6.0450002E-006
3.55025	6.5099998E-006
3.55175	6.3549996E-006
3.55325	5.2699997E-006
3.55475	4.9599998E-006
3.55625	4.1849999E-006
3.55775	4.0299997E-006
3.55925	3.4100001E-006
3.56075	2.1700000E-006
3.56225	2.1700000E-006
3.56375	2.0150001E-006
3.56525	1.5500001E-006
3.56675	1.8600000E-006
3.56825	1.5500000E-006
3.56975	1.3950001E-006
3.57125	1.3950001E-006
3.57275	1.3950001E-006
3.57425	1.2400001E-006
3.57575	9.3000000E-007
3.57725	9.3000000E-007
3.57875	9.3000000E-007
3.58025	9.3000000E-007
3.58175	9.3000000E-007
3.58325	1.2400000E-006
3.58475	1.2400001E-006
3.58625	1.2400001E-006
3.58775	1.2400001E-006
3.58925	1.2400001E-006
3.59075	1.2400001E-006
3.59225	9.3000000E-007
3.59375	9.3000000E-007
3.59525	9.3000000E-007
3.59675	1.0850000E-006
3.59825	1.0850000E-006
3.59975	1.0850000E-006
