theta_deg	log10_I_minus_log10_R
0.30125	1.1895031E-001
0.30275	1.1334872E-001
0.30425	1.1677569E-001
0.30575	1.1579764E-001
0.30725	1.1498368E-001
0.30875	1.2197405E-001
0.31025	1.2064743E-001
0.31175	1.1781752E-001
0.31325	1.1859620E-001
0.31475	1.0812521E-001
0.31625	1.0656667E-001
0.31775	9.8717272E-002
0.31925	8.9106560E-002
0.32075	8.2933486E-002
0.32225	7.5090170E-002
0.32375	7.3506832E-002
0.32525	7.1352959E-002
0.32675	7.7795267E-002
0.32825	8.1383109E-002
0.32975	9.3922853E-002
0.33125	9.8784208E-002
0.33275	1.1215293E-001
0.33425	1.1566508E-001
0.33575	1.2500978E-001
0.33725	1.3108313E-001
0.33875	1.2586522E-001
0.34025	1.2363076E-001
0.34175	1.1412430E-001
0.34325	1.0622275E-001
0.34475	9.7083569E-002
0.34625	8.7045074E-002
0.34775	8.0594778E-002
0.34925	7.7912569E-002
0.35075	7.6057434E-002
0.35225	8.0229044E-002
0.35375	8.7286711E-002
0.35525	9.2914701E-002
0.35675	1.0416651E-001
0.35825	1.1587536E-001
0.35975	1.2768924E-001
0.36125	1.2940919E-001
0.36275	1.3723850E-001
0.36425	1.4199829E-001
0.36575	1.4323151E-001
0.36725	1.4045727E-001
0.36875	1.2828147E-001
0.37025	1.2101102E-001
0.37175	1.1202431E-001
0.37325	1.0194874E-001
0.37475	9.2540145E-002
0.37625	8.5135460E-002
0.37775	8.0381513E-002
0.37925	7.8534722E-002
0.38075	7.9657316E-002
0.38225	8.2334280E-002
0.38375	8.6043954E-002
0.38525	9.0792179E-002
0.38675	9.6640944E-002
0.38825	1.0163629E-001
0.38975	1.0813415E-001
0.39125	1.1217320E-001
0.39275	1.1576962E-001
0.39425	1.1728644E-001
0.39575	1.1703670E-001
0.39725	1.1500049E-001
0.39875	1.0895085E-001
0.40025	1.0216284E-001
0.40175	6.3934445E-002
0.40325	5.4213405E-002
0.40475	4.5391560E-002
0.40625	3.9839268E-002
0.40775	3.6866665E-002
0.40925	3.6995411E-002
0.41075	3.8216472E-002
0.41225	4.2676330E-002
0.41375	4.8823357E-002
0.41525	5.5341840E-002
0.41675	6.2101007E-002
0.41825	6.8980217E-002
0.41975	7.4418783E-002
0.42125	7.8466892E-002
0.42275	8.2118750E-002
0.42425	8.3146572E-002
0.42575	8.2409024E-002
0.42725	7.8874230E-002
0.42875	7.5223565E-002
0.43025	6.9364309E-002
0.43175	5.9563518E-002
0.43325	4.9258351E-002
0.43475	3.8232565E-002
0.43625	2.7419925E-002
0.43775	1.7027140E-002
0.43925	8.9052916E-003
0.44075	4.5044422E-003
0.44225	5.1013231E-003
0.44375	6.9121122E-003
0.44525	1.0320425E-002
0.44675	1.8079638E-002
0.44825	2.4488449E-002
0.44975	3.2447100E-002
0.45125	3.7976265E-002
0.45275	4.4457197E-002
0.45425	4.9333692E-002
0.45575	5.2067399E-002
0.45725	5.5316210E-002
0.45875	5.3640723E-002
0.46025	5.0498009E-002
0.46175	4.5744181E-002
0.46325	3.9234638E-002
0.46475	3.0129433E-002
0.46625	1.8403530E-002
0.46775	6.5267086E-003
0.46925	-4.5888424E-003
0.47075	-1.7353773E-002
0.47225	-2.7669668E-002
0.47375	-3.5832882E-002
0.47525	-3.8731337E-002
0.47675	-3.8767576E-002
0.47825	-3.5003185E-002
0.47975	-2.7252913E-002
0.48125	-1.8789053E-002
0.48275	-7.9889297E-003
0.48425	-3.3855438E-004
0.48575	6.7298412E-003
0.48725	1.3535976E-002
0.48875	1.8567920E-002
0.49025	2.1003127E-002
0.49175	2.1475554E-002
0.49325	2.2477150E-002
0.49475	2.2151947E-002
0.49625	1.7651558E-002
0.49775	1.1472464E-002
0.49925	4.5630932E-003
0.50075	-5.7082176E-003
0.50225	-2.0217180E-002
0.50375	-3.5649061E-002
0.50525	-4.9741983E-002
0.50675	-6.5616846E-002
0.50825	-7.6765776E-002
0.50975	-8.5905075E-002
0.51125	-8.7483406E-002
0.51275	-8.3521128E-002
0.51425	-7.6400995E-002
0.51575	-6.4297199E-002
0.51725	-5.3841591E-002
0.51875	-4.2470694E-002
0.52025	-3.1130552E-002
0.52175	-2.1476746E-002
0.52325	-1.3627529E-002
0.52475	-8.7192059E-003
0.52625	-5.3355694E-003
0.52775	-7.0428848E-004
0.52925	4.3177605E-004
0.53075	1.0678768E-003
0.53225	-7.6341629E-004
0.53375	-2.4745464E-003
0.53525	-6.8302155E-003
0.53675	-1.6590595E-002
0.53825	-2.8611898E-002
0.53975	-4.3479204E-002
0.54125	-5.9471130E-002
0.54275	-7.8948736E-002
0.54425	-9.6633673E-002
0.54575	-1.0929346E-001
0.54725	-1.1673999E-001
0.54875	-1.1866999E-001
0.55025	-1.1268425E-001
0.55175	-9.8753452E-002
0.55325	-8.2991123E-002
0.55475	-7.2077513E-002
0.55625	-5.6833029E-002
0.55775	-4.4210434E-002
0.55925	-3.4964323E-002
0.56075	-2.9027700E-002
0.56225	-2.1701574E-002
0.56375	-1.5684605E-002
0.56525	-1.4005899E-002
0.56675	-1.2850285E-002
0.56825	-1.1986732E-002
0.56975	-1.3311386E-002
0.57125	-1.7773390E-002
0.57275	-2.2930145E-002
0.57425	-3.0631304E-002
0.57575	-4.1777849E-002
0.57725	-5.6946993E-002
0.57875	-7.3182583E-002
0.58025	-9.2184067E-002
0.58175	-1.1328077E-001
0.58325	-1.3216376E-001
0.58475	-1.4504361E-001
0.58625	-1.5039682E-001
0.58775	-1.4557767E-001
0.58925	-1.3830972E-001
0.59075	-1.2152719E-001
0.59225	-1.0347438E-001
0.59375	-8.6658716E-002
0.59525	-6.8271637E-002
0.59675	-5.7555914E-002
0.59825	-4.5652151E-002
0.59975	-3.7070036E-002
0.60125	-3.0192852E-002
0.60275	-2.5602341E-002
0.60425	-2.3376465E-002
0.60575	-2.2480488E-002
0.60725	-2.3473501E-002
0.60875	-2.6303530E-002
0.61025	-3.2083511E-002
0.61175	-3.7301302E-002
0.61325	-4.7154427E-002
0.61475	-5.7522297E-002
0.61625	-7.1338177E-002
0.61775	-8.8701725E-002
0.61925	-1.0607171E-001
0.62075	-1.3081527E-001
0.62225	-1.5481234E-001
0.62375	-1.7797756E-001
0.62525	-1.9691086E-001
0.62675	-1.9705272E-001
0.62825	-1.9014215E-001
0.62975	-1.6910124E-001
0.63125	-1.4386201E-001
0.63275	-1.1603713E-001
0.63425	-9.1356039E-002
0.63575	-7.2643518E-002
0.63725	-5.7564735E-002
0.63875	-4.9240589E-002
0.64025	-4.0913582E-002
0.64175	-3.4484148E-002
0.64325	-3.2448053E-002
0.64475	-2.8704405E-002
0.64625	-2.7463198E-002
0.64775	-2.8633118E-002
0.64925	-3.3048630E-002
0.65075	-3.6695957E-002
0.65225	-3.9515257E-002
0.65375	-5.2258015E-002
0.65525	-6.4555407E-002
0.65675	-7.7560425E-002
0.65825	-9.4153643E-002
0.65975	-1.1842608E-001
0.66125	-1.4621067E-001
0.66275	-1.7178154E-001
0.66425	-1.9662380E-001
0.66575	-2.1185327E-001
0.66725	-2.0872998E-001
0.66875	-1.9622827E-001
0.67025	-1.7683101E-001
0.67175	-1.5297484E-001
0.67325	-1.3320065E-001
0.67475	-1.1184525E-001
0.67625	-9.3969584E-002
0.67775	-8.0257416E-002
0.67925	-7.1174860E-002
0.68075	-5.9450150E-002
0.68225	-5.0928593E-002
0.68375	-4.7899485E-002
0.68525	-4.4476986E-002
0.68675	-4.3850422E-002
0.68825	-4.3597221E-002
0.68975	-4.6929359E-002
0.69125	-5.1981211E-002
0.69275	-5.5641890E-002
0.69425	-6.3189268E-002
0.69575	-7.1540594E-002
0.69725	-8.3117723E-002
0.69875	-9.6762419E-002
0.70025	-1.1134505E-001
0.70175	-1.3643479E-001
0.70325	-1.6539407E-001
0.70475	-1.9326830E-001
0.70625	-2.1716022E-001
0.70775	-2.3019528E-001
0.70925	-2.2257519E-001
0.71075	-1.9778681E-001
0.71225	-1.6830206E-001
0.71375	-1.4703608E-001
0.71525	-1.1678576E-001
0.71675	-9.8175764E-002
0.71825	-8.1950188E-002
0.71975	-7.2239399E-002
0.72125	-6.4393997E-002
0.72275	-5.5032253E-002
0.72425	-5.2049398E-002
0.72575	-4.7890902E-002
0.72725	-4.8151493E-002
0.72875	-4.6889067E-002
0.73025	-4.9280405E-002
0.73175	-5.2497864E-002
0.73325	-5.7971716E-002
0.73475	-6.4493656E-002
0.73625	-7.1650982E-002
0.73775	-8.3450794E-002
0.73925	-9.3361139E-002
0.74075	-1.1104941E-001
0.74225	-1.2978435E-001
0.74375	-1.5730047E-001
0.74525	-1.8577719E-001
0.74675	-2.0478344E-001
0.74825	-2.2062397E-001
0.74975	-2.1616483E-001
0.75125	-1.9327235E-001
0.75275	-1.5870786E-001
0.75425	-1.2561703E-001
0.75575	-9.7372770E-002
0.75725	-7.2908878E-002
0.75875	-5.4837227E-002
0.76025	-4.3978930E-002
0.76175	-3.7610292E-002
0.76325	-3.0179024E-002
0.76475	-2.4331808E-002
0.76625	-2.0752430E-002
0.76775	-1.9638538E-002
0.76925	-1.7354727E-002
0.77075	-1.5489101E-002
0.77225	-1.7382383E-002
0.77375	-2.0056725E-002
0.77525	-2.3590326E-002
0.77675	-2.7245998E-002
0.77825	-3.4178019E-002
0.77975	-4.2719603E-002
0.78125	-5.2902222E-002
0.78275	-6.8886042E-002
0.78425	-8.9843988E-002
0.78575	-1.1693645E-001
0.78725	-1.4705539E-001
0.78875	-1.7723632E-001
0.79025	-1.9503331E-001
0.79175	-1.8901062E-001
0.79325	-1.6926193E-001
0.79475	-1.3084364E-001
0.79625	-9.8260403E-002
0.79775	-6.7040443E-002
0.79925	-4.6279907E-002
0.80075	-2.9301643E-002
0.80225	-1.4232635E-002
0.80375	-3.6861897E-003
0.80525	5.2053928E-003
0.80675	1.1756897E-002
0.80825	1.7758846E-002
0.80975	2.1607876E-002
0.81125	2.6354790E-002
0.81275	3.0639410E-002
0.81425	3.5117149E-002
0.81575	3.7896395E-002
0.81725	4.2133331E-002
0.81875	4.6523333E-002
0.82025	4.8650980E-002
0.82175	5.0696611E-002
0.82325	5.1118374E-002
0.82475	4.8844576E-002
0.82625	4.1961432E-002
0.82775	3.0300617E-002
0.82925	9.3348026E-003
0.83075	-2.6055574E-002
0.83225	-6.9134235E-002
0.83375	-1.0174584E-001
0.83525	-1.2137222E-001
0.83675	-1.2429690E-001
0.83825	-1.1663437E-001
0.83975	-1.0428286E-001
0.84125	-8.9000225E-002
0.84275	-7.6606750E-002
0.84425	-6.4500809E-002
0.84575	-5.4363847E-002
0.84725	-4.4602275E-002
0.84875	-3.4615993E-002
0.85025	-2.6866913E-002
0.85175	-2.1000504E-002
0.85325	-1.4766097E-002
0.85475	-9.6337795E-003
0.85625	-5.3491592E-003
0.85775	-1.6633272E-003
0.85925	8.6498260E-004
0.86075	4.2828321E-003
0.86225	6.9942474E-003
0.86375	9.8078251E-003
0.86525	1.1397362E-002
0.86675	1.0848045E-002
0.86825	9.3910694E-003
0.86975	4.5790672E-003
0.87125	-9.1300011E-003
0.87275	-2.9251575E-002
0.87425	-5.1532507E-002
0.87575	-6.8222761E-002
0.87725	-7.4766517E-002
0.87875	-7.2581410E-002
0.88025	-6.4985871E-002
0.88175	-5.5959225E-002
0.88325	-4.5942187E-002
0.88475	-3.7266612E-002
0.88625	-2.9949188E-002
0.88775	-2.4397850E-002
0.88925	-1.9702435E-002
0.89075	-1.5693784E-002
0.89225	-1.2856603E-002
0.89375	-1.0348499E-002
0.89525	-7.8264475E-003
0.89675	-5.5395365E-003
0.89825	-3.7678480E-003
0.89975	-1.6297102E-003
0.90125	5.4997206E-004
0.90275	2.0273924E-003
0.90425	3.4306049E-003
0.90575	4.8857927E-003
0.90725	6.3474178E-003
0.90875	7.3761344E-003
0.91025	7.9609752E-003
0.91175	9.0332031E-003
0.91325	9.5337033E-003
0.91475	1.0336101E-002
0.91625	1.1142731E-002
0.91775	1.1560023E-002
0.91925	1.2184441E-002
0.92075	1.2711346E-002
0.92225	1.3494432E-002
0.92375	1.3735175E-002
0.92525	1.3967037E-002
0.92675	1.4396966E-002
0.92825	1.5058994E-002
0.92975	1.5480936E-002
0.93125	1.5732527E-002
0.93275	1.5923500E-002
0.93425	1.5778005E-002
0.93575	1.5692651E-002
0.93725	1.5334189E-002
0.93875	1.4620960E-002
0.94025	1.4405251E-002
0.94175	1.3889790E-002
0.94325	1.4503717E-002
0.94475	1.5032411E-002
0.94625	1.5609980E-002
0.94775	1.7171383E-002
0.94925	1.8177390E-002
0.95075	2.0709515E-002
0.95225	2.2370338E-002
0.95375	2.5978088E-002
0.95525	3.0964613E-002
0.95675	3.8366079E-002
0.95825	4.9502730E-002
0.95975	6.4308047E-002
0.96125	8.1992149E-002
0.96275	9.8951578E-002
0.96425	1.1027408E-001
0.96575	1.1398506E-001
0.96725	1.0985613E-001
0.96875	1.0159183E-001
0.97025	8.9848995E-002
0.97175	7.7725887E-002
0.97325	6.7921638E-002
0.97475	5.8320642E-002
0.97625	5.0017238E-002
0.97775	4.2205095E-002
0.97925	3.6453009E-002
0.98075	3.2508254E-002
0.98225	2.8326988E-002
0.98375	2.6136518E-002
0.98525	2.3880482E-002
0.98675	1.9826651E-002
0.98825	1.6963005E-002
0.98975	1.5039921E-002
0.99125	1.3439894E-002
0.99275	1.1186123E-002
0.99425	1.1263132E-002
0.99575	1.6834497E-002
0.99725	2.5324106E-002
0.99875	3.3583403E-002
1.00025	4.9160719E-002
1.00175	7.1399927E-002
1.00325	9.9155664E-002
1.00475	1.3089156E-001
1.00625	1.5210176E-001
1.00775	1.6671681E-001
1.00925	1.6354942E-001
1.01075	1.5145826E-001
1.01225	1.3304281E-001
1.01375	1.1570692E-001
1.01525	1.0030460E-001
1.01675	8.4279776E-002
1.01825	7.3078632E-002
1.01975	6.2040091E-002
1.02125	5.0407171E-002
1.02275	3.6885262E-002
1.02425	2.2718668E-002
1.02575	1.0169744E-002
1.02725	-3.4646988E-003
1.02875	-1.5859604E-002
1.03025	-2.4986029E-002
1.03175	-3.2715797E-002
1.03325	-3.6284685E-002
1.03475	-4.1703701E-002
1.03625	-4.5224190E-002
1.03775	-4.7713518E-002
1.03925	-4.8967838E-002
1.04075	-4.2686462E-002
1.04225	-3.3858776E-002
1.04375	-1.2888670E-002
1.04525	2.3355722E-002
1.04675	6.6999912E-002
1.04825	1.0801077E-001
1.04975	1.4107609E-001
1.05125	1.6544580E-001
1.05275	1.7180181E-001
1.05425	1.6648555E-001
1.05575	1.5098953E-001
1.05725	1.3786888E-001
1.05875	1.2199140E-001
1.06025	1.0190678E-001
1.06175	9.0437412E-002
1.06325	7.2083473E-002
1.06475	5.8460951E-002
1.06625	4.3771029E-002
1.06775	3.2073498E-002
1.06925	2.1305084E-002
1.07075	6.7923069E-003
1.07225	-2.3422241E-003
1.07375	-1.4352322E-002
1.07525	-2.8069496E-002
1.07675	-4.1390419E-002
1.07825	-5.3509474E-002
1.07975	-6.7832708E-002
1.08125	-7.3426962E-002
1.08275	-7.3218107E-002
1.08425	-5.7379961E-002
1.08575	-3.7333965E-002
1.08725	-7.9944134E-003
1.08875	3.3359289E-002
1.09025	8.3739042E-002
1.09175	1.3579726E-001
1.09325	1.6821647E-001
1.09475	1.8846965E-001
1.09625	1.9444036E-001
1.09775	1.8826294E-001
1.09925	1.7913270E-001
1.10075	1.6068983E-001
1.10225	1.3982964E-001
1.10375	1.1949325E-001
1.10525	1.0063243E-001
1.10675	7.9151869E-002
1.10825	5.6625843E-002
1.10975	3.7767410E-002
1.11125	2.3624182E-002
1.11275	6.8082809E-003
1.11425	-9.7010136E-003
1.11575	-2.2359848E-002
1.11725	-3.4193754E-002
1.11875	-4.7085047E-002
1.12025	-6.0532808E-002
1.12175	-6.8144321E-002
1.12325	-7.7837467E-002
1.12475	-7.7932596E-002
1.12625	-8.0025434E-002
1.12775	-6.7519426E-002
1.12925	-4.3624163E-002
1.13075	-3.4580231E-003
1.13225	5.1392555E-002
1.13375	1.1120510E-001
1.13525	1.5201712E-001
1.13675	1.9019961E-001
1.13825	2.0346475E-001
1.13975	2.0764446E-001
1.14125	2.0027328E-001
1.14275	1.8649006E-001
1.14425	1.7058778E-001
1.14575	1.4378238E-001
1.14725	1.2384939E-001
1.14875	9.8615885E-002
1.15025	7.2964191E-002
1.15175	4.6490192E-002
1.15325	2.5467634E-002
1.15475	1.4366865E-002
1.15625	-6.2654018E-003
1.15775	-2.5766373E-002
1.15925	-4.1576147E-002
1.16075	-5.9821367E-002
1.16225	-7.8469038E-002
1.16375	-1.0695004E-001
1.16525	-1.2071943E-001
1.16675	-1.3070607E-001
1.16825	-1.3408399E-001
1.16975	-1.3259959E-001
1.17125	-1.1777306E-001
1.17275	-8.3119392E-002
1.17425	-2.0354748E-002
1.17575	3.6964893E-002
1.17725	9.5526695E-002
1.17875	1.5569377E-001
1.18025	1.9106865E-001
1.18175	1.9968414E-001
1.18325	1.9230628E-001
1.18475	1.8551922E-001
1.18625	1.6510797E-001
1.18775	1.3857436E-001
1.18925	1.2089801E-001
1.19075	1.0557747E-001
1.19225	8.2149267E-002
1.19375	6.1136007E-002
1.19525	4.2607546E-002
1.19675	3.3443928E-002
1.19825	9.1447830E-003
1.19975	-1.1842489E-002
1.20125	-2.5823355E-002
1.20275	-4.7494650E-002
1.20425	-7.0843220E-002
1.20575	-1.0285807E-001
1.20725	-1.2216401E-001
1.20875	-1.4273500E-001
1.21025	-1.6787267E-001
1.21175	-1.7429376E-001
1.21325	-1.6010284E-001
1.21475	-1.3421464E-001
1.21625	-9.4117403E-002
1.21775	-3.5773993E-002
1.21925	2.4986029E-002
1.22075	6.8814516E-002
1.22225	1.0878158E-001
1.22375	1.3523221E-001
1.22525	1.5692186E-001
1.22675	1.5576530E-001
1.22825	1.5914488E-001
1.22975	1.6072083E-001
1.23125	1.4521885E-001
1.23275	1.3426924E-001
1.23425	1.0459900E-001
1.23575	8.4198236E-002
1.23725	6.3855171E-002
1.23875	3.4797430E-002
1.24025	1.5634537E-002
1.24175	-1.2476683E-002
1.24325	-2.9824972E-002
1.24475	-5.9707880E-002
1.24625	-9.4193220E-002
1.24775	-1.1524558E-001
1.24925	-1.4048672E-001
1.25075	-1.6603923E-001
1.25225	-1.8367481E-001
1.25375	-1.7028546E-001
1.25525	-1.7472053E-001
1.25675	-1.7374706E-001
1.25825	-1.2289715E-001
1.25975	-7.8929901E-002
1.26125	-3.4899712E-002
1.26275	2.5335312E-002
1.26425	9.3218803E-002
1.26575	1.4574933E-001
1.26725	1.6156650E-001
1.26875	1.7036700E-001
1.27025	1.8375063E-001
1.27175	1.7021441E-001
1.27325	1.5813112E-001
1.27475	1.3120890E-001
1.27625	1.0533762E-001
1.27775	8.5156918E-002
1.27925	5.5016041E-002
1.28075	3.6182404E-002
1.28225	1.5489817E-002
1.28375	-1.5289783E-003
1.28525	-1.8222809E-002
1.28675	-3.5694122E-002
1.28825	-5.5192947E-002
1.28975	-9.9814177E-002
1.29125	-1.4263201E-001
1.29275	-1.7536473E-001
1.29425	-2.1153140E-001
1.29575	-2.5848913E-001
1.29725	-2.8323460E-001
1.29875	-2.4493122E-001
1.30025	-2.1805573E-001
1.30175	-1.8117285E-001
1.30325	-1.2805748E-001
1.30475	-8.3694935E-002
1.30625	-1.3363838E-002
1.30775	4.9648762E-002
1.30925	7.8677654E-002
1.31075	1.0969496E-001
1.31225	1.3195944E-001
1.31375	1.4287829E-001
1.31525	1.2853694E-001
1.31675	1.0931087E-001
1.31825	9.2973709E-002
1.31975	6.6304684E-002
1.32125	4.1231632E-002
1.32275	2.3243427E-002
1.32425	4.8978329E-003
1.32575	-2.1662235E-002
1.32725	-4.1705132E-002
1.32875	-6.1053991E-002
1.33025	-9.0366840E-002
1.33175	-1.2115335E-001
1.33325	-1.4316559E-001
1.33475	-1.5563130E-001
1.33625	-1.8205237E-001
1.33775	-2.1502590E-001
1.33925	-2.3758268E-001
1.34075	-2.4796629E-001
1.34225	-2.4739313E-001
1.34375	-2.4614668E-001
1.34525	-2.0532942E-001
1.34675	-1.5484524E-001
1.34825	-6.8377018E-002
1.34975	6.5450668E-003
1.35125	4.3453217E-002
1.35275	6.9663525E-002
1.35425	1.0203934E-001
1.35575	1.2469006E-001
1.35725	1.1997247E-001
1.35875	1.0070324E-001
1.36025	1.0022402E-001
1.36175	9.3117952E-002
1.36325	7.9287767E-002
1.36475	7.1598768E-002
1.36625	6.1475039E-002
1.36775	5.0166130E-002
1.36925	3.0721903E-002
1.37075	1.1581659E-002
1.37225	4.0435791E-004
1.37375	-3.1872749E-002
1.37525	-5.7353735E-002
1.37675	-8.3664417E-002
1.37825	-1.0451889E-001
1.37975	-1.2735796E-001
1.38125	-1.7238092E-001
1.38275	-2.1717644E-001
1.38425	-2.3816633E-001
1.38575	-2.1916008E-001
1.38725	-2.1257257E-001
1.38875	-1.5660429E-001
1.39025	-8.0810547E-002
1.39175	-6.9584846E-003
1.39325	3.4973621E-002
1.39475	7.5469494E-002
1.39625	8.0371380E-002
1.39775	9.4048023E-002
1.39925	9.6794128E-002
1.40075	9.9943161E-002
1.40225	1.1006212E-001
1.40375	9.9778175E-002
1.40525	1.1296201E-001
1.40675	1.0041308E-001
1.40825	8.0765486E-002
1.40975	7.2278976E-002
1.41125	5.2048445E-002
1.41275	3.1642675E-002
1.41425	-1.0696888E-002
1.41575	-4.2489529E-002
1.41725	-6.4993858E-002
1.41875	-9.5444202E-002
1.42025	-1.3427258E-001
1.42175	-1.6720581E-001
1.42325	-1.8369102E-001
1.42475	-1.6264868E-001
1.42625	-1.7826653E-001
1.42775	-2.4260998E-001
1.42925	-2.4504519E-001
1.43075	-2.1521425E-001
1.43225	-1.2862539E-001
1.43375	-1.1601734E-001
1.43525	-4.5448780E-002
1.43675	-1.2192726E-003
1.43825	5.0815105E-002
1.43975	6.0645580E-002
1.44125	7.3334217E-002
1.44275	7.3174000E-002
1.44425	9.3740940E-002
1.44575	1.0662127E-001
1.44725	1.1107111E-001
1.44875	1.3143444E-001
1.45025	1.0719085E-001
1.45175	1.2000203E-001
1.45325	9.5009565E-002
1.45475	8.4254026E-002
1.45625	5.8213234E-002
1.45775	1.9737720E-002
1.45925	1.3868332E-002
1.46075	-2.9907703E-002
1.46225	-3.8806915E-002
1.46375	-7.8114510E-002
1.46525	-1.1100245E-001
1.46675	-1.4375877E-001
1.46825	-1.7295599E-001
1.46975	-2.0775461E-001
1.47125	-2.8068209E-001
1.47275	-2.4082804E-001
1.47425	-2.0748997E-001
1.47575	-1.5396261E-001
1.47725	-6.4133644E-002
1.47875	-1.3322353E-002
1.48025	5.3795815E-002
1.48175	6.1383724E-002
1.48325	8.6801529E-002
1.48475	9.2056751E-002
1.48625	1.0374260E-001
1.48775	1.0514402E-001
1.48925	1.0338879E-001
1.49075	1.2363482E-001
1.49225	1.0395765E-001
1.49375	1.0357285E-001
1.49525	9.6879482E-002
1.49675	1.0838199E-001
1.49825	9.4423294E-002
1.49975	6.8799973E-002
1.50125	7.2067261E-002
1.50275	5.4357052E-002
1.50425	2.4920464E-002
1.50575	-2.6172638E-002
1.50725	-4.6061516E-002
1.50875	-6.6587448E-002
1.51025	-1.0059452E-001
1.51175	-1.3037539E-001
1.51325	-1.8047428E-001
1.51475	-1.7805290E-001
1.51625	-1.6285610E-001
1.51775	-1.3641024E-001
1.51925	-1.2829590E-001
1.52075	-1.0124111E-001
1.52225	-4.6881199E-002
1.52375	-1.2311935E-002
1.52525	-1.2529373E-002
1.52675	2.4819374E-002
1.52825	2.6793003E-002
1.52975	3.9765358E-002
1.53125	5.7719707E-002
1.53275	7.5399876E-002
1.53425	9.2254162E-002
1.53575	7.7366829E-002
1.53725	9.1748238E-002
1.53875	9.9038601E-002
1.54025	7.9596043E-002
1.54175	7.1221352E-002
1.54325	5.1601887E-002
1.54475	4.8835278E-002
1.54625	4.6823978E-002
1.54775	3.4124851E-002
1.54925	4.4178963E-002
1.55075	2.2676468E-002
1.55225	1.0405540E-002
1.55375	-6.1717033E-003
1.55525	-2.8449059E-002
1.55675	-3.0764580E-002
1.55825	-3.7069321E-002
1.55975	-6.4954281E-002
1.56125	-1.2606144E-002
1.56275	5.2924156E-003
1.56425	2.9798985E-002
1.56575	1.3347149E-002
1.56725	3.0436993E-002
1.56875	5.8621407E-002
1.57025	3.9531708E-002
1.57175	5.8664322E-002
1.57325	5.7042599E-002
1.57475	7.5884819E-002
1.57625	9.2013836E-002
1.57775	1.0513306E-001
1.57925	1.1565018E-001
1.58075	1.2552619E-001
1.58225	1.3105559E-001
1.58375	1.4068508E-001
1.58525	1.2751865E-001
1.58675	1.1767769E-001
1.58825	1.0981655E-001
1.58975	9.6536636E-002
1.59125	9.2567921E-002
1.59275	7.4122429E-002
1.59425	8.2605839E-002
1.59575	8.2753181E-002
1.59725	8.6390018E-002
1.59875	8.4178925E-002
1.60025	5.9470177E-002
1.60175	6.1677456E-002
1.60325	5.9241295E-002
1.60475	9.2372894E-002
1.60625	1.3402796E-001
1.60775	1.3745356E-001
1.60925	1.3403511E-001
1.61075	1.2541771E-001
1.61225	1.2430954E-001
1.61375	1.0479212E-001
1.61525	9.9022388E-002
1.61675	1.0831928E-001
1.61825	1.1285114E-001
1.61975	1.2284946E-001
1.62125	1.2382674E-001
1.62275	1.2563610E-001
1.62425	1.1976457E-001
1.62575	1.1020160E-001
1.62725	1.1184454E-001
1.62875	1.0650587E-001
1.63025	1.0998654E-001
1.63175	1.1517286E-001
1.63325	1.2149096E-001
1.63475	1.4379120E-001
1.63625	1.5829086E-001
1.63775	1.6334057E-001
1.63925	1.6691208E-001
1.64075	1.7078876E-001
1.64225	1.9332409E-001
1.64375	1.6973782E-001
1.64525	1.6946316E-001
1.64675	1.9409037E-001
1.64825	1.8287611E-001
1.64975	1.8267918E-001
1.65125	1.7396593E-001
1.65275	1.7971325E-001
1.65425	1.7731524E-001
1.65575	1.5077400E-001
1.65725	1.3380480E-001
1.65875	1.3194323E-001
1.66025	1.2179637E-001
1.66175	1.2642360E-001
1.66325	1.4043593E-001
1.66475	1.5908194E-001
1.66625	1.7072868E-001
1.66775	1.7724442E-001
1.66925	1.8565106E-001
1.67075	1.9705057E-001
1.67225	2.0043516E-001
1.67375	2.0284486E-001
1.67525	2.1271491E-001
1.67675	2.3416090E-001
1.67825	2.5638604E-001
1.67975	2.6822257E-001
1.68125	2.7904463E-001
1.68275	2.9982901E-001
1.68425	3.1679320E-001
1.68575	3.2730269E-001
1.68725	3.3071566E-001
1.68875	3.3511305E-001
1.69025	3.1100607E-001
1.69175	2.8068066E-001
1.69325	2.4145365E-001
1.69475	1.6337156E-001
1.69625	1.1701059E-001
1.69775	5.7682991E-002
1.69925	3.4478664E-002
1.70075	1.9199371E-002
1.70225	1.3183832E-002
1.70375	1.4019489E-002
1.70525	4.1966438E-003
1.70675	1.0612249E-002
1.70825	1.5852213E-002
1.70975	1.4948130E-002
1.71125	2.6628733E-002
1.71275	3.5527468E-002
1.71425	5.1087856E-002
1.71575	5.7824135E-002
1.71725	7.7405691E-002
1.71875	8.6849213E-002
1.72025	9.6947908E-002
1.72175	1.0590839E-001
1.72325	1.1845684E-001
1.72475	1.4108658E-001
1.72625	1.5174842E-001
1.72775	1.8033481E-001
1.72925	2.0082283E-001
1.73075	2.2314382E-001
1.73225	2.2266960E-001
1.73375	1.8393826E-001
1.73525	1.3055754E-001
1.73675	4.8167229E-002
1.73825	-4.0084839E-002
1.73975	-9.8390102E-002
1.74125	-1.1722875E-001
1.74275	-1.1252260E-001
1.74425	-1.2691092E-001
1.74575	-1.2706470E-001
1.74725	-1.2312269E-001
1.74875	-1.1325622E-001
1.75025	-1.0692501E-001
1.75175	-1.0487366E-001
1.75325	-1.0105300E-001
1.75475	-9.6478224E-002
1.75625	-9.5530272E-002
1.75775	-9.3693495E-002
1.75925	-8.9256048E-002
1.76075	-8.5790157E-002
1.76225	-8.5513592E-002
1.76375	-8.1556559E-002
1.76525	-7.7041149E-002
1.76675	-7.2993279E-002
1.76825	-7.5037479E-002
1.76975	-7.1244717E-002
1.77125	-6.6201448E-002
1.77275	-6.4718962E-002
1.77425	-6.6163778E-002
1.77575	-6.7837715E-002
1.77725	-6.4786911E-002
1.77875	-6.7386389E-002
1.78025	-7.1183920E-002
1.78175	-7.4326754E-002
1.78325	-7.2955370E-002
1.78475	-7.3156595E-002
1.78625	-7.5917482E-002
1.78775	-7.7189922E-002
1.78925	-7.8840494E-002
1.79075	-8.1524134E-002
1.79225	-8.1880569E-002
1.79375	-8.4107161E-002
1.79525	-8.5152864E-002
1.79675	-9.0208054E-002
1.79825	-8.8514566E-002
1.79975	-8.8525534E-002
1.80125	-9.4964027E-002
1.80275	-1.0003209E-001
1.80425	-1.0611343E-001
1.80575	-1.0357213E-001
1.80725	-1.0842633E-001
1.80875	-1.1121154E-001
1.81025	-1.1555600E-001
1.81175	-1.1729360E-001
1.81325	-1.1546922E-001
1.81475	-1.2129688E-001
1.81625	-1.2280607E-001
1.81775	-1.0624576E-001
1.81925	-9.3183756E-002
1.82075	-5.2870274E-002
1.82225	-1.3700962E-002
1.82375	5.3629875E-002
1.82525	1.2126398E-001
1.82675	1.6551065E-001
1.82825	1.8226480E-001
1.82975	1.6964769E-001
1.83125	1.5230179E-001
1.83275	1.2296057E-001
1.83425	1.0175610E-001
1.83575	7.8816175E-002
1.83725	5.0933361E-002
1.83875	1.8878460E-002
1.84025	-3.7775040E-003
1.84175	-1.7579079E-002
1.84325	-3.2745123E-002
1.84475	-5.9833288E-002
1.84625	-6.4911366E-002
1.84775	-7.4843407E-002
1.84925	-9.5078230E-002
1.85075	-1.0152745E-001
1.85225	-1.2720728E-001
1.85375	-1.3738346E-001
1.85525	-1.6574907E-001
1.85675	-1.7985487E-001
1.85825	-1.6106176E-001
1.85975	-1.9626284E-001
1.86125	-1.6881609E-001
1.86275	-1.7200470E-001
1.86425	-1.1769485E-001
1.86575	-1.4532089E-002
1.86725	5.4141521E-002
1.86875	1.4903545E-001
1.87025	2.5987768E-001
1.87175	3.2752991E-001
1.87325	3.1685877E-001
1.87475	2.9910898E-001
1.87625	2.5987911E-001
1.87775	2.0901155E-001
1.87925	1.2821865E-001
1.88075	9.6895218E-002
1.88225	7.0158482E-002
1.88375	4.2994976E-002
1.88525	2.5204182E-002
1.88675	3.8674355E-002
1.88825	3.4310818E-002
1.88975	6.7510605E-003
1.89125	-1.7266273E-002
1.89275	-5.6889534E-002
1.89425	-9.4989777E-002
1.89575	-1.6173363E-001
1.89725	-1.5626907E-001
1.89875	-2.0577097E-001
1.90025	-2.0604515E-001
1.90175	-2.1985769E-001
1.90325	-2.2122669E-001
1.90475	-1.7736053E-001
1.90625	-2.2792864E-001
1.90775	-1.7607880E-001
1.90925	-1.6278648E-001
1.91075	-1.8943310E-002
1.91225	1.7877531E-001
1.91375	2.1759033E-001
1.91525	2.8323460E-001
1.91675	3.9180517E-001
1.91825	3.5171270E-001
1.91975	3.1663322E-001
1.92125	2.1535110E-001
1.92275	1.7664528E-001
1.92425	1.1569929E-001
1.92575	2.0413399E-002
1.92725	2.1457672E-005
1.92875	-5.5191517E-002
1.93025	-4.8036098E-002
1.93175	-5.6560040E-002
1.93325	-5.2548409E-002
1.93475	-5.7519436E-002
1.93625	-9.4401836E-002
1.93775	-8.7748051E-002
1.93925	-9.7579002E-002
1.94075	-1.2361145E-001
1.94225	-1.3590240E-001
1.94375	-1.6036654E-001
1.94525	-1.1440849E-001
1.94675	-1.4483213E-001
1.94825	-1.7924356E-001
1.94975	-1.4918280E-001
1.95125	-1.1776543E-001
1.95275	6.1589718E-002
1.95425	1.6938972E-001
1.95575	2.5499821E-001
1.95725	3.7492752E-001
1.95875	4.4077396E-001
1.96025	4.3250895E-001
1.96175	3.4979343E-001
1.96325	2.4468899E-001
1.96475	2.0724487E-001
1.96625	1.1891747E-001
1.96775	9.6049786E-002
1.96925	5.9727192E-002
1.97075	3.9244175E-002
1.97225	1.8206120E-002
1.97375	1.9395351E-002
1.97525	6.7501068E-003
1.97675	-1.7932415E-002
1.97825	-4.8634052E-002
1.97975	-7.2286606E-002
1.98125	-1.0551548E-001
1.98275	-1.3479567E-001
1.98425	-1.8218994E-001
1.98575	-2.7636194E-001
1.98725	-2.8307915E-001
1.98875	-3.2454348E-001
1.99025	-2.8871870E-001
1.99175	-2.6765728E-001
1.99325	-2.4336433E-001
1.99475	-1.1557198E-001
1.99625	-5.5222988E-002
1.99775	-2.3008823E-002
1.99925	-6.0181618E-003
2.00075	1.5892887E-001
2.00225	2.3063993E-001
2.00375	2.4290371E-001
2.00525	2.2327471E-001
2.00675	2.0060396E-001
2.00825	1.8168640E-001
2.00975	9.3944550E-002
2.01125	8.8610649E-002
2.01275	6.9158554E-002
2.01425	8.8797092E-002
2.01575	1.1599255E-001
2.01725	1.3322163E-001
2.01875	8.8532448E-002
2.02025	6.0279369E-002
2.02175	3.0697823E-002
2.02325	-2.1785736E-002
2.02475	-4.9853802E-002
2.02625	-1.2394094E-001
2.02775	-1.1817884E-001
2.02925	-1.8427277E-001
2.03075	-1.8530607E-001
2.03225	-1.6153002E-001
2.03375	-1.9774008E-001
2.03525	-1.9036055E-001
2.03675	-2.4986887E-001
2.03825	-1.7898798E-001
2.03975	-1.4312458E-001
2.04125	-1.5832615E-001
2.04275	-1.4587593E-001
2.04425	3.9407253E-002
2.04575	1.3461256E-001
2.04725	2.1940994E-001
2.04875	2.1468019E-001
2.05025	1.8982458E-001
2.05175	2.3636580E-001
2.05325	2.7398491E-001
2.05475	2.5549793E-001
2.05625	2.1247244E-001
2.05775	2.0040321E-001
2.05925	2.1439219E-001
2.06075	1.9006968E-001
2.06225	8.3880901E-002
2.06375	3.9051056E-002
2.06525	1.4052391E-002
2.06675	9.9678040E-003
2.06825	-1.4661312E-002
2.06975	-4.9569130E-002
2.07125	-2.4318695E-004
2.07275	-2.1930695E-002
2.07425	-2.3526192E-002
2.07575	-6.2203407E-002
2.07725	-1.1152697E-001
2.07875	-1.4759064E-001
2.08025	-2.4771404E-001
2.08175	-9.7368240E-002
2.08325	-7.4896812E-002
2.08475	-6.0428143E-002
2.08625	-9.4256401E-003
2.08775	7.2039127E-002
2.08925	1.2893105E-001
2.09075	3.5206795E-002
2.09225	1.3350010E-001
2.09375	1.8864489E-001
2.09525	2.1694613E-001
2.09675	2.0817995E-001
2.09825	1.9561052E-001
2.09975	1.4509487E-001
2.10125	1.1914587E-001
2.10275	6.0903549E-002
2.10425	4.8147678E-002
2.10575	2.3222923E-002
2.10725	-5.5172920E-002
2.10875	-4.4449806E-002
2.11025	-9.1178894E-002
2.11175	-1.1075783E-001
2.11325	-1.5087986E-001
2.11475	-2.5769567E-001
2.11625	-2.3254013E-001
2.11775	-2.3826361E-001
2.11925	-2.4093866E-001
2.12075	-1.9606829E-001
2.12225	-1.9169474E-001
2.12375	-9.2017651E-002
2.12525	-3.6547661E-002
2.12675	1.7352581E-002
2.12825	2.0003319E-002
2.12975	7.4439049E-003
2.13125	-2.5718212E-002
2.13275	4.0722370E-002
2.13425	1.2915611E-001
2.13575	1.4681721E-001
2.13725	2.1591997E-001
2.13875	2.0249605E-001
2.14025	2.3463058E-001
2.14175	2.3317385E-001
2.14325	1.6618586E-001
2.14475	1.4811230E-001
2.14625	6.7559719E-002
2.14775	1.2617064E-001
2.14925	4.0592670E-002
2.15075	2.0060539E-003
2.15225	3.9523125E-002
2.15375	3.8153648E-002
2.15525	2.1356106E-002
2.15675	-9.8988056E-002
2.15825	-7.9984665E-002
2.15975	-1.2135887E-001
2.16125	-1.6868782E-001
2.16275	-2.2798634E-001
2.16425	-1.8549490E-001
2.16575	-1.3949585E-001
2.16725	-9.1957569E-002
2.16875	-1.0343504E-001
2.17025	-6.0926437E-002
2.17175	3.2536030E-002
2.17325	1.9666147E-001
2.17475	3.1578207E-001
2.17625	4.0226460E-001
2.17775	4.1723442E-001
2.17925	4.1996861E-001
2.18075	3.9024973E-001
2.18225	2.7946377E-001
2.18375	2.3971939E-001
2.18525	1.0898542E-001
2.18675	3.5262108E-002
2.18825	-7.9405308E-002
2.18975	-3.0902386E-002
2.19125	-2.1142006E-002
2.19275	-1.5389204E-001
2.19425	-1.6621923E-001
2.19575	-5.7987690E-002
2.19725	5.1083565E-003
2.19875	-8.4212780E-002
2.20025	-1.0785913E-001
2.20175	-8.7349892E-002
2.20325	-6.0821533E-002
2.20475	-1.1602163E-001
2.20625	-1.8875217E-001
2.20775	-1.4928722E-001
2.20925	-5.0683975E-002
2.21075	-1.1227608E-002
2.21225	2.4641037E-002
2.21375	1.0590219E-001
2.21525	1.2870216E-001
2.21675	1.4340258E-001
2.21825	1.4981604E-001
2.21975	1.9380903E-001
2.22125	1.8407106E-001
2.22275	6.9801331E-002
2.22425	1.8386793E-001
2.22575	1.9188690E-001
2.22725	1.5851212E-001
2.22875	1.9073486E-001
2.23025	1.8685150E-001
2.23175	1.8382597E-001
2.23325	9.9033833E-002
2.23475	1.0745811E-001
2.23625	1.1984158E-001
2.23775	2.0269871E-002
2.23925	-1.7464161E-002
2.24075	-5.1754475E-002
2.24225	3.0704498E-002
2.24375	-2.5719166E-002
2.24525	-9.0900898E-002
2.24675	-6.3750744E-002
2.24825	-3.2455921E-002
2.24975	1.4977455E-003
2.25125	-1.3989353E-001
2.25275	-1.0661888E-001
2.25425	-7.6871395E-002
2.25575	-5.2280426E-002
2.25725	-3.3715725E-002
2.25875	-2.1270752E-002
2.26025	1.1038971E-001
2.26175	1.6301250E-001
2.26325	2.0520878E-001
2.26475	3.1045580E-001
2.26625	2.9639864E-001
2.26775	2.7699471E-001
2.26925	1.8027449E-001
2.27075	1.1121082E-001
2.27225	3.6074162E-002
2.27375	-1.6910696E-001
2.27525	-1.9602680E-001
2.27675	-2.1923018E-001
2.27825	-2.3758221E-001
2.27975	-1.8338156E-001
2.28125	-1.9007683E-001
2.28275	-8.1366062E-002
2.28425	-7.5517654E-002
2.28575	2.3595333E-002
2.28725	4.1275978E-002
2.28875	1.3652277E-001
2.29025	1.6314840E-001
2.29175	1.1964560E-001
2.29325	1.8703794E-001
2.29475	1.3599777E-001
2.29625	1.6084480E-001
2.29775	2.6214600E-002
2.29925	1.5054655E-001
2.30075	1.6087103E-001
2.30225	1.1584139E-001
2.30375	1.1847162E-001
2.30525	1.1803436E-001
2.30675	1.1451817E-001
2.30825	4.9522877E-002
2.30975	3.8463116E-002
2.31125	2.2962093E-002
2.31275	3.1571388E-003
2.31425	8.9027882E-002
2.31575	2.2345161E-001
2.31725	1.9799900E-001
2.31875	1.7423153E-001
2.32025	1.5377665E-001
2.32175	1.3789034E-001
2.32325	1.5961933E-001
2.32475	8.9721680E-003
2.32625	8.9771271E-002
2.32775	1.6439581E-001
2.32925	2.3576355E-001
2.33075	2.5414896E-001
2.33225	1.8630266E-001
2.33375	2.1112537E-001
2.33525	1.6412687E-001
2.33675	1.0138988E-001
2.33825	1.2299681E-001
2.33975	1.4065647E-001
2.34125	1.5393877E-001
2.34275	2.0884323E-001
2.34425	1.6876507E-001
2.34575	2.1749735E-001
2.34725	1.2142897E-001
2.34875	2.1725321E-001
2.35025	2.1403313E-001
2.35175	1.6237974E-001
2.35325	1.5313005E-001
2.35475	1.4000130E-001
2.35625	2.1007299E-001
2.35775	1.4823627E-001
2.35925	1.2565756E-001
2.36075	1.0261822E-001
2.36225	8.0926895E-002
2.36375	1.0364008E-001
2.36525	4.7920704E-002
2.36675	-6.8588257E-003
2.36825	-1.0013580E-002
2.36975	-7.1005821E-003
2.37125	4.7485352E-002
2.37275	-3.5206795E-002
2.37425	-7.4520588E-002
2.37575	-5.2726269E-002
2.37725	-2.9509068E-002
2.37875	-6.7243576E-003
2.38025	1.3901711E-002
2.38175	8.9094639E-002
2.38325	1.0228109E-001
2.38475	1.1155415E-001
2.38625	1.1750174E-001
2.38775	1.2089920E-001
2.38925	6.4434052E-002
2.39075	-2.4614334E-003
2.39225	-3.8633347E-003
2.39375	-7.0667267E-003
2.39525	-1.2710571E-002
2.39675	-2.1546841E-002
2.39825	-3.4173012E-002
2.39975	-5.0734520E-002
2.40125	-7.0720673E-002
2.40275	-2.5996685E-002
2.40425	-4.8789024E-002
2.40575	-7.0310116E-002
2.40725	2.0300865E-002
2.40875	6.1507225E-003
2.41025	1.8925858E-001
2.41175	1.8643093E-001
2.41325	1.8973684E-001
2.41475	1.9897652E-001
2.41625	1.4660120E-001
2.41775	2.3243141E-001
2.41925	1.0806561E-001
2.42075	1.7234802E-001
2.42225	2.3229694E-001
2.42375	2.5207233E-001
2.42525	2.6831865E-001
2.42675	2.4279833E-001
2.42825	2.0989895E-001
2.42975	1.1834288E-001
2.43125	6.3321590E-002
2.43275	2.1942854E-001
2.43425	2.6056242E-001
2.43575	2.1735811E-001
2.43725	2.1351862E-001
2.43875	2.0688629E-001
2.44025	2.3800087E-001
2.44175	8.5138798E-002
2.44325	1.6311646E-001
2.44475	1.4046621E-001
2.44625	1.1547852E-001
2.44775	2.3613930E-001
2.44925	2.1217680E-001
2.45075	1.9151926E-001
2.45225	1.7560244E-001
2.45375	2.7457857E-001
2.45525	2.7076006E-001
2.45675	1.6437435E-001
2.45825	1.4139748E-001
2.45975	1.5654707E-001
2.46125	6.2762737E-002
2.46275	-1.3530445E-001
2.46425	-1.0969830E-001
2.46575	-1.7353535E-002
2.46725	5.8803558E-003
2.46875	2.5445461E-002
2.47025	4.0570736E-002
2.47175	5.1267624E-002
2.47325	5.8120728E-002
2.47475	-5.0125122E-003
2.47625	-3.5681725E-003
2.47775	-4.2061806E-003
2.47925	-7.1420670E-003
2.48075	5.3864956E-002
2.48225	1.0188627E-001
2.48375	1.8377209E-001
2.48525	2.0450687E-001
2.48675	1.7845917E-001
2.48825	1.4822483E-001
2.48975	7.4380398E-002
2.49125	-3.7298203E-003
2.49275	-1.4289761E-001
2.49425	-2.3568487E-001
2.49575	-2.5597572E-001
2.49725	-2.0286226E-001
2.49875	-1.5171051E-001
2.50025	-1.0015440E-001
2.50175	-9.2495918E-002
2.50325	-3.2062531E-002
2.50475	3.0473709E-002
2.50625	1.5730381E-002
2.50775	6.6852570E-004
2.50925	-1.7711639E-002
2.51075	1.4805794E-002
2.51225	-1.3289452E-002
2.51375	-5.4899693E-002
2.51525	8.9686394E-002
2.51675	1.0343361E-001
2.51825	1.1172152E-001
2.51975	1.1514616E-001
2.52125	2.1087360E-001
2.52275	2.0470476E-001
2.52425	9.5662117E-002
2.52575	7.6364994E-002
2.52725	1.4601469E-001
2.52875	1.5238905E-001
2.53025	6.9682598E-002
2.53175	2.4544716E-002
2.53325	-2.1511555E-002
2.53475	8.0390930E-002
2.53625	4.0220737E-002
2.53775	5.6962967E-003
2.53925	1.1046553E-001
2.54075	1.3334274E-001
2.54225	2.1310663E-001
2.54375	1.3534546E-001
2.54525	1.5732241E-001
2.54675	2.0413876E-001
2.54825	1.0345936E-001
2.54975	8.1372261E-002
2.55125	-1.6832352E-003
2.55275	3.8064957E-002
2.55425	1.0000706E-002
2.55575	-8.1372261E-002
2.55725	6.1929226E-002
2.55875	1.0440493E-001
2.56025	1.3968611E-001
2.56175	2.4425364E-001
2.56325	2.2000694E-001
2.56475	2.2029924E-001
2.56625	1.6483402E-001
2.56775	2.1489286E-001
2.56925	1.3329458E-001
2.57075	1.1458158E-001
2.57225	4.8965931E-002
2.57375	-2.1372318E-002
2.57525	-2.5246620E-002
2.57675	-6.3168049E-002
2.57825	-9.7700119E-002
2.57975	-1.5347958E-001
2.58125	-1.2707520E-001
2.58275	-1.2396336E-001
2.58425	-1.9982386E-001
2.58575	-2.4775553E-001
2.58725	-1.7713308E-001
2.58875	-1.8571091E-001
2.59025	-1.4844704E-001
2.59175	-1.5921259E-001
2.59325	-1.6228914E-001
2.59475	-9.9442005E-002
2.59625	-1.0303450E-001
2.59775	-7.9728127E-002
2.59925	-2.7065754E-002
2.60075	3.3880234E-002
2.60225	1.0090208E-001
2.60375	7.7665806E-002
2.60525	8.5103035E-002
2.60675	6.5348148E-002
2.60825	-4.0338516E-002
2.60975	-7.5865269E-002
2.61125	-7.3656559E-002
2.61275	-1.1257601E-001
2.61425	-1.2355995E-001
2.61575	-1.4041662E-001
2.61725	-2.2409821E-001
2.61875	-2.5808334E-001
2.62025	-1.9686317E-001
2.62175	-1.8124104E-001
2.62325	-1.6255713E-001
2.62475	-1.3862419E-001
2.62625	-1.0948324E-001
2.62775	-8.1891060E-002
2.62925	-8.0695629E-002
2.63075	-9.1162682E-002
2.63225	-9.8895550E-002
2.63375	-1.1355448E-001
2.63525	-1.1006165E-001
2.63675	-8.2193375E-002
2.63825	-7.5055122E-002
2.63975	-7.6519012E-002
2.64125	-6.2075615E-002
2.64275	-4.9839020E-002
2.64425	-4.2876720E-002
2.64575	-6.7553043E-002
2.64725	-6.6915035E-002
2.64875	-4.9472332E-002
2.65025	-4.6606064E-002
2.65175	-3.6531925E-002
2.65325	-4.0326118E-002
2.65475	-2.1228790E-002
2.65625	-3.0846596E-003
2.65775	8.7881088E-003
2.65925	1.2190819E-002
2.66075	1.5110016E-002
2.66225	3.1986237E-002
2.66375	2.8457642E-002
2.66525	2.8668880E-002
2.66675	2.4847031E-002
2.66825	2.2141457E-002
2.66975	2.1489143E-002
2.67125	2.6710987E-002
2.67275	3.7348747E-002
2.67425	2.8706551E-002
2.67575	3.0732155E-002
2.67725	5.9684753E-002
2.67875	7.8248501E-002
2.68025	7.2997093E-002
2.68175	8.7614059E-002
2.68325	1.1245823E-001
2.68475	1.6031218E-001
2.68625	1.6419792E-001
2.68775	1.8833160E-001
2.68925	2.3822355E-001
2.69075	3.1121445E-001
2.69225	3.4017563E-001
2.69375	3.4072638E-001
2.69525	4.0085411E-001
2.69675	4.3000603E-001
2.69825	4.9531460E-001
2.69975	4.8469353E-001
2.70125	4.4431257E-001
2.70275	3.5818577E-001
2.70425	3.0643463E-001
2.70575	2.3762846E-001
2.70725	3.5162926E-002
2.70875	-9.6027851E-002
2.71025	-3.0591011E-002
2.71175	4.3573380E-002
2.71325	5.7183266E-002
2.71475	9.4501495E-002
2.71625	1.4925766E-001
2.71775	1.2293577E-001
2.71925	6.6460609E-002
2.72075	7.3621273E-002
2.72225	2.5012493E-002
2.72375	4.7736168E-002
2.72525	1.2127733E-001
2.72675	2.1620846E-001
2.72825	2.9396582E-001
2.72975	2.6917315E-001
2.73125	3.3907890E-001
2.73275	3.5045052E-001
2.73425	2.5248814E-001
2.73575	1.6031837E-001
2.73725	1.0789156E-001
2.73875	1.3394308E-001
2.74025	1.0069609E-001
2.74175	1.1196852E-001
2.74325	6.0482979E-002
2.74475	1.7306185E-001
2.74625	2.2043991E-001
2.74775	2.2103119E-001
2.74925	2.2098637E-001
2.75075	2.9960060E-001
2.75225	3.6539698E-001
2.75375	2.9657650E-001
2.75525	3.2862520E-001
2.75675	4.1525841E-001
2.75825	4.1110325E-001
2.75975	3.4879351E-001
2.76125	2.7798557E-001
2.76275	2.7523184E-001
2.76425	2.3630285E-001
2.76575	9.8690987E-002
2.76725	1.5223312E-001
2.76875	1.5587473E-001
2.77025	1.6013908E-001
2.77175	2.8932238E-001
2.77325	2.9304743E-001
2.77475	2.9597855E-001
2.77625	2.6027679E-001
2.77775	2.6162863E-001
2.77925	2.6242828E-001
2.78075	1.2455893E-001
2.78225	6.6782475E-002
2.78375	6.6880703E-002
2.78525	6.6922188E-002
2.78675	-8.5830688E-006
2.78825	-2.8610229E-006
2.78975	-9.5367432E-007
2.79125	6.6946030E-002
2.79275	6.6946507E-002
2.79425	1.7609119E-001
2.79575	2.2184849E-001
2.79725	2.6324129E-001
2.79875	2.6324129E-001
2.80025	2.2184849E-001
2.80175	2.2184849E-001
2.80325	1.2493849E-001
2.80475	6.6946507E-002
2.80625	1.7609119E-001
2.80775	1.7609119E-001
2.80925	1.7609119E-001
2.81075	1.7609119E-001
2.81225	2.2184849E-001
2.81375	2.2184849E-001
2.81525	1.2493849E-001
2.81675	1.2493849E-001
2.81825	1.2493849E-001
2.81975	1.2493849E-001
2.82125	6.6946507E-002
2.82275	6.6946507E-002
2.82425	0.0000000E+000
2.82575	0.0000000E+000
2.82725	6.6946507E-002
2.82875	6.6946507E-002
2.83025	6.6946507E-002
2.83175	6.6946507E-002
2.83325	6.6946507E-002
2.83475	6.6946507E-002
2.83625	0.0000000E+000
2.83775	0.0000000E+000
2.83925	0.0000000E+000
2.84075	0.0000000E+000
2.84225	1.2493849E-001
2.84375	1.2493849E-001
2.84525	2.6324129E-001
2.84675	3.0102968E-001
2.84825	3.0102968E-001
2.84975	3.0102968E-001
2.85125	2.2184849E-001
2.85275	2.2184849E-001
2.85425	6.6946507E-002
2.85575	0.0000000E+000
2.85725	0.0000000E+000
2.85875	0.0000000E+000
2.86025	0.0000000E+000
2.86175	0.0000000E+000
2.86325	0.0000000E+000
2.86475	0.0000000E+000
2.86625	0.0000000E+000
2.86775	0.0000000E+000
2.86925	6.6946507E-002
2.87075	6.6946507E-002
2.87225	6.6946507E-002
2.87375	6.6946507E-002
2.87525	6.6946507E-002
2.87675	6.6946507E-002
2.87825	0.0000000E+000
2.87975	6.6946507E-002
2.88125	6.6946507E-002
2.88275	1.2493849E-001
2.88425	1.7609119E-001
2.88575	1.7609119E-001
2.88725	1.7609119E-001
2.88875	1.2493849E-001
2.89025	1.2493849E-001
2.89175	6.6946507E-002
2.89325	0.0000000E+000
2.89475	0.0000000E+000
2.89625	0.0000000E+000
2.89775	0.0000000E+000
2.89925	0.0000000E+000
2.90075	6.6946507E-002
2.90225	6.6946507E-002
2.90375	1.7609119E-001
2.90525	2.2184849E-001
2.90675	2.2184849E-001
2.90825	2.2184849E-001
2.90975	1.7609119E-001
2.91125	2.6324129E-001
2.91275	1.7609119E-001
2.91425	1.2493849E-001
2.91575	1.2493849E-001
2.91725	1.2493849E-001
2.91875	1.2493849E-001
2.92025	0.0000000E+000
2.92175	0.0000000E+000
2.92325	0.0000000E+000
2.92475	0.0000000E+000
2.92625	6.6946507E-002
2.92775	6.6946507E-002
2.92925	6.6946507E-002
2.93075	6.6946507E-002
2.93225	6.6946507E-002
2.93375	6.6946507E-002
2.93525	6.6946507E-002
2.93675	6.6946507E-002
2.93825	6.6946507E-002
2.93975	1.2493849E-001
2.94125	1.2493849E-001
2.94275	1.2493849E-001
2.94425	6.6946507E-002
2.94575	6.6946507E-002
2.94725	6.6946507E-002
2.94875	0.0000000E+000
2.95025	0.0000000E+000
2.95175	0.0000000E+000
2.95325	0.0000000E+000
2.95475	0.0000000E+000
2.95625	0.0000000E+000
2.95775	0.0000000E+000
2.95925	0.0000000E+000
2.96075	0.0000000E+000
2.96225	0.0000000E+000
2.96375	0.0000000E+000
2.96525	0.0000000E+000
2.96675	0.0000000E+000
2.96825	6.6946507E-002
2.96975	6.6946507E-002
2.97125	6.6946507E-002
2.97275	6.6946507E-002
2.97425	6.6946507E-002
2.97575	6.6946507E-002
2.97725	0.0000000E+000
2.97875	0.0000000E+000
2.98025	0.0000000E+000
2.98175	6.6946507E-002
2.98325	6.6946507E-002
2.98475	6.6946507E-002
2.98625	6.6946507E-002
2.98775	6.6946507E-002
2.98925	6.6946507E-002
2.99075	0.0000000E+000
2.99225	0.0000000E+000
2.99375	0.0000000E+000
2.99525	0.0000000E+000
2.99675	0.0000000E+000
2.99825	0.0000000E+000
2.99975	0.0000000E+000
3.00125	0.0000000E+000
3.00275	0.0000000E+000
3.00425	0.0000000E+000
3.00575	6.6946507E-002
3.00725	6.6946507E-002
3.00875	6.6946507E-002
3.01025	6.6946507E-002
3.01175	6.6946507E-002
3.01325	6.6946507E-002
3.01475	0.0000000E+000
3.01625	0.0000000E+000
3.01775	0.0000000E+000
3.01925	6.6946507E-002
3.02075	6.6946507E-002
3.02225	6.6946507E-002
3.02375	6.6946507E-002
3.02525	6.6946507E-002
3.02675	6.6946507E-002
3.02825	0.0000000E+000
3.02975	0.0000000E+000
3.03125	0.0000000E+000
3.03275	0.0000000E+000
3.03425	0.0000000E+000
3.03575	0.0000000E+000
3.03725	0.0000000E+000
3.03875	6.6946507E-002
3.04025	6.6946507E-002
3.04175	1.7609119E-001
3.04325	1.7609119E-001
3.04475	1.7609119E-001
3.04625	1.7609119E-001
3.04775	1.2493849E-001
3.04925	1.2493849E-001
3.05075	0.0000000E+000
3.05225	0.0000000E+000
3.05375	0.0000000E+000
3.05525	0.0000000E+000
3.05675	0.0000000E+000
3.05825	0.0000000E+000
3.05975	0.0000000E+000
3.06125	1.2493849E-001
3.06275	1.2493849E-001
3.06425	1.2493849E-001
3.06575	1.2493849E-001
3.06725	1.2493849E-001
3.06875	1.2493849E-001
3.07025	0.0000000E+000
3.07175	0.0000000E+000
3.07325	0.0000000E+000
3.07475	0.0000000E+000
3.07625	0.0000000E+000
3.07775	0.0000000E+000
3.07925	0.0000000E+000
3.08075	0.0000000E+000
3.08225	0.0000000E+000
3.08375	1.2493849E-001
3.08525	1.7609119E-001
3.08675	1.7609119E-001
3.08825	1.7609119E-001
3.08975	2.2184849E-001
3.09125	2.2184849E-001
3.09275	1.2493849E-001
3.09425	6.6946507E-002
3.09575	6.6946507E-002
3.09725	6.6946507E-002
3.09875	1.2493849E-001
3.10025	1.2493849E-001
3.10175	1.2493849E-001
3.10325	1.2493849E-001
3.10475	1.2493849E-001
3.10625	1.7609119E-001
3.10775	6.6946507E-002
3.10925	1.2493849E-001
3.11075	3.0102968E-001
3.11225	3.0102968E-001
3.11375	3.0102968E-001
3.11525	2.6324129E-001
3.11675	2.6324129E-001
3.11825	2.2184849E-001
3.11975	0.0000000E+000
3.12125	0.0000000E+000
3.12275	0.0000000E+000
3.12425	0.0000000E+000
3.12575	0.0000000E+000
3.12725	0.0000000E+000
3.12875	0.0000000E+000
3.13025	6.6946507E-002
3.13175	6.6946507E-002
3.13325	6.6946507E-002
3.13475	6.6946507E-002
3.13625	6.6946507E-002
3.13775	6.6946507E-002
3.13925	6.6946507E-002
3.14075	1.7609119E-001
3.14225	1.7609119E-001
3.14375	1.7609119E-001
3.14525	1.7609119E-001
3.14675	1.7609119E-001
3.14825	1.7609119E-001
3.14975	6.6946507E-002
3.15125	6.6946507E-002
3.15275	6.6946507E-002
3.15425	6.6946507E-002
3.15575	1.2493849E-001
3.15725	6.6946507E-002
3.15875	6.6946507E-002
3.16025	6.6946507E-002
3.16175	6.6946507E-002
3.16325	6.6946507E-002
3.16475	0.0000000E+000
3.16625	0.0000000E+000
3.16775	1.2493849E-001
3.16925	1.2493849E-001
3.17075	1.7609119E-001
3.17225	1.7609119E-001
3.17375	1.7609119E-001
3.17525	1.7609119E-001
3.17675	6.6946507E-002
3.17825	6.6946507E-002
3.17975	0.0000000E+000
3.18125	0.0000000E+000
3.18275	0.0000000E+000
3.18425	0.0000000E+000
3.18575	0.0000000E+000
3.18725	1.2493849E-001
3.18875	1.2493849E-001
3.19025	1.2493849E-001
3.19175	1.2493849E-001
3.19325	1.2493849E-001
3.19475	1.2493849E-001
3.19625	0.0000000E+000
3.19775	0.0000000E+000
3.19925	0.0000000E+000
3.20075	0.0000000E+000
3.20225	0.0000000E+000
3.20375	0.0000000E+000
3.20525	1.7609119E-001
3.20675	1.7609119E-001
3.20825	1.7609119E-001
3.20975	1.7609119E-001
3.21125	2.2184849E-001
3.21275	2.2184849E-001
3.21425	6.6946507E-002
3.21575	6.6946507E-002
3.21725	6.6946507E-002
3.21875	6.6946507E-002
3.22025	0.0000000E+000
3.22175	0.0000000E+000
3.22325	0.0000000E+000
3.22475	0.0000000E+000
3.22625	1.2493849E-001
3.22775	1.2493849E-001
3.22925	1.2493849E-001
3.23075	1.2493849E-001
3.23225	1.2493849E-001
3.23375	1.2493849E-001
3.23525	0.0000000E+000
3.23675	0.0000000E+000
3.23825	0.0000000E+000
3.23975	0.0000000E+000
3.24125	6.6946507E-002
3.24275	1.2493849E-001
3.24425	1.2493849E-001
3.24575	1.7609119E-001
3.24725	2.2184849E-001
3.24875	3.9793968E-001
3.25025	3.6797667E-001
3.25175	3.3579206E-001
3.25325	3.6797667E-001
3.25475	3.3579206E-001
3.25625	3.3579206E-001
3.25775	1.7609119E-001
3.25925	1.7609119E-001
3.26075	1.7609119E-001
3.26225	1.2493849E-001
3.26375	1.2493849E-001
3.26525	6.6946507E-002
3.26675	0.0000000E+000
3.26825	0.0000000E+000
3.26975	0.0000000E+000
3.27125	0.0000000E+000
3.27275	0.0000000E+000
3.27425	0.0000000E+000
3.27575	0.0000000E+000
3.27725	0.0000000E+000
3.27875	0.0000000E+000
3.28025	6.6946507E-002
3.28175	6.6946507E-002
3.28325	6.6946507E-002
3.28475	6.6946507E-002
3.28625	6.6946507E-002
3.28775	6.6946507E-002
3.28925	0.0000000E+000
3.29075	0.0000000E+000
3.29225	0.0000000E+000
3.29375	0.0000000E+000
3.29525	0.0000000E+000
3.29675	0.0000000E+000
3.29825	0.0000000E+000
3.29975	6.6946507E-002
3.30125	6.6946507E-002
3.30275	6.6946507E-002
3.30425	6.6946507E-002
3.30575	6.6946507E-002
3.30725	6.6946507E-002
3.30875	0.0000000E+000
3.31025	1.2493849E-001
3.31175	1.2493849E-001
3.31325	1.2493849E-001
3.31475	1.7609119E-001
3.31625	1.7609119E-001
3.31775	1.7609119E-001
3.31925	6.6946507E-002
3.32075	6.6946507E-002
3.32225	6.6946507E-002
3.32375	0.0000000E+000
3.32525	0.0000000E+000
3.32675	0.0000000E+000
3.32825	0.0000000E+000
3.32975	0.0000000E+000
3.33125	0.0000000E+000
3.33275	0.0000000E+000
3.33425	0.0000000E+000
3.33575	0.0000000E+000
3.33725	1.2493849E-001
3.33875	1.2493849E-001
3.34025	1.7609119E-001
3.34175	2.6324129E-001
3.34325	2.6324129E-001
3.34475	2.6324129E-001
3.34625	1.7609119E-001
3.34775	2.2184849E-001
3.34925	1.7609119E-001
3.35075	1.2493849E-001
3.35225	1.2493849E-001
3.35375	1.2493849E-001
3.35525	1.2493849E-001
3.35675	6.6946507E-002
3.35825	6.6946507E-002
3.35975	6.6946507E-002
3.36125	6.6946507E-002
3.36275	6.6946507E-002
3.36425	6.6946507E-002
3.36575	6.6946507E-002
3.36725	1.2493849E-001
3.36875	1.2493849E-001
3.37025	1.2493849E-001
3.37175	1.2493849E-001
3.37325	2.2184849E-001
3.37475	2.2184849E-001
3.37625	1.7609119E-001
3.37775	1.2493849E-001
3.37925	1.7609119E-001
3.38075	1.7609119E-001
3.38225	1.2493849E-001
3.38375	1.2493849E-001
3.38525	1.7609119E-001
3.38675	1.7609119E-001
3.38825	1.2493849E-001
3.38975	1.7609119E-001
3.39125	2.2184849E-001
3.39275	2.2184849E-001
3.39425	2.6324129E-001
3.39575	2.6324129E-001
3.39725	2.6324129E-001
3.39875	2.2184849E-001
3.40025	1.2493849E-001
3.40175	1.7609119E-001
3.40325	6.6946507E-002
3.40475	6.6946507E-002
3.40625	6.6946507E-002
3.40775	6.6946507E-002
3.40925	2.2184849E-001
3.41075	1.7609119E-001
3.41225	1.7609119E-001
3.41375	1.7609119E-001
3.41525	1.7609119E-001
3.41675	2.2184849E-001
3.41825	6.6946507E-002
3.41975	1.2493849E-001
3.42125	1.7609119E-001
3.42275	1.7609119E-001
3.42425	2.6324129E-001
3.42575	2.6324129E-001
3.42725	3.0102968E-001
3.42875	2.6324129E-001
3.43025	2.2184849E-001
3.43175	2.2184849E-001
3.43325	2.2184849E-001
3.43475	2.6324129E-001
3.43625	2.2184849E-001
3.43775	2.2184849E-001
3.43925	2.2184849E-001
3.44075	2.6324129E-001
3.44225	1.7609119E-001
3.44375	6.6946507E-002
3.44525	6.6946507E-002
3.44675	6.6946507E-002
3.44825	6.6946507E-002
3.44975	6.6946507E-002
3.45125	1.7609119E-001
3.45275	1.7609119E-001
3.45425	2.2184849E-001
3.45575	2.6324129E-001
3.45725	2.6324129E-001
3.45875	2.6324129E-001
3.46025	1.7609119E-001
3.46175	3.3579206E-001
3.46325	3.0102968E-001
3.46475	3.9793968E-001
3.46625	3.9793968E-001
3.46775	4.5229769E-001
3.46925	4.5229769E-001
3.47075	3.3579206E-001
3.47225	3.6797667E-001
3.47375	2.6324129E-001
3.47525	3.3579206E-001
3.47675	3.0102968E-001
3.47825	3.3579206E-001
3.47975	3.3579206E-001
3.48125	4.2596865E-001
3.48275	3.9793968E-001
3.48425	3.3579206E-001
3.48575	2.6324129E-001
3.48725	2.6324129E-001
3.48875	3.9793968E-001
3.49025	3.0102968E-001
3.49175	3.3579159E-001
3.49325	3.3579063E-001
3.49475	3.3578682E-001
3.49625	3.0101299E-001
3.49775	1.2488937E-001
3.49925	1.2480354E-001
3.50075	6.6946507E-002
3.50225	1.2493849E-001
3.50375	3.0102968E-001
3.50525	3.3579206E-001
3.50675	4.5229769E-001
3.50825	4.5229769E-001
3.50975	5.8357668E-001
3.51125	6.8424654E-001
3.51275	7.2681236E-001
3.51425	8.0862951E-001
3.51575	8.4324169E-001
3.51725	9.5457649E-001
3.51875	9.7712755E-001
3.52025	9.5374155E-001
3.52175	9.2842817E-001
3.52325	9.1621399E-001
3.52475	9.0313959E-001
3.52625	8.7567234E-001
3.52775	8.4822655E-001
3.52925	8.4977198E-001
3.53075	8.7920713E-001
3.53225	8.7834787E-001
3.53375	8.5614300E-001
3.53525	8.0351973E-001
3.53675	7.6380444E-001
3.53825	7.7775335E-001
3.53975	7.5777102E-001
3.54125	6.9739485E-001
3.54275	7.3151922E-001
3.54425	7.4286604E-001
3.54575	7.4023294E-001
3.54725	7.3995972E-001
3.54875	6.6975737E-001
3.55025	7.2221899E-001
3.55175	7.3197031E-001
3.55325	6.7038822E-001
3.55475	6.6282892E-001
3.55625	6.0625935E-001
3.55775	6.0509062E-001
3.55925	5.4525423E-001
3.56075	3.5870981E-001
3.56225	3.6511660E-001
3.56375	3.3579206E-001
3.56525	2.2184849E-001
3.56675	3.0102968E-001
3.56825	2.2184849E-001
3.56975	1.7609119E-001
3.57125	1.7609119E-001
3.57275	1.7609119E-001
3.57425	1.2493849E-001
3.57575	0.0000000E+000
3.57725	0.0000000E+000
3.57875	0.0000000E+000
3.58025	0.0000000E+000
3.58175	0.0000000E+000
3.58325	1.2493849E-001
3.58475	1.2493849E-001
3.58625	1.2493849E-001
3.58775	1.2493849E-001
3.58925	1.2493849E-001
3.59075	1.2493849E-001
3.59225	0.0000000E+000
3.59375	0.0000000E+000
3.59525	0.0000000E+000
3.59675	6.6946507E-002
3.59825	6.6946507E-002
3.59975	6.6946507E-002
